 0,0000;     266
 0,0200;     266
 0,0400;     180
 0,0600;     111
 0,0799;      67
 0,0999;      32
 0,1199;      17
 0,1399;       8
 0,1599;       2
 0,1799;       3
 0,1999;       0
 0,2199;       1
 0,2398;       0
 0,2598;       0
 0,2798;       0
 0,2998;       1
 0,3198;       0
 0,3398;       0
 0,3598;       0
 0,3798;       0
 0,3997;       0
 0,4197;       0
 0,4397;       0
 0,4597;       0
 0,4797;       0
 0,4997;       0
 0,5197;       0
 0,5397;       2
 0,5596;       8
 0,5796;      26
 0,5996;      62
 0,6196;     120
 0,6396;     186
 0,6596;     208
 0,6796;     237
 0,6996;     232
 0,7195;     235
 0,7395;     207
 0,7595;     206
 0,7795;     235
 0,7995;     237
 0,8195;     199
 0,8395;     219
 0,8595;     210
 0,8794;     204
 0,8994;     180
 0,9194;     176
 0,9394;     198
 0,9594;     192
 0,9794;     198
 0,9994;     183
 1,0194;     172
 1,0393;     140
 1,0593;     161
 1,0793;     168
 1,0993;     161
 1,1193;     188
 1,1393;     166
 1,1593;     169
 1,1793;     180
 1,1992;     166
 1,2192;     154
 1,2392;     168
 1,2592;     162
 1,2792;     173
 1,2992;     176
 1,3192;     141
 1,3392;     160
 1,3591;     152
 1,3791;     155
 1,3991;     184
 1,4191;     158
 1,4391;     167
 1,4591;     153
 1,4791;     169
 1,4991;     179
 1,5190;     149
 1,5390;     162
 1,5590;     151
 1,5790;     143
 1,5990;     166
 1,6190;     163
 1,6390;     169
 1,6590;     178
 1,6789;     188
 1,6989;     198
 1,7189;     195
 1,7389;     232
 1,7589;     225
 1,7789;     194
 1,7989;     203
 1,8189;     210
 1,8388;     183
 1,8588;     169
 1,8788;     169
 1,8988;     179
 1,9188;     176
 1,9388;     137
 1,9588;     176
 1,9788;     196
 1,9987;     185
 2,0187;     183
 2,0387;     171
 2,0587;     162
 2,0787;     184
 2,0987;     171
 2,1187;     163
 2,1387;     150
 2,1586;     159
 2,1786;     184
 2,1986;     200
 2,2186;     205
 2,2386;     188
 2,2586;     244
 2,2786;     255
 2,2986;     227
 2,3185;     245
 2,3385;     261
 2,3585;     272
 2,3785;     218
 2,3985;     243
 2,4185;     244
 2,4385;     236
 2,4585;     232
 2,4784;     273
 2,4984;     297
 2,5184;     311
 2,5384;     369
 2,5584;     459
 2,5784;     609
 2,5984;     710
 2,6184;     796
 2,6383;     850
 2,6583;     992
 2,6783;    1006
 2,6983;    1016
 2,7183;     914
 2,7383;     956
 2,7583;     876
 2,7783;     858
 2,7982;     844
 2,8182;     819
 2,8382;     823
 2,8582;     857
 2,8782;     787
 2,8982;     799
 2,9182;     813
 2,9382;     797
 2,9581;     715
 2,9781;     701
 2,9981;     646
 3,0181;     577
 3,0381;     466
 3,0581;     427
 3,0781;     329
 3,0981;     321
 3,1180;     305
 3,1380;     261
 3,1580;     312
 3,1780;     318
 3,1980;     298
 3,2180;     295
 3,2380;     298
 3,2580;     338
 3,2779;     327
 3,2979;     339
 3,3179;     346
 3,3379;     342
 3,3579;     341
 3,3779;     334
 3,3979;     312
 3,4179;     275
 3,4378;     274
 3,4578;     288
 3,4778;     307
 3,4978;     406
 3,5178;     474
 3,5378;     588
 3,5578;     738
 3,5778;     969
 3,5977;    1196
 3,6177;    1423
 3,6377;    1670
 3,6577;    1842
 3,6777;    1959
 3,6977;    1955
 3,7177;    1710
 3,7377;    1616
 3,7576;    1376
 3,7776;    1122
 3,7976;     926
 3,8176;     730
 3,8376;     685
 3,8576;     639
 3,8776;     573
 3,8976;     573
 3,9175;     544
 3,9375;     539
 3,9575;     609
 3,9775;     600
 3,9975;     575
 4,0175;     574
 4,0375;     579
 4,0575;     552
 4,0774;     472
 4,0974;     448
 4,1174;     370
 4,1374;     363
 4,1574;     344
 4,1774;     332
 4,1974;     269
 4,2174;     274
 4,2373;     267
 4,2573;     314
 4,2773;     303
 4,2973;     264
 4,3173;     283
 4,3373;     297
 4,3573;     350
 4,3773;     332
 4,3972;     347
 4,4172;     378
 4,4372;     387
 4,4572;     376
 4,4772;     441
 4,4972;     416
 4,5172;     404
 4,5372;     416
 4,5571;     410
 4,5771;     418
 4,5971;     368
 4,6171;     352
 4,6371;     374
 4,6571;     362
 4,6771;     354
 4,6971;     326
 4,7170;     320
 4,7370;     299
 4,7570;     318
 4,7770;     322
 4,7970;     347
 4,8170;     351
 4,8370;     357
 4,8570;     385
 4,8769;     379
 4,8969;     420
 4,9169;     423
 4,9369;     442
 4,9569;     452
 4,9769;     409
 4,9969;     434
 5,0169;     397
 5,0368;     421
 5,0568;     384
 5,0768;     365
 5,0968;     362
 5,1168;     356
 5,1368;     346
 5,1568;     351
 5,1768;     353
 5,1967;     368
 5,2167;     400
 5,2367;     387
 5,2567;     410
 5,2767;     390
 5,2967;     393
 5,3167;     416
 5,3367;     428
 5,3566;     433
 5,3766;     452
 5,3966;     429
 5,4166;     426
 5,4366;     469
 5,4566;     490
 5,4766;     439
 5,4966;     477
 5,5165;     436
 5,5365;     417
 5,5565;     442
 5,5765;     459
 5,5965;     413
 5,6165;     423
 5,6365;     372
 5,6564;     430
 5,6764;     431
 5,6964;     421
 5,7164;     459
 5,7364;     420
 5,7564;     412
 5,7764;     450
 5,7964;     485
 5,8163;     456
 5,8363;     471
 5,8563;     504
 5,8763;     528
 5,8963;     519
 5,9163;     523
 5,9363;     515
 5,9563;     511
 5,9762;     538
 5,9962;     500
 6,0162;     502
 6,0362;     509
 6,0562;     520
 6,0762;     541
 6,0962;     549
 6,1162;     590
 6,1361;     583
 6,1561;     634
 6,1761;     756
 6,1961;     893
 6,2161;    1103
 6,2361;    1535
 6,2561;    1889
 6,2761;    2603
 6,2960;    3261
 6,3160;    4172
 6,3360;    5092
 6,3560;    5896
 6,3760;    6440
 6,3960;    6619
 6,4160;    6645
 6,4360;    6170
 6,4559;    5385
 6,4759;    4390
 6,4959;    3491
 6,5159;    2591
 6,5359;    1950
 6,5559;    1391
 6,5759;    1069
 6,5959;     860
 6,6158;     749
 6,6358;     667
 6,6558;     653
 6,6758;     642
 6,6958;     658
 6,7158;     619
 6,7358;     645
 6,7558;     678
 6,7757;     662
 6,7957;     709
 6,8157;     677
 6,8357;     709
 6,8557;     748
 6,8757;     823
 6,8957;     874
 6,9157;     930
 6,9356;     974
 6,9556;    1114
 6,9756;    1237
 6,9956;    1361
 7,0156;    1550
 7,0356;    1673
 7,0556;    1678
 7,0756;    1645
 7,0955;    1510
 7,1155;    1479
 7,1355;    1342
 7,1555;    1163
 7,1755;    1093
 7,1955;    1048
 7,2155;     896
 7,2355;     987
 7,2554;     924
 7,2754;     913
 7,2954;    1051
 7,3154;    1029
 7,3354;    1138
 7,3554;    1250
 7,3754;    1348
 7,3954;    1607
 7,4153;    1663
 7,4353;    1809
 7,4553;    1975
 7,4753;    1953
 7,4953;    1900
 7,5153;    1913
 7,5353;    1842
 7,5553;    1619
 7,5752;    1599
 7,5952;    1458
 7,6152;    1364
 7,6352;    1396
 7,6552;    1365
 7,6752;    1369
 7,6952;    1434
 7,7152;    1596
 7,7351;    1801
 7,7551;    2042
 7,7751;    2726
 7,7951;    3587
 7,8151;    5379
 7,8351;    8566
 7,8551;   14127
 7,8751;   22816
 7,8950;   35930
 7,9150;   53231
 7,9350;   75544
 7,9550;  101666
 7,9750;  129557
 7,9950;  154245
 8,0150;  174015
 8,0350;  184957
 8,0549;  186171
 8,0749;  175728
 8,0949;  157097
 8,1149;  132073
 8,1349;  103870
 8,1549;   77178
 8,1749;   55072
 8,1949;   36577
 8,2148;   23619
 8,2348;   14230
 8,2548;    8501
 8,2748;    5139
 8,2948;    3296
 8,3148;    2241
 8,3348;    1603
 8,3548;    1274
 8,3747;    1145
 8,3947;    1035
 8,4147;     965
 8,4347;     967
 8,4547;     949
 8,4747;     988
 8,4947;    1010
 8,5147;    1001
 8,5346;    1065
 8,5546;    1089
 8,5746;    1215
 8,5946;    1281
 8,6146;    1319
 8,6346;    1510
 8,6546;    1679
 8,6746;    2012
 8,6945;    2561
 8,7145;    3375
 8,7345;    4684
 8,7545;    6613
 8,7745;    9128
 8,7945;   12443
 8,8145;   16040
 8,8345;   19996
 8,8544;   23803
 8,8744;   26486
 8,8944;   28826
 8,9144;   28722
 8,9344;   27560
 8,9544;   25192
 8,9744;   21754
 8,9944;   17727
 9,0143;   13518
 9,0343;   10078
 9,0543;    6981
 9,0743;    4739
 9,0943;    2972
 9,1143;    1916
 9,1343;    1205
 9,1543;     780
 9,1742;     562
 9,1942;     395
 9,2142;     369
 9,2342;     316
 9,2542;     268
 9,2742;     269
 9,2942;     270
 9,3142;     230
 9,3341;     223
 9,3541;     231
 9,3741;     240
 9,3941;     241
 9,4141;     281
 9,4341;     268
 9,4541;     238
 9,4741;     228
 9,4940;     263
 9,5140;     241
 9,5340;     212
 9,5540;     244
 9,5740;     253
 9,5940;     227
 9,6140;     236
 9,6340;     246
 9,6539;     209
 9,6739;     234
 9,6939;     224
 9,7139;     196
 9,7339;     248
 9,7539;     195
 9,7739;     179
 9,7939;     237
 9,8138;     205
 9,8338;     177
 9,8538;     212
 9,8738;     208
 9,8938;     199
 9,9138;     210
 9,9338;     187
 9,9538;     203
 9,9737;     199
 9,9937;     213
10,0137;     207
10,0337;     207
10,0537;     203
10,0737;     207
10,0937;     190
10,1137;     194
10,1336;     181
10,1536;     187
10,1736;     181
10,1936;     205
10,2136;     190
10,2336;     179
10,2536;     166
10,2736;     200
10,2935;     228
10,3135;     241
10,3335;     245
10,3535;     269
10,3735;     308
10,3935;     366
10,4135;     415
10,4335;     496
10,4534;     610
10,4734;     657
10,4934;     753
10,5134;     869
10,5334;     889
10,5534;     841
10,5734;     806
10,5934;     813
10,6133;     666
10,6333;     611
10,6533;     523
10,6733;     418
10,6933;     374
10,7133;     343
10,7333;     289
10,7533;     278
10,7732;     224
10,7932;     243
10,8132;     186
10,8332;     205
10,8532;     203
10,8732;     216
10,8932;     197
10,9132;     195
10,9331;     195
10,9531;     190
10,9731;     185
10,9931;     192
11,0131;     184
11,0331;     187
11,0531;     211
11,0731;     192
11,0930;     171
11,1130;     186
11,1330;     179
11,1530;     171
11,1730;     154
11,1930;     182
11,2130;     161
11,2330;     183
11,2529;     169
11,2729;     144
11,2929;     188
11,3129;     186
11,3329;     156
11,3529;     161
11,3729;     161
11,3928;     188
11,4128;     161
11,4328;     157
11,4528;     158
11,4728;     178
11,4928;     173
11,5128;     172
11,5328;     176
11,5527;     183
11,5727;     189
11,5927;     206
11,6127;     205
11,6327;     216
11,6527;     222
11,6727;     232
11,6927;     280
11,7126;     253
11,7326;     281
11,7526;     280
11,7726;     308
11,7926;     291
11,8126;     227
11,8326;     219
11,8526;     233
11,8725;     193
11,8925;     198
11,9125;     163
11,9325;     185
11,9525;     176
11,9725;     175
11,9925;     171
12,0125;     168
12,0324;     156
12,0524;     166
12,0724;     167
12,0924;     160
12,1124;     175
12,1324;     178
12,1524;     151
12,1724;     144
12,1923;     161
12,2123;     162
12,2323;     148
12,2523;     163
12,2723;     144
12,2923;     141
12,3123;     149
12,3323;     155
12,3522;     159
12,3722;     142
12,3922;     157
12,4122;     190
12,4322;     200
12,4522;     191
12,4722;     180
12,4922;     208
12,5121;     248
12,5321;     274
12,5521;     274
12,5721;     296
12,5921;     310
12,6121;     288
12,6321;     328
12,6521;     298
12,6720;     334
12,6920;     298
12,7120;     298
12,7320;     251
12,7520;     210
12,7720;     196
12,7920;     188
12,8120;     166
12,8319;     177
12,8519;     184
12,8719;     155
12,8919;     159
12,9119;     149
12,9319;     148
12,9519;     115
12,9719;     169
12,9918;     172
13,0118;     144
13,0318;     145
13,0518;     157
13,0718;     129
13,0918;     177
13,1118;     132
13,1318;     140
13,1517;     136
13,1717;     125
13,1917;     153
13,2117;     150
13,2317;     124
13,2517;     132
13,2717;     135
13,2917;     116
13,3116;     138
13,3316;     124
13,3516;     138
13,3716;     142
13,3916;     124
13,4116;     132
13,4316;     137
13,4516;     129
13,4715;     121
13,4915;     122
13,5115;     123
13,5315;     115
13,5515;     123
13,5715;     137
13,5915;     134
13,6115;     121
13,6314;     127
13,6514;     128
13,6714;     113
13,6914;     148
13,7114;     144
13,7314;     104
13,7514;     128
13,7714;     131
13,7913;     129
13,8113;     142
13,8313;     125
13,8513;     130
13,8713;     131
13,8913;     110
13,9113;     113
13,9313;     127
13,9512;     110
13,9712;     136
13,9912;     147
14,0112;     121
14,0312;     124
14,0512;     105
14,0712;     108
14,0912;     156
14,1111;     131
14,1311;     111
14,1511;     126
14,1711;     141
14,1911;     128
14,2111;     125
14,2311;     128
14,2511;     130
14,2710;     155
14,2910;     143
14,3110;     174
14,3310;     167
14,3510;     202
14,3710;     205
14,3910;     250
14,4110;     236
14,4309;     269
14,4509;     274
14,4709;     301
14,4909;     257
14,5109;     255
14,5309;     228
14,5509;     240
14,5709;     224
14,5908;     193
14,6108;     188
14,6308;     147
14,6508;     185
14,6708;     142
14,6908;     147
14,7108;     144
14,7308;     169
14,7507;     137
14,7707;     115
14,7907;     153
14,8107;     122
14,8307;     135
14,8507;     129
14,8707;     134
14,8907;     120
14,9106;     117
14,9306;     118
14,9506;     130
14,9706;     140
14,9906;     122
15,0106;     142
15,0306;     148
15,0506;     142
15,0705;     144
15,0905;     135
15,1105;     160
15,1305;     148
15,1505;     157
15,1705;     151
15,1905;     175
15,2105;     151
15,2304;     175
15,2504;     138
15,2704;     168
15,2904;     154
15,3104;     141
15,3304;     150
15,3504;     167
15,3704;     149
15,3903;     149
15,4103;     112
15,4303;     135
15,4503;     121
15,4703;     156
15,4903;     148
15,5103;     156
15,5303;     161
15,5502;     153
15,5702;     135
15,5902;     145
15,6102;     145
15,6302;     152
15,6502;     141
15,6702;     154
15,6902;     133
15,7101;     149
15,7301;     130
15,7501;     114
15,7701;     153
15,7901;     160
15,8101;     165
15,8301;     197
15,8501;     196
15,8700;     270
15,8900;     327
15,9100;     387
15,9300;     562
15,9500;     748
15,9700;     996
15,9900;    1223
16,0100;    1470
16,0299;    1718
16,0499;    1997
16,0699;    2309
16,0899;    2338
16,1099;    2405
16,1299;    2514
16,1499;    2344
16,1699;    2045
16,1898;    1899
16,2098;    1566
16,2298;    1299
16,2498;    1065
16,2698;     861
16,2898;     660
16,3098;     511
16,3298;     358
16,3497;     281
16,3697;     213
16,3897;     180
16,4097;     135
16,4297;     144
16,4497;     126
16,4697;     115
16,4897;     101
16,5096;     107
16,5296;     121
16,5496;      89
16,5696;     105
16,5896;     113
16,6096;      99
16,6296;     126
16,6496;     116
16,6695;     142
16,6895;     112
16,7095;     146
16,7295;     131
16,7495;     184
16,7695;     215
16,7895;     243
16,8095;     331
16,8294;     385
16,8494;     445
16,8694;     476
16,8894;     574
16,9094;     630
16,9294;     708
16,9494;     718
16,9693;     758
16,9893;     770
17,0093;     747
17,0293;     740
17,0493;     611
17,0693;     582
17,0893;     456
17,1093;     399
17,1292;     327
17,1492;     268
17,1692;     205
17,1892;     195
17,2092;     160
17,2292;     119
17,2492;      93
17,2692;      99
17,2891;      94
17,3091;      69
17,3291;      83
17,3491;      80
17,3691;      81
17,3891;      73
17,4091;      73
17,4291;      60
17,4490;      62
17,4690;      61
17,4890;      80
17,5090;      76
17,5290;      67
17,5490;      65
17,5690;      80
17,5890;      78
17,6089;      81
17,6289;      84
17,6489;      85
17,6689;      88
17,6889;      85
17,7089;      99
17,7289;     107
17,7489;     101
17,7688;     110
17,7888;     112
17,8088;     126
17,8288;     130
17,8488;     133
17,8688;     116
17,8888;     134
17,9088;     112
17,9287;      97
17,9487;      89
17,9687;     111
17,9887;      83
18,0087;      80
18,0287;      91
18,0487;      76
18,0687;      93
18,0886;      83
18,1086;      72
18,1286;      92
18,1486;      75
18,1686;      81
18,1886;      68
18,2086;      65
18,2286;      82
18,2485;      68
18,2685;      95
18,2885;      79
18,3085;      75
18,3285;      76
18,3485;      90
18,3685;      71
18,3885;      84
18,4084;      81
18,4284;      85
18,4484;      97
18,4684;     107
18,4884;     104
18,5084;     112
18,5284;      93
18,5484;     118
18,5683;     137
18,5883;     122
18,6083;     150
18,6283;     136
18,6483;     143
18,6683;     128
18,6883;     140
18,7083;     149
18,7282;     128
18,7482;     143
18,7682;     152
18,7882;     141
18,8082;     164
18,8282;     150
18,8482;     163
18,8682;     186
18,8881;     177
18,9081;     177
18,9281;     171
18,9481;     181
18,9681;     184
18,9881;     198
19,0081;     186
19,0281;     191
19,0480;     195
19,0680;     196
19,0880;     205
19,1080;     188
19,1280;     209
19,1480;     213
19,1680;     165
19,1880;     194
19,2079;     160
19,2279;     161
19,2479;     148
19,2679;     170
19,2879;     157
19,3079;     153
19,3279;     112
19,3479;     127
19,3678;     128
19,3878;     126
19,4078;     118
19,4278;     125
19,4478;     100
19,4678;      86
19,4878;      89
19,5078;      95
19,5277;     109
19,5477;      95
19,5677;      75
19,5877;      83
19,6077;      68
19,6277;      77
19,6477;      85
19,6677;      86
19,6876;      77
19,7076;      73
19,7276;      61
19,7476;      64
19,7676;      66
19,7876;      82
19,8076;      57
19,8276;      67
19,8475;      57
19,8675;      65
19,8875;      80
19,9075;      74
19,9275;      85
19,9475;      85
19,9675;      90
19,9875;     120
20,0074;     128
20,0274;     133
20,0474;     162
20,0674;     139
20,0874;     172
20,1074;     200
20,1274;     225
20,1474;     222
20,1673;     218
20,1873;     244
20,2073;     235
20,2273;     213
20,2473;     224
20,2673;     223
20,2873;     197
20,3073;     168
20,3272;     182
20,3472;     140
20,3672;     119
20,3872;      96
20,4072;      94
20,4272;      99
20,4472;      68
20,4672;      60
20,4871;      63
20,5071;      54
20,5271;      43
20,5471;      48
20,5671;      56
20,5871;      46
20,6071;      56
20,6271;      60
20,6470;      64
20,6670;      66
20,6870;      46
20,7070;      47
20,7270;      46
20,7470;      63
20,7670;      46
20,7870;      62
20,8069;      68
20,8269;      44
20,8469;      68
20,8669;      64
20,8869;      58
20,9069;      61
20,9269;      64
20,9469;      83
20,9668;      80
20,9868;      70
21,0068;      74
21,0268;      86
21,0468;      86
21,0668;      82
21,0868;      80
21,1068;      89
21,1267;      93
21,1467;      98
21,1667;      84
21,1867;      94
21,2067;      91
21,2267;      83
21,2467;      92
21,2667;      89
21,2866;      74
21,3066;      75
21,3266;      72
21,3466;      76
21,3666;      63
21,3866;      61
21,4066;      54
21,4266;      57
21,4465;      53
21,4665;      50
21,4865;      54
21,5065;      72
21,5265;      54
21,5465;      51
21,5665;      46
21,5865;      57
21,6064;      54
21,6264;      56
21,6464;      54
21,6664;      39
21,6864;      63
21,7064;      32
21,7264;      54
21,7464;      49
21,7663;      58
21,7863;      61
21,8063;      41
21,8263;      55
21,8463;      46
21,8663;      50
21,8863;      36
21,9063;      49
21,9262;      50
21,9462;      52
21,9662;      40
21,9862;      45
22,0062;      45
22,0262;      44
22,0462;      50
22,0662;      45
22,0861;      49
22,1061;      41
22,1261;      42
22,1461;      51
22,1661;      50
22,1861;      39
22,2061;      36
22,2261;      49
22,2460;      41
22,2660;      47
22,2860;      42
22,3060;      41
22,3260;      47
22,3460;      37
22,3660;      40
22,3860;      43
22,4059;      42
22,4259;      35
22,4459;      35
22,4659;      27
22,4859;      39
22,5059;      47
22,5259;      41
22,5459;      50
22,5658;      50
22,5858;      44
22,6058;      46
22,6258;      44
22,6458;      50
22,6658;      51
22,6858;      57
22,7057;      64
22,7257;      61
22,7457;      61
22,7657;      53
22,7857;      53
22,8057;      57
22,8257;      57
22,8457;      58
22,8656;      51
22,8856;      47
22,9056;      46
22,9256;      40
22,9456;      38
22,9656;      43
22,9856;      42
23,0056;      35
23,0255;      26
23,0455;      38
23,0655;      28
23,0855;      26
23,1055;      36
23,1255;      37
23,1455;      36
23,1655;      30
23,1854;      29
23,2054;      29
23,2254;      43
23,2454;      36
23,2654;      45
23,2854;      30
23,3054;      26
23,3254;      30
23,3453;      27
23,3653;      25
23,3853;      30
23,4053;      25
23,4253;      29
23,4453;      27
23,4653;      35
23,4853;      25
23,5052;      33
23,5252;      40
23,5452;      30
23,5652;      25
23,5852;      21
23,6052;      32
23,6252;      30
23,6452;      34
23,6651;      36
23,6851;      40
23,7051;      28
23,7251;      35
23,7451;      25
23,7651;      24
23,7851;      36
23,8051;      40
23,8250;      39
23,8450;      51
23,8650;      22
23,8850;      43
23,9050;      36
23,9250;      26
23,9450;      40
23,9650;      35
23,9849;      43
24,0049;      27
24,0249;      43
24,0449;      37
24,0649;      38
24,0849;      43
24,1049;      37
24,1249;      44
24,1448;      30
24,1648;      43
24,1848;      31
24,2048;      38
24,2248;      43
24,2448;      42
24,2648;      36
24,2848;      33
24,3047;      25
24,3247;      37
24,3447;      28
24,3647;      39
24,3847;      30
24,4047;      27
24,4247;      18
24,4447;      21
24,4646;      24
24,4846;      24
24,5046;      27
24,5246;      41
24,5446;      28
24,5646;      28
24,5846;      16
24,6046;      36
24,6245;      18
24,6445;      26
24,6645;      22
24,6845;      27
24,7045;      37
24,7245;      27
24,7445;      25
24,7645;      29
24,7844;      20
24,8044;      29
24,8244;      30
24,8444;      25
24,8644;      25
24,8844;      35
24,9044;      32
24,9244;      31
24,9443;      37
24,9643;      32
24,9843;      28
25,0043;      35
25,0243;      43
25,0443;      39
25,0643;      43
25,0843;      52
25,1042;      33
25,1242;      30
25,1442;      24
25,1642;      28
25,1842;      25
25,2042;      31
25,2242;      29
25,2442;      23
25,2641;      27
25,2841;      32
25,3041;      34
25,3241;      23
25,3441;      16
25,3641;      21
25,3841;      34
25,4041;      28
25,4240;      20
25,4440;      22
25,4640;      22
25,4840;      18
25,5040;      18
25,5240;      27
25,5440;      24
25,5640;      29
25,5839;      25
25,6039;      28
25,6239;      24
25,6439;      22
25,6639;      21
25,6839;      23
25,7039;      31
25,7239;      16
25,7438;      15
25,7638;      22
25,7838;      28
25,8038;      31
25,8238;      36
25,8438;      36
25,8638;      27
25,8838;      21
25,9037;      29
25,9237;      38
25,9437;      33
25,9637;      43
25,9837;      45
26,0037;      53
26,0237;      60
26,0437;      61
26,0636;      55
26,0836;      73
26,1036;      77
26,1236;      95
26,1436;      83
26,1636;      83
26,1836;      85
26,2036;     115
26,2235;      99
26,2435;     113
26,2635;     119
26,2835;      93
26,3035;     113
26,3235;     113
26,3435;     128
26,3635;     121
26,3834;     110
26,4034;     119
26,4234;     123
26,4434;     113
26,4634;      79
26,4834;      88
26,5034;      93
26,5234;      64
26,5433;      61
26,5633;      63
26,5833;      56
26,6033;      40
26,6233;      36
26,6433;      33
26,6633;      25
26,6833;      30
26,7032;      33
26,7232;      24
26,7432;      18
26,7632;      22
26,7832;      19
26,8032;      19
26,8232;      16
26,8432;      17
26,8631;      20
26,8831;      25
26,9031;      17
26,9231;      22
26,9431;      20
26,9631;      20
26,9831;      27
27,0031;      16
27,0230;      27
27,0430;      20
27,0630;      21
27,0830;      25
27,1030;      12
27,1230;      20
27,1430;      17
27,1630;      15
27,1829;      11
27,2029;      23
27,2229;      16
27,2429;      28
27,2629;      21
27,2829;      10
27,3029;      19
27,3229;      20
27,3428;      23
27,3628;      14
27,3828;      20
27,4028;      14
27,4228;      13
27,4428;      16
27,4628;      15
27,4828;      15
27,5027;      23
27,5227;      23
27,5427;      11
27,5627;      18
27,5827;      16
27,6027;      19
27,6227;      16
27,6427;      19
27,6626;      21
27,6826;      21
27,7026;       8
27,7226;      21
27,7426;      16
27,7626;      16
27,7826;      19
27,8026;      22
27,8225;       6
27,8425;      10
27,8625;      11
27,8825;      19
27,9025;      18
27,9225;       7
27,9425;      14
27,9625;      25
27,9824;      23
28,0024;      19
28,0224;      15
28,0424;      16
28,0624;      17
28,0824;      21
28,1024;      18
28,1224;      19
28,1423;      19
28,1623;      22
28,1823;      13
28,2023;      16
28,2223;      21
28,2423;      14
28,2623;      16
28,2822;      23
28,3022;      23
28,3222;      23
28,3422;      11
28,3622;      20
28,3822;      18
28,4022;      22
28,4222;       9
28,4421;      10
28,4621;      14
28,4821;      17
28,5021;      12
28,5221;      19
28,5421;      18
28,5621;      12
28,5821;      16
28,6020;      16
28,6220;      13
28,6420;       9
28,6620;      12
28,6820;      11
28,7020;      14
28,7220;      15
28,7420;       9
28,7619;      14
28,7819;      19
28,8019;      19
28,8219;       8
28,8419;      11
28,8619;      10
28,8819;      23
28,9019;      15
28,9218;      16
28,9418;      19
28,9618;      13
28,9818;      11
29,0018;       6
29,0218;      18
29,0418;      14
29,0618;      13
29,0817;      12
29,1017;      23
29,1217;      11
29,1417;      14
29,1617;       9
29,1817;      12
29,2017;      11
29,2217;      11
29,2416;      16
29,2616;      18
29,2816;      12
29,3016;      10
29,3216;      17
29,3416;      12
29,3616;      15
29,3816;      14
29,4015;       5
29,4215;      13
29,4415;      16
29,4615;       7
29,4815;      21
29,5015;      15
29,5215;      19
29,5415;      17
29,5614;      18
29,5814;      19
29,6014;      17
29,6214;      18
29,6414;      25
29,6614;      27
29,6814;      40
29,7014;      24
29,7213;      29
29,7413;      29
29,7613;      33
29,7813;      37
29,8013;      31
29,8213;      25
29,8413;      29
29,8613;      22
29,8812;      14
29,9012;      20
29,9212;      29
29,9412;      16
29,9612;      26
29,9812;      17
30,0012;      12
30,0212;      17
30,0411;      11
30,0611;      13
30,0811;      10
30,1011;      14
30,1211;       7
30,1411;      15
30,1611;      13
30,1811;       6
30,2010;      10
30,2210;      13
30,2410;       7
30,2610;      10
30,2810;      11
30,3010;       9
30,3210;      13
30,3410;      10
30,3609;      18
30,3809;       8
30,4009;      13
30,4209;      11
30,4409;      14
30,4609;      16
30,4809;      15
30,5009;      15
30,5208;       9
30,5408;      14
30,5608;      12
30,5808;      11
30,6008;      12
30,6208;      10
30,6408;      14
30,6608;      13
30,6807;       7
30,7007;       7
30,7207;       7
30,7407;       6
30,7607;       9
30,7807;       7
30,8007;       8
30,8207;       8
30,8406;      11
30,8606;       7
30,8806;       9
30,9006;      13
30,9206;       9
30,9406;       6
30,9606;       8
30,9806;       5
31,0005;       4
31,0205;       6
31,0405;       9
31,0605;       8
31,0805;       5
31,1005;       8
31,1205;       8
31,1405;      14
31,1604;       5
31,1804;       5
31,2004;       9
31,2204;       7
31,2404;       7
31,2604;       7
31,2804;      10
31,3004;       8
31,3203;       5
31,3403;       6
31,3603;      12
31,3803;       6
31,4003;       7
31,4203;       8
31,4403;       6
31,4603;       5
31,4802;      13
31,5002;       4
31,5202;       5
31,5402;      10
31,5602;       5
31,5802;       8
31,6002;       6
31,6202;       3
31,6401;       3
31,6601;       7
31,6801;      10
31,7001;       6
31,7201;       4
31,7401;      11
31,7601;       9
31,7801;       9
31,8000;       8
31,8200;       7
31,8400;      14
31,8600;       6
31,8800;       5
31,9000;       6
31,9200;      12
31,9400;       8
31,9599;      13
31,9799;       5
31,9999;       7
32,0199;       4
32,0399;       7
32,0599;      12
32,0799;       8
32,0999;       6
32,1198;       6
32,1398;       4
32,1598;       5
32,1798;       9
32,1998;       5
32,2198;       3
32,2398;       8
32,2598;       5
32,2797;       7
32,2997;       6
32,3197;       6
32,3397;      13
32,3597;       5
32,3797;       3
32,3997;       5
32,4197;       6
32,4396;       7
32,4596;       7
32,4796;       3
32,4996;       7
32,5196;       7
32,5396;       5
32,5596;       4
32,5796;       6
32,5995;       7
32,6195;       7
32,6395;       4
32,6595;      16
32,6795;       3
32,6995;       7
32,7195;       3
32,7395;       7
32,7594;       2
32,7794;       2
32,7994;       7
32,8194;       4
32,8394;       9
32,8594;       7
32,8794;       5
32,8994;       2
32,9193;       8
32,9393;       6
32,9593;       4
32,9793;      10
32,9993;       3
33,0193;       6
33,0393;       7
33,0593;       6
33,0792;       5
33,0992;       4
33,1192;       2
33,1392;       4
33,1592;       3
33,1792;       5
33,1992;       5
33,2192;       4
33,2391;       7
33,2591;       5
33,2791;       5
33,2991;       5
33,3191;       1
33,3391;       2
33,3591;       6
33,3791;       2
33,3990;       2
33,4190;       4
33,4390;       4
33,4590;       2
33,4790;       1
33,4990;       4
33,5190;       5
33,5390;       5
33,5589;       2
33,5789;       4
33,5989;       4
33,6189;       4
33,6389;       4
33,6589;       3
33,6789;       6
33,6989;       6
33,7188;       0
33,7388;       5
33,7588;       2
33,7788;       5
33,7988;       0
33,8188;       3
33,8388;       2
33,8588;       1
33,8787;       4
33,8987;       2
33,9187;       5
33,9387;       2
33,9587;       5
33,9787;       7
33,9987;       5
34,0186;       2
34,0386;       4
34,0586;       3
34,0786;       1
34,0986;       4
34,1186;       5
34,1386;       8
34,1586;       5
34,1785;       4
34,1985;       3
34,2185;       5
34,2385;       6
34,2585;       1
34,2785;       6
34,2985;       3
34,3185;       7
34,3384;       6
34,3584;       5
34,3784;       2
34,3984;       2
34,4184;       3
34,4384;       5
34,4584;       5
34,4784;       4
34,4983;       4
34,5183;       2
34,5383;       5
34,5583;       4
34,5783;       5
34,5983;       3
34,6183;       5
34,6383;       3
34,6582;       0
34,6782;       5
34,6982;       3
34,7182;       2
34,7382;       3
34,7582;       2
34,7782;       1
34,7982;       3
34,8181;       6
34,8381;       5
34,8581;       3
34,8781;       5
34,8981;       2
34,9181;       4
34,9381;       2
34,9581;       2
34,9780;       2
34,9980;       2
35,0180;       3
35,0380;       6
35,0580;       1
35,0780;       2
35,0980;       2
35,1180;       1
35,1379;       3
35,1579;       1
35,1779;       4
35,1979;       2
35,2179;       2
35,2379;       0
35,2579;       3
35,2779;       4
35,2978;       3
35,3178;       3
35,3378;       2
35,3578;       4
35,3778;       1
35,3978;       3
35,4178;       6
35,4378;       0
35,4577;       2
35,4777;       0
35,4977;       2
35,5177;       3
35,5377;       3
35,5577;       1
35,5777;       1
35,5977;       0
35,6176;       3
35,6376;       3
35,6576;       1
35,6776;       0
35,6976;       0
35,7176;       1
35,7376;       0
35,7576;       2
35,7775;       0
35,7975;       0
35,8175;       2
35,8375;       2
35,8575;       2
35,8775;       0
35,8975;       1
35,9175;       0
35,9374;       1
35,9574;       2
35,9774;       2
35,9974;       2
36,0174;       2
36,0374;       2
36,0574;       0
36,0774;       0
36,0973;       2
36,1173;       0
36,1373;       2
36,1573;       1
36,1773;       1
36,1973;       1
36,2173;       5
36,2373;       2
36,2572;       1
36,2772;       2
36,2972;       2
36,3172;       1
36,3372;       0
36,3572;       1
36,3772;       0
36,3972;       0
36,4171;       0
36,4371;       0
36,4571;       2
36,4771;       0
36,4971;       1
36,5171;       1
36,5371;       2
36,5571;       0
36,5770;       1
36,5970;       0
36,6170;       0
36,6370;       1
36,6570;       0
36,6770;       0
36,6970;       0
36,7170;       3
36,7369;       2
36,7569;       3
36,7769;       3
36,7969;       1
36,8169;       2
36,8369;       0
36,8569;       0
36,8769;       0
36,8968;       0
36,9168;       0
36,9368;       2
36,9568;       0
36,9768;       1
36,9968;       0
37,0168;       2
37,0368;       0
37,0567;       1
37,0767;       1
37,0967;       1
37,1167;       2
37,1367;       1
37,1567;       1
37,1767;       1
37,1967;       2
37,2166;       2
37,2366;       2
37,2566;       0
37,2766;       1
37,2966;       1
37,3166;       0
37,3366;       0
37,3566;       1
37,3765;       1
37,3965;       1
37,4165;       2
37,4365;       2
37,4565;       0
37,4765;       1
37,4965;       0
37,5165;       0
37,5364;       0
37,5564;       1
37,5764;       3
37,5964;       2
37,6164;       0
37,6364;       0
37,6564;       1
37,6764;       1
37,6963;       0
37,7163;       0
37,7363;       1
37,7563;       2
37,7763;       2
37,7963;       1
37,8163;       1
37,8363;       1
37,8562;       2
37,8762;       1
37,8962;       0
37,9162;       2
37,9362;       1
37,9562;       1
37,9762;       0
37,9962;       1
38,0161;       1
38,0361;       1
38,0561;       0
38,0761;       2
38,0961;       2
38,1161;       0
38,1361;       0
38,1561;       1
38,1760;       0
38,1960;       1
38,2160;       0
38,2360;       2
38,2560;       1
38,2760;       0
38,2960;       1
38,3160;       2
38,3359;       0
38,3559;       0
38,3759;       1
38,3959;       1
38,4159;       0
38,4359;       2
38,4559;       0
38,4759;       1
38,4958;       0
38,5158;       0
38,5358;       1
38,5558;       6
38,5758;       0
38,5958;       1
38,6158;       0
38,6358;       0
38,6557;       1
38,6757;       0
38,6957;       0
38,7157;       1
38,7357;       1
38,7557;       1
38,7757;       0
38,7957;       0
38,8156;       0
38,8356;       0
38,8556;       1
38,8756;       1
38,8956;       0
38,9156;       0
38,9356;       0
38,9556;       1
38,9755;       0
38,9955;       0
39,0155;       2
39,0355;       0
39,0555;       0
39,0755;       0
39,0955;       0
39,1155;       0
39,1354;       0
39,1554;       0
39,1754;       0
39,1954;       1
39,2154;       0
39,2354;       0
39,2554;       0
39,2754;       0
39,2953;       0
39,3153;       0
39,3353;       0
39,3553;       0
39,3753;       0
39,3953;       0
39,4153;       1
39,4353;       0
39,4552;       1
39,4752;       1
39,4952;       0
39,5152;       1
39,5352;       0
39,5552;       0
39,5752;       0
39,5951;       1
39,6151;       0
39,6351;       0
39,6551;       0
39,6751;       0
39,6951;       0
39,7151;       0
39,7351;       2
39,7550;       0
39,7750;       0
39,7950;       0
39,8150;       0
39,8350;       2
39,8550;       0
39,8750;       0
39,8950;       0
39,9149;       1
39,9349;       1
39,9549;       1
39,9749;       0
39,9949;       0
40,0149;       1
40,0349;       0
40,0549;       0
40,0748;       0
40,0948;       0
40,1148;       0
40,1348;       0
40,1548;       2
40,1748;       0
40,1948;       0
40,2148;       0
40,2347;       0
40,2547;       0
40,2747;       1
40,2947;       0
40,3147;       0
40,3347;       1
40,3547;       0
40,3747;       1
40,3946;       0
40,4146;       0
40,4346;       0
40,4546;       0
40,4746;       0
40,4946;       1
40,5146;       0
40,5346;       0
40,5545;       1
40,5745;       0
40,5945;       0
40,6145;       1
40,6345;       0
40,6545;       0
40,6745;       0
40,6945;       1
40,7144;       0
40,7344;       0
40,7544;       0
40,7744;       1
40,7944;       0
40,8144;       0
40,8344;       0
40,8544;       0
40,8743;       0
40,8943;       0
40,9143;       0
