 0,0000;     361
 0,0200;     334
 0,0400;     265
 0,0600;     167
 0,0800;      84
 0,1000;      28
 0,1200;      14
 0,1400;       4
 0,1599;       1
 0,1799;       0
 0,1999;       1
 0,2199;       0
 0,2399;       0
 0,2599;       0
 0,2799;       1
 0,2999;       0
 0,3199;       0
 0,3399;       2
 0,3599;       0
 0,3799;       0
 0,3999;       0
 0,4199;       0
 0,4398;       0
 0,4598;       0
 0,4798;       0
 0,4998;       1
 0,5198;       2
 0,5398;       2
 0,5598;       3
 0,5798;      11
 0,5998;      44
 0,6198;     123
 0,6398;     202
 0,6598;     219
 0,6798;     276
 0,6998;     265
 0,7197;     233
 0,7397;     269
 0,7597;     246
 0,7797;     207
 0,7997;     203
 0,8197;     223
 0,8397;     237
 0,8597;     241
 0,8797;     249
 0,8997;     225
 0,9197;     196
 0,9397;     226
 0,9597;     182
 0,9797;     201
 0,9996;     200
 1,0196;     202
 1,0396;     186
 1,0596;     181
 1,0796;     206
 1,0996;     213
 1,1196;     192
 1,1396;     183
 1,1596;     204
 1,1796;     179
 1,1996;     224
 1,2196;     175
 1,2396;     176
 1,2596;     185
 1,2795;     168
 1,2995;     170
 1,3195;     178
 1,3395;     167
 1,3595;     174
 1,3795;     169
 1,3995;     176
 1,4195;     198
 1,4395;     159
 1,4595;     172
 1,4795;     217
 1,4995;     185
 1,5195;     160
 1,5395;     178
 1,5594;     213
 1,5794;     182
 1,5994;     167
 1,6194;     195
 1,6394;     197
 1,6594;     219
 1,6794;     193
 1,6994;     225
 1,7194;     219
 1,7394;     214
 1,7594;     222
 1,7794;     223
 1,7994;     232
 1,8194;     216
 1,8393;     215
 1,8593;     211
 1,8793;     209
 1,8993;     218
 1,9193;     197
 1,9393;     250
 1,9593;     202
 1,9793;     195
 1,9993;     194
 2,0193;     229
 2,0393;     188
 2,0593;     200
 2,0793;     207
 2,0993;     201
 2,1192;     211
 2,1392;     218
 2,1592;     235
 2,1792;     280
 2,1992;     284
 2,2192;     333
 2,2392;     412
 2,2592;     531
 2,2792;     722
 2,2992;     899
 2,3192;     965
 2,3392;    1080
 2,3592;    1084
 2,3792;    1149
 2,3991;    1117
 2,4191;    1052
 2,4391;     946
 2,4591;     864
 2,4791;     783
 2,4991;     622
 2,5191;     584
 2,5391;     498
 2,5591;     528
 2,5791;     596
 2,5991;     658
 2,6191;     802
 2,6391;     933
 2,6591;    1061
 2,6790;    1168
 2,6990;    1129
 2,7190;    1080
 2,7390;    1060
 2,7590;     980
 2,7790;     988
 2,7990;     943
 2,8190;    1010
 2,8390;     938
 2,8590;     946
 2,8790;     963
 2,8990;     979
 2,9190;     952
 2,9390;     981
 2,9589;     930
 2,9789;     845
 2,9989;     743
 3,0189;     692
 3,0389;     595
 3,0589;     523
 3,0789;     428
 3,0989;     405
 3,1189;     377
 3,1389;     342
 3,1589;     337
 3,1789;     372
 3,1989;     356
 3,2189;     356
 3,2388;     389
 3,2588;     410
 3,2788;     498
 3,2988;     574
 3,3188;     743
 3,3388;     901
 3,3588;    1191
 3,3788;    1506
 3,3988;    1808
 3,4188;    2024
 3,4388;    2079
 3,4588;    2069
 3,4788;    1892
 3,4988;    1723
 3,5187;    1381
 3,5387;    1230
 3,5587;    1194
 3,5787;    1157
 3,5987;    1395
 3,6187;    1634
 3,6387;    1849
 3,6587;    2081
 3,6787;    2065
 3,6987;    2095
 3,7187;    1931
 3,7387;    1634
 3,7587;    1460
 3,7787;    1187
 3,7986;     975
 3,8186;     883
 3,8386;     746
 3,8586;     778
 3,8786;     747
 3,8986;     731
 3,9186;     669
 3,9386;     707
 3,9586;     658
 3,9786;     526
 3,9986;     520
 4,0186;     465
 4,0386;     435
 4,0586;     458
 4,0785;     437
 4,0985;     460
 4,1185;     434
 4,1385;     425
 4,1585;     405
 4,1785;     413
 4,1985;     369
 4,2185;     387
 4,2385;     338
 4,2585;     334
 4,2785;     359
 4,2985;     351
 4,3185;     361
 4,3385;     392
 4,3584;     412
 4,3784;     405
 4,3984;     407
 4,4184;     415
 4,4384;     400
 4,4584;     373
 4,4784;     390
 4,4984;     372
 4,5184;     341
 4,5384;     357
 4,5584;     350
 4,5784;     342
 4,5984;     313
 4,6184;     314
 4,6383;     299
 4,6583;     293
 4,6783;     310
 4,6983;     289
 4,7183;     277
 4,7383;     284
 4,7583;     307
 4,7783;     319
 4,7983;     332
 4,8183;     339
 4,8383;     316
 4,8583;     341
 4,8783;     369
 4,8983;     376
 4,9182;     385
 4,9382;     406
 4,9582;     376
 4,9782;     408
 4,9982;     367
 5,0182;     406
 5,0382;     352
 5,0582;     347
 5,0782;     326
 5,0982;     329
 5,1182;     307
 5,1382;     304
 5,1582;     302
 5,1782;     313
 5,1981;     343
 5,2181;     358
 5,2381;     355
 5,2581;     322
 5,2781;     337
 5,2981;     352
 5,3181;     355
 5,3381;     366
 5,3581;     365
 5,3781;     388
 5,3981;     380
 5,4181;     427
 5,4381;     422
 5,4581;     399
 5,4780;     433
 5,4980;     413
 5,5180;     381
 5,5380;     412
 5,5580;     428
 5,5780;     395
 5,5980;     427
 5,6180;     394
 5,6380;     455
 5,6580;     366
 5,6780;     397
 5,6980;     422
 5,7180;     426
 5,7380;     436
 5,7579;     410
 5,7779;     429
 5,7979;     437
 5,8179;     449
 5,8379;     435
 5,8579;     483
 5,8779;     486
 5,8979;     478
 5,9179;     497
 5,9379;     481
 5,9579;     499
 5,9779;     506
 5,9979;     446
 6,0179;     452
 6,0378;     499
 6,0578;     502
 6,0778;     536
 6,0978;     504
 6,1178;     468
 6,1378;     515
 6,1578;     583
 6,1778;     668
 6,1978;     701
 6,2178;     801
 6,2378;     989
 6,2578;    1204
 6,2778;    1479
 6,2978;    1875
 6,3177;    2347
 6,3377;    2748
 6,3577;    3086
 6,3777;    3305
 6,3977;    3441
 6,4177;    3493
 6,4377;    3238
 6,4577;    2708
 6,4777;    2288
 6,4977;    1776
 6,5177;    1399
 6,5377;    1097
 6,5577;     845
 6,5777;     693
 6,5976;     618
 6,6176;     597
 6,6376;     565
 6,6576;     593
 6,6776;     587
 6,6976;     594
 6,7176;     545
 6,7376;     535
 6,7576;     567
 6,7776;     568
 6,7976;     625
 6,8176;     589
 6,8376;     631
 6,8576;     642
 6,8775;     700
 6,8975;     733
 6,9175;     761
 6,9375;     793
 6,9575;     855
 6,9775;     959
 6,9975;     973
 7,0175;    1009
 7,0375;    1025
 7,0575;    1035
 7,0775;    1022
 7,0975;    1026
 7,1175;    1014
 7,1375;     839
 7,1574;     898
 7,1774;     794
 7,1974;     760
 7,2174;     769
 7,2374;     763
 7,2574;     824
 7,2774;     821
 7,2974;     896
 7,3174;     915
 7,3374;     950
 7,3574;     976
 7,3774;    1071
 7,3974;    1222
 7,4174;    1306
 7,4373;    1389
 7,4573;    1394
 7,4773;    1448
 7,4973;    1519
 7,5173;    1363
 7,5373;    1321
 7,5573;    1208
 7,5773;    1112
 7,5973;    1006
 7,6173;     922
 7,6373;     954
 7,6573;     912
 7,6773;     920
 7,6973;     958
 7,7172;     981
 7,7372;    1067
 7,7572;    1166
 7,7772;    1424
 7,7972;    1978
 7,8172;    2791
 7,8372;    4304
 7,8572;    7055
 7,8772;   11015
 7,8972;   17498
 7,9172;   26076
 7,9372;   36426
 7,9572;   49023
 7,9772;   62302
 7,9971;   73918
 8,0171;   83136
 8,0371;   87709
 8,0571;   87369
 8,0771;   81171
 8,0971;   71275
 8,1171;   59136
 8,1371;   46327
 8,1571;   33894
 8,1771;   23480
 8,1971;   15496
 8,2171;    9856
 8,2371;    5767
 8,2571;    3694
 8,2770;    2287
 8,2970;    1586
 8,3170;    1213
 8,3370;     917
 8,3570;     855
 8,3770;     811
 8,3970;     724
 8,4170;     700
 8,4370;     718
 8,4570;     719
 8,4770;     759
 8,4970;     772
 8,5170;     764
 8,5370;     805
 8,5569;     871
 8,5769;     954
 8,5969;     983
 8,6169;    1030
 8,6369;    1140
 8,6569;    1231
 8,6769;    1434
 8,6969;    1585
 8,7169;    2060
 8,7369;    2626
 8,7569;    3751
 8,7769;    5029
 8,7969;    6478
 8,8169;    8415
 8,8368;   10349
 8,8568;   12557
 8,8768;   13548
 8,8968;   14555
 8,9168;   14867
 8,9368;   13946
 8,9568;   12555
 8,9768;   10794
 8,9968;    8569
 9,0168;    6754
 9,0368;    4992
 9,0568;    3579
 9,0768;    2667
 9,0968;    2055
 9,1167;    1725
 9,1367;    1501
 9,1567;    1451
 9,1767;    1452
 9,1967;    1440
 9,2167;    1402
 9,2367;    1235
 9,2567;    1110
 9,2767;    1050
 9,2967;     900
 9,3167;     747
 9,3367;     633
 9,3567;     553
 9,3767;     496
 9,3966;     449
 9,4166;     451
 9,4366;     474
 9,4566;     410
 9,4766;     425
 9,4966;     395
 9,5166;     388
 9,5366;     410
 9,5566;     397
 9,5766;     379
 9,5966;     414
 9,6166;     395
 9,6366;     424
 9,6566;     422
 9,6765;     386
 9,6965;     364
 9,7165;     416
 9,7365;     368
 9,7565;     405
 9,7765;     375
 9,7965;     384
 9,8165;     372
 9,8365;     411
 9,8565;     410
 9,8765;     406
 9,8965;     392
 9,9165;     390
 9,9365;     386
 9,9564;     399
 9,9764;     434
 9,9964;     410
10,0164;     411
10,0364;     456
10,0564;     430
10,0764;     449
10,0964;     460
10,1164;     467
10,1364;     456
10,1564;     439
10,1764;     449
10,1964;     533
10,2164;     537
10,2363;     611
10,2563;     783
10,2763;     851
10,2963;    1213
10,3163;    1705
10,3363;    2230
10,3563;    3208
10,3763;    4525
10,3963;    6154
10,4163;    8253
10,4363;   10730
10,4563;   13504
10,4763;   16052
10,4963;   18878
10,5162;   21054
10,5362;   22264
10,5562;   22437
10,5762;   22117
10,5962;   20264
10,6162;   17572
10,6362;   15052
10,6562;   11815
10,6762;    9147
10,6962;    6718
10,7162;    4738
10,7362;    3235
10,7562;    2284
10,7762;    1534
10,7961;    1076
10,8161;     811
10,8361;     689
10,8561;     557
10,8761;     493
10,8961;     441
10,9161;     432
10,9361;     405
10,9561;     409
10,9761;     376
10,9961;     373
11,0161;     365
11,0361;     352
11,0561;     366
11,0760;     371
11,0960;     358
11,1160;     380
11,1360;     376
11,1560;     381
11,1760;     422
11,1960;     422
11,2160;     417
11,2360;     496
11,2560;     493
11,2760;     518
11,2960;     544
11,3160;     646
11,3360;     653
11,3559;     673
11,3759;     658
11,3959;     614
11,4159;     554
11,4359;     532
11,4559;     543
11,4759;     501
11,4959;     468
11,5159;     438
11,5359;     425
11,5559;     432
11,5759;     400
11,5959;     432
11,6159;     484
11,6358;     490
11,6558;     491
11,6758;     549
11,6958;     589
11,7158;     579
11,7358;     586
11,7558;     584
11,7758;     572
11,7958;     532
11,8158;     495
11,8358;     469
11,8558;     466
11,8758;     434
11,8958;     412
11,9157;     447
11,9357;     405
11,9557;     373
11,9757;     426
11,9957;     467
12,0157;     473
12,0357;     497
12,0557;     574
12,0757;     605
12,0957;     724
12,1157;     798
12,1357;     772
12,1557;     912
12,1757;     989
12,1956;    1085
12,2156;    1097
12,2356;    1199
12,2556;    1275
12,2756;    1379
12,2956;    1390
12,3156;    1391
12,3356;    1442
12,3556;    1498
12,3756;    1579
12,3956;    1875
12,4156;    2246
12,4356;    2872
12,4556;    3874
12,4755;    5017
12,4955;    6539
12,5155;    8603
12,5355;   10643
12,5555;   12542
12,5755;   14318
12,5955;   15445
12,6155;   16188
12,6355;   16222
12,6555;   15503
12,6755;   14568
12,6955;   12798
12,7155;   11007
12,7355;    8908
12,7554;    7176
12,7754;    5682
12,7954;    4308
12,8154;    3368
12,8354;    2676
12,8554;    2173
12,8754;    1790
12,8954;    1480
12,9154;    1304
12,9354;    1148
12,9554;    1114
12,9754;    1092
12,9954;    1057
13,0154;     980
13,0353;     948
13,0553;     964
13,0753;     773
13,0953;     730
13,1153;     667
13,1353;     626
13,1553;     486
13,1753;     441
13,1953;     395
13,2153;     352
13,2353;     302
13,2553;     299
13,2753;     305
13,2953;     249
13,3152;     293
13,3352;     281
13,3552;     255
13,3752;     239
13,3952;     273
13,4152;     278
13,4352;     229
13,4552;     253
13,4752;     225
13,4952;     206
13,5152;     218
13,5352;     216
13,5552;     195
13,5752;     190
13,5951;     203
13,6151;     195
13,6351;     204
13,6551;     168
13,6751;     158
13,6951;     174
13,7151;     158
13,7351;     190
13,7551;     184
13,7751;     191
13,7951;     206
13,8151;     188
13,8351;     176
13,8551;     219
13,8750;     177
13,8950;     176
13,9150;     210
13,9350;     172
13,9550;     192
13,9750;     210
13,9950;     195
14,0150;     182
14,0350;     200
14,0550;     208
14,0750;     197
14,0950;     177
14,1150;     201
14,1350;     197
14,1549;     209
14,1749;     219
14,1949;     251
14,2149;     204
14,2349;     249
14,2549;     235
14,2749;     261
14,2949;     225
14,3149;     273
14,3349;     255
14,3549;     255
14,3749;     267
14,3949;     249
14,4149;     249
14,4348;     245
14,4548;     228
14,4748;     273
14,4948;     252
14,5148;     288
14,5348;     320
14,5548;     396
14,5748;     450
14,5948;     602
14,6148;     719
14,6348;     845
14,6548;    1072
14,6748;    1332
14,6948;    1558
14,7147;    1807
14,7347;    1912
14,7547;    2089
14,7747;    2029
14,7947;    2051
14,8147;    1898
14,8347;    1754
14,8547;    1537
14,8747;    1285
14,8947;    1120
14,9147;     908
14,9347;     689
14,9547;     584
14,9747;     516
14,9946;     473
15,0146;     490
15,0346;     526
15,0546;     505
15,0746;     588
15,0946;     646
15,1146;     679
15,1346;     665
15,1546;     701
15,1746;     756
15,1946;     729
15,2146;     713
15,2346;     711
15,2546;     593
15,2745;     538
15,2945;     466
15,3145;     427
15,3345;     342
15,3545;     301
15,3745;     263
15,3945;     242
15,4145;     194
15,4345;     175
15,4545;     192
15,4745;     165
15,4945;     172
15,5145;     155
15,5345;     164
15,5544;     170
15,5744;     170
15,5944;     176
15,6144;     156
15,6344;     169
15,6544;     183
15,6744;     159
15,6944;     193
15,7144;     181
15,7344;     185
15,7544;     180
15,7744;     197
15,7944;     208
15,8144;     213
15,8343;     201
15,8543;     200
15,8743;     185
15,8943;     200
15,9143;     188
15,9343;     215
15,9543;     282
15,9743;     285
15,9943;     320
16,0143;     393
16,0343;     429
16,0543;     455
16,0743;     473
16,0943;     485
16,1142;     520
16,1342;     484
16,1542;     435
16,1742;     429
16,1942;     391
16,2142;     323
16,2342;     322
16,2542;     241
16,2742;     202
16,2942;     179
16,3142;     163
16,3342;     150
16,3542;     125
16,3742;     136
16,3941;     121
16,4141;     116
16,4341;     123
16,4541;     107
16,4741;     117
16,4941;     111
16,5141;     129
16,5341;     128
16,5541;     100
16,5741;     108
16,5941;      99
16,6141;     102
16,6341;     113
16,6541;     125
16,6740;     112
16,6940;     124
16,7140;     120
16,7340;     126
16,7540;     126
16,7740;     115
16,7940;     148
16,8140;     155
16,8340;     148
16,8540;     174
16,8740;     183
16,8940;     201
16,9140;     233
16,9340;     216
16,9539;     252
16,9739;     223
16,9939;     231
17,0139;     222
17,0339;     240
17,0539;     196
17,0739;     180
17,0939;     162
17,1139;     134
17,1339;     143
17,1539;     141
17,1739;     119
17,1939;     115
17,2139;     116
17,2338;     120
17,2538;     113
17,2738;     101
17,2938;     127
17,3138;     119
17,3338;     114
17,3538;     106
17,3738;     122
17,3938;      90
17,4138;     107
17,4338;     102
17,4538;     111
17,4738;     100
17,4938;     101
17,5137;     101
17,5337;      95
17,5537;     101
17,5737;      91
17,5937;     102
17,6137;      89
17,6337;      91
17,6537;      92
17,6737;      86
17,6937;      86
17,7137;      91
17,7337;      96
17,7537;     107
17,7737;     100
17,7936;     101
17,8136;      82
17,8336;     100
17,8536;     111
17,8736;     127
17,8936;     116
17,9136;     108
17,9336;     104
17,9536;     111
17,9736;     124
17,9936;      99
18,0136;      91
18,0336;      99
18,0536;      96
18,0735;     101
18,0935;     100
18,1135;     107
18,1335;     100
18,1535;      98
18,1735;      95
18,1935;     107
18,2135;     108
18,2335;     102
18,2535;     108
18,2735;     101
18,2935;     116
18,3135;     112
18,3335;     118
18,3534;     126
18,3734;     124
18,3934;     118
18,4134;     143
18,4334;     141
18,4534;     173
18,4734;     217
18,4934;     212
18,5134;     248
18,5334;     252
18,5534;     273
18,5734;     303
18,5934;     277
18,6134;     332
18,6333;     320
18,6533;     311
18,6733;     306
18,6933;     319
18,7133;     253
18,7333;     269
18,7533;     258
18,7733;     232
18,7933;     218
18,8133;     218
18,8333;     231
18,8533;     181
18,8733;     208
18,8933;     233
18,9132;     236
18,9332;     231
18,9532;     221
18,9732;     240
18,9932;     239
19,0132;     238
19,0332;     234
19,0532;     243
19,0732;     193
19,0932;     211
19,1132;     197
19,1332;     220
19,1532;     217
19,1732;     212
19,1931;     204
19,2131;     217
19,2331;     209
19,2531;     165
19,2731;     190
19,2931;     179
19,3131;     180
19,3331;     167
19,3531;     168
19,3731;     206
19,3931;     164
19,4131;     168
19,4331;     166
19,4531;     155
19,4730;     191
19,4930;     155
19,5130;     149
19,5330;     129
19,5530;     127
19,5730;     120
19,5930;     128
19,6130;     113
19,6330;      89
19,6530;     123
19,6730;     104
19,6930;      99
19,7130;     106
19,7330;      93
19,7529;      95
19,7729;     114
19,7929;      84
19,8129;      91
19,8329;     101
19,8529;     109
19,8729;     109
19,8929;     113
19,9129;     123
19,9329;     165
19,9529;     144
19,9729;     156
19,9929;     218
20,0129;     206
20,0329;     230
20,0528;     254
20,0728;     284
20,0928;     356
20,1128;     337
20,1328;     336
20,1528;     337
20,1728;     352
20,1928;     347
20,2128;     368
20,2328;     351
20,2528;     388
20,2728;     338
20,2928;     300
20,3128;     276
20,3327;     208
20,3527;     210
20,3727;     213
20,3927;     149
20,4127;     132
20,4327;     123
20,4527;     113
20,4727;     106
20,4927;     117
20,5127;     110
20,5327;     126
20,5527;     115
20,5727;     144
20,5927;     158
20,6126;     142
20,6326;     179
20,6526;     184
20,6726;     190
20,6926;     200
20,7126;     213
20,7326;     203
20,7526;     182
20,7726;     203
20,7926;     164
20,8126;     181
20,8326;     152
20,8526;     122
20,8726;     133
20,8925;     151
20,9125;     148
20,9325;     154
20,9525;     165
20,9725;     164
20,9925;     172
21,0125;     174
21,0325;     205
21,0525;     194
21,0725;     224
21,0925;     248
21,1125;     238
21,1325;     244
21,1525;     234
21,1724;     238
21,1924;     245
21,2124;     225
21,2324;     222
21,2524;     197
21,2724;     179
21,2924;     161
21,3124;     130
21,3324;     141
21,3524;     134
21,3724;     120
21,3924;      98
21,4124;      96
21,4324;     100
21,4523;     107
21,4723;      86
21,4923;      97
21,5123;      83
21,5323;      91
21,5523;      97
21,5723;      88
21,5923;      75
21,6123;      86
21,6323;      90
21,6523;      77
21,6723;      81
21,6923;      89
21,7123;      72
21,7322;      72
21,7522;      72
21,7722;      71
21,7922;      71
21,8122;      64
21,8322;      61
21,8522;      88
21,8722;      74
21,8922;      86
21,9122;      87
21,9322;      90
21,9522;      92
21,9722;      83
21,9922;     117
22,0121;     122
22,0321;     108
22,0521;      99
22,0721;     109
22,0921;      98
22,1121;     112
22,1321;     127
22,1521;     113
22,1721;     130
22,1921;     128
22,2121;     109
22,2321;     114
22,2521;     110
22,2721;      81
22,2920;      86
22,3120;      84
22,3320;      70
22,3520;      75
22,3720;      55
22,3920;      56
22,4120;      66
22,4320;      57
22,4520;      51
22,4720;      33
22,4920;      51
22,5120;      52
22,5320;      59
22,5520;      57
22,5719;      57
22,5919;      65
22,6119;      83
22,6319;      78
22,6519;      92
22,6719;      87
22,6919;     101
22,7119;     108
22,7319;     111
22,7519;     105
22,7719;     113
22,7919;      95
22,8119;      95
22,8319;     103
22,8518;      86
22,8718;      69
22,8918;      71
22,9118;      65
22,9318;      69
22,9518;      89
22,9718;      77
22,9918;      70
23,0118;      66
23,0318;      59
23,0518;      66
23,0718;      76
23,0918;      93
23,1118;      83
23,1317;      84
23,1517;      79
23,1717;      86
23,1917;      92
23,2117;      88
23,2317;      88
23,2517;      88
23,2717;      92
23,2917;      67
23,3117;      80
23,3317;      83
23,3517;      74
23,3717;      54
23,3917;      52
23,4116;      47
23,4316;      65
23,4516;      48
23,4716;      46
23,4916;      69
23,5116;      54
23,5316;      47
23,5516;      55
23,5716;      43
23,5916;      42
23,6116;      58
23,6316;      52
23,6516;      47
23,6716;      42
23,6915;      50
23,7115;      56
23,7315;      68
23,7515;      54
23,7715;      67
23,7915;      64
23,8115;      81
23,8315;      79
23,8515;      67
23,8715;      63
23,8915;      55
23,9115;      59
23,9315;      62
23,9515;      64
23,9714;      59
23,9914;      56
24,0114;      42
24,0314;      51
24,0514;      49
24,0714;      44
24,0914;      32
24,1114;      41
24,1314;      49
24,1514;      39
24,1714;      46
24,1914;      38
24,2114;      46
24,2314;      42
24,2513;      42
24,2713;      40
24,2913;      42
24,3113;      41
24,3313;      39
24,3513;      45
24,3713;      42
24,3913;      46
24,4113;      42
24,4313;      33
24,4513;      43
24,4713;      56
24,4913;      37
24,5113;      46
24,5312;      44
24,5512;      47
24,5712;      50
24,5912;      46
24,6112;      57
24,6312;      50
24,6512;      54
24,6712;      62
24,6912;      38
24,7112;      62
24,7312;      54
24,7512;      77
24,7712;     100
24,7912;     116
24,8111;     136
24,8311;     183
24,8511;     207
24,8711;     262
24,8911;     320
24,9111;     441
24,9311;     494
24,9511;     593
24,9711;     657
24,9911;     798
25,0111;     871
25,0311;     972
25,0511;    1019
25,0711;    1032
25,0910;    1084
25,1110;    1131
25,1310;    1248
25,1510;    1349
25,1710;    1414
25,1910;    1446
25,2110;    1544
25,2310;    1540
25,2510;    1625
25,2710;    1663
25,2910;    1558
25,3110;    1506
25,3310;    1406
25,3510;    1297
25,3709;    1148
25,3909;    1046
25,4109;     882
25,4309;     773
25,4509;     602
25,4709;     537
25,4909;     389
25,5109;     283
25,5309;     220
25,5509;     180
25,5709;     133
25,5909;      99
25,6109;      87
25,6309;      57
25,6508;      46
25,6708;      50
25,6908;      29
25,7108;      47
25,7308;      34
25,7508;      37
25,7708;      37
25,7908;      26
25,8108;      32
25,8308;      27
25,8508;      24
25,8708;      42
25,8908;      35
25,9108;      39
25,9307;      24
25,9507;      39
25,9707;      37
25,9907;      35
26,0107;      34
26,0307;      27
26,0507;      37
26,0707;      48
26,0907;      43
26,1107;      36
26,1307;      37
26,1507;      41
26,1707;      39
26,1907;      46
26,2106;      46
26,2306;      38
26,2506;      47
26,2706;      54
26,2906;      34
26,3106;      43
26,3306;      50
26,3506;      47
26,3706;      51
26,3906;      35
26,4106;      39
26,4306;      47
26,4506;      37
26,4706;      46
26,4905;      32
26,5105;      45
26,5305;      35
26,5505;      29
26,5705;      32
26,5905;      31
26,6105;      24
26,6305;      23
26,6505;      16
26,6705;      19
26,6905;      27
26,7105;      27
26,7305;      20
26,7505;      19
26,7704;      27
26,7904;      24
26,8104;      24
26,8304;      33
26,8504;      27
26,8704;      26
26,8904;      25
26,9104;      29
26,9304;      19
26,9504;      29
26,9704;      19
26,9904;      30
27,0104;      23
27,0304;      23
27,0503;      29
27,0703;      15
27,0903;      27
27,1103;      25
27,1303;      17
27,1503;      21
27,1703;      32
27,1903;      26
27,2103;      24
27,2303;      19
27,2503;      18
27,2703;      19
27,2903;      22
27,3103;      20
27,3302;      21
27,3502;      23
27,3702;      24
27,3902;      26
27,4102;      30
27,4302;      32
27,4502;      24
27,4702;      24
27,4902;      20
27,5102;      34
27,5302;      25
27,5502;      25
27,5702;      22
27,5902;      24
27,6101;      23
27,6301;      20
27,6501;      15
27,6701;      17
27,6901;      28
27,7101;      28
27,7301;      26
27,7501;      23
27,7701;      19
27,7901;      22
27,8101;      22
27,8301;      24
27,8501;      21
27,8701;      20
27,8900;      21
27,9100;      23
27,9300;      24
27,9500;      25
27,9700;      17
27,9900;      21
28,0100;      20
28,0300;      19
28,0500;      22
28,0700;      20
28,0900;      19
28,1100;      28
28,1300;      25
28,1500;      19
28,1699;      42
28,1899;      38
28,2099;      63
28,2299;      54
28,2499;      54
28,2699;      80
28,2899;      98
28,3099;     118
28,3299;     140
28,3499;     164
28,3699;     230
28,3899;     222
28,4099;     264
28,4299;     276
28,4498;     288
28,4698;     296
28,4898;     312
28,5098;     317
28,5298;     320
28,5498;     297
28,5698;     273
28,5898;     218
28,6098;     223
28,6298;     174
28,6498;     147
28,6698;     117
28,6898;     118
28,7098;      96
28,7297;      73
28,7497;      51
28,7697;      42
28,7897;      46
28,8097;      30
28,8297;      42
28,8497;      33
28,8697;      28
28,8897;      40
28,9097;      37
28,9297;      41
28,9497;      34
28,9697;      41
28,9897;      50
29,0096;      55
29,0296;      52
29,0496;      56
29,0696;      70
29,0896;      78
29,1096;      79
29,1296;      69
29,1496;      62
29,1696;      74
29,1896;      61
29,2096;      62
29,2296;      53
29,2496;      43
29,2696;      59
29,2895;      36
29,3095;      31
29,3295;      25
29,3495;      29
29,3695;      22
29,3895;      14
29,4095;      10
29,4295;      15
29,4495;      12
29,4695;      14
29,4895;       9
29,5095;      11
29,5295;      16
29,5495;       8
29,5694;      10
29,5894;      13
29,6094;      19
29,6294;      20
29,6494;      10
29,6694;      22
29,6894;      17
29,7094;      21
29,7294;      19
29,7494;       9
29,7694;      11
29,7894;      11
29,8094;      17
29,8294;      13
29,8493;      10
29,8693;      10
29,8893;       8
29,9093;      17
29,9293;      10
29,9493;      12
29,9693;       9
29,9893;      10
30,0093;       5
30,0293;      10
30,0493;      10
30,0693;      10
30,0893;      11
30,1093;       8
30,1292;       9
30,1492;      11
30,1692;       8
30,1892;       9
30,2092;      13
30,2292;      11
30,2492;      14
30,2692;      12
30,2892;      17
30,3092;      13
30,3292;      14
30,3492;      15
30,3692;       6
30,3892;      11
30,4091;      12
30,4291;       8
30,4491;      10
30,4691;      12
30,4891;      16
30,5091;       4
30,5291;       8
30,5491;       6
30,5691;      10
30,5891;      11
30,6091;      14
30,6291;       6
30,6491;      11
30,6691;      13
30,6890;      12
30,7090;       8
30,7290;      10
30,7490;      12
30,7690;       8
30,7890;      10
30,8090;       9
30,8290;       9
30,8490;      11
30,8690;      10
30,8890;      13
30,9090;      11
30,9290;      12
30,9490;       9
30,9689;       8
30,9889;      17
31,0089;       7
31,0289;       8
31,0489;       8
31,0689;       4
31,0889;      11
31,1089;       8
31,1289;       5
31,1489;       8
31,1689;      15
31,1889;       9
31,2089;       4
31,2289;       9
31,2488;       6
31,2688;       7
31,2888;      11
31,3088;      10
31,3288;       6
31,3488;       2
31,3688;      11
31,3888;      14
31,4088;      10
31,4288;      10
31,4488;       8
31,4688;       9
31,4888;       9
31,5088;       5
31,5287;      12
31,5487;       9
31,5687;       4
31,5887;       9
31,6087;       9
31,6287;       3
31,6487;       8
31,6687;      13
31,6887;      11
31,7087;      10
31,7287;       6
31,7487;       6
31,7687;      13
31,7887;       6
31,8086;       4
31,8286;       7
31,8486;      10
31,8686;       7
31,8886;      12
31,9086;      14
31,9286;       9
31,9486;       4
31,9686;      11
31,9886;       4
32,0086;       8
32,0286;       5
32,0486;       2
32,0686;       6
32,0885;       9
32,1085;       5
32,1285;       8
32,1485;       6
32,1685;       6
32,1885;       4
32,2085;       6
32,2285;      10
32,2485;       3
32,2685;       7
32,2885;       0
32,3085;       5
32,3285;       4
32,3485;       4
32,3684;       9
32,3884;       5
32,4084;       4
32,4284;       6
32,4484;       2
32,4684;       4
32,4884;       4
32,5084;       9
32,5284;       4
32,5484;       6
32,5684;       6
32,5884;       5
32,6084;       4
32,6284;      10
32,6483;       8
32,6683;      12
32,6883;       5
32,7083;       4
32,7283;       4
32,7483;       7
32,7683;       8
32,7883;       8
32,8083;       3
32,8283;       3
32,8483;       3
32,8683;       4
32,8883;       9
32,9083;       9
32,9282;      10
32,9482;      11
32,9682;      10
32,9882;      16
33,0082;      10
33,0282;      16
33,0482;      11
33,0682;       7
33,0882;      13
33,1082;       7
33,1282;      16
33,1482;      10
33,1682;      18
33,1882;      15
33,2081;      18
33,2281;      14
33,2481;      17
33,2681;      14
33,2881;      15
33,3081;      30
33,3281;      16
33,3481;      15
33,3681;      18
33,3881;      17
33,4081;      15
33,4281;      20
33,4481;      20
33,4681;      12
33,4880;      17
33,5080;       9
33,5280;       6
33,5480;       6
33,5680;      12
33,5880;       5
33,6080;      11
33,6280;       5
33,6480;       3
33,6680;       6
33,6880;       5
33,7080;       4
33,7280;       4
33,7480;       5
33,7679;       1
33,7879;       2
33,8079;       7
33,8279;       3
33,8479;       1
33,8679;       5
33,8879;       5
33,9079;       5
33,9279;       3
33,9479;       8
33,9679;       4
33,9879;       4
34,0079;       9
34,0279;       5
34,0478;       3
34,0678;       3
34,0878;       4
34,1078;       7
34,1278;       4
34,1478;       7
34,1678;       5
34,1878;       5
34,2078;       4
34,2278;       6
34,2478;       0
34,2678;       7
34,2878;       1
34,3078;       6
34,3277;       5
34,3477;       5
34,3677;       3
34,3877;       4
34,4077;       6
34,4277;       4
34,4477;       3
34,4677;       4
34,4877;       1
34,5077;       3
34,5277;       5
34,5477;       3
34,5677;       0
34,5877;       0
34,6076;       2
34,6276;       1
34,6476;       2
34,6676;       1
34,6876;       1
34,7076;       0
34,7276;       4
34,7476;       2
34,7676;       3
34,7876;       2
34,8076;       3
34,8276;       5
34,8476;       3
34,8676;       5
34,8875;       3
34,9075;       0
34,9275;       0
34,9475;       1
34,9675;       2
34,9875;       4
35,0075;       0
35,0275;       0
35,0475;       6
35,0675;       2
35,0875;       2
35,1075;       4
35,1275;       0
35,1475;       3
35,1674;       2
35,1874;       3
35,2074;       5
35,2274;       4
35,2474;       2
35,2674;       3
35,2874;       1
35,3074;       4
35,3274;       0
35,3474;       2
35,3674;       3
35,3874;       1
35,4074;       1
35,4274;       4
35,4473;       2
35,4673;       3
35,4873;       2
35,5073;       3
35,5273;       2
35,5473;       3
35,5673;       4
35,5873;       2
35,6073;       1
35,6273;       7
35,6473;       1
35,6673;       3
35,6873;       7
35,7073;       0
35,7272;       5
35,7472;       4
35,7672;       4
35,7872;       5
35,8072;       8
35,8272;       4
35,8472;       3
35,8672;       5
35,8872;       7
35,9072;       5
35,9272;      10
35,9472;       4
35,9672;       5
35,9872;       3
36,0071;       5
36,0271;       4
36,0471;       1
36,0671;       5
36,0871;       5
36,1071;       1
36,1271;       3
36,1471;       3
36,1671;       4
36,1871;       5
36,2071;       1
36,2271;       2
36,2471;       3
36,2671;       1
36,2870;       2
36,3070;       1
36,3270;       3
36,3470;       4
36,3670;       1
36,3870;       3
36,4070;       2
36,4270;       0
36,4470;       4
36,4670;       8
36,4870;       5
36,5070;       7
36,5270;       3
36,5470;       1
36,5669;       5
36,5869;       3
36,6069;       1
36,6269;       4
36,6469;       5
36,6669;       1
36,6869;       2
36,7069;       1
36,7269;       2
36,7469;       1
36,7669;       0
36,7869;       1
36,8069;       2
36,8269;       4
36,8468;       0
36,8668;       3
36,8868;       0
36,9068;       1
36,9268;       2
36,9468;       1
36,9668;       0
36,9868;       2
37,0068;       0
37,0268;       2
37,0468;       0
37,0668;       0
37,0868;       0
37,1068;       1
37,1267;       0
37,1467;       1
37,1667;       3
37,1867;       4
37,2067;       1
37,2267;       2
37,2467;       3
37,2667;       1
37,2867;       2
37,3067;       3
37,3267;       1
37,3467;       4
37,3667;       0
37,3867;       0
37,4066;       1
37,4266;       0
37,4466;       1
37,4666;       0
37,4866;       0
37,5066;       3
37,5266;       3
37,5466;       1
37,5666;       1
37,5866;       1
37,6066;       5
37,6266;       7
37,6466;       1
37,6666;       3
37,6865;       3
37,7065;       5
37,7265;       0
37,7465;       2
37,7665;       2
37,7865;       5
37,8065;       3
37,8265;       1
37,8465;       2
37,8665;       7
37,8865;       5
37,9065;       6
37,9265;       2
37,9465;       3
37,9664;       3
37,9864;       2
38,0064;       0
38,0264;       1
38,0464;       3
38,0664;       8
38,0864;       3
38,1064;       3
38,1264;       4
38,1464;       2
38,1664;       1
38,1864;       4
38,2064;       1
38,2264;       1
38,2463;       3
38,2663;       0
38,2863;       0
38,3063;       2
38,3263;       0
38,3463;       0
38,3663;       1
38,3863;       3
38,4063;       0
38,4263;       0
38,4463;       1
38,4663;       1
38,4863;       0
38,5063;       0
38,5262;       0
38,5462;       0
38,5662;       0
38,5862;       0
38,6062;       0
38,6262;       0
38,6462;       0
38,6662;       0
38,6862;       1
38,7062;       1
38,7262;       0
38,7462;       0
38,7662;       1
38,7862;       0
38,8061;       0
38,8261;       0
38,8461;       1
38,8661;       1
38,8861;       0
38,9061;       1
38,9261;       1
38,9461;       0
38,9661;       1
38,9861;       2
39,0061;       1
39,0261;       1
39,0461;       1
39,0661;       0
39,0860;       3
39,1060;       2
39,1260;       0
39,1460;       3
39,1660;       1
39,1860;       0
39,2060;       1
39,2260;       1
39,2460;       2
39,2660;       1
39,2860;       0
39,3060;       0
39,3260;       2
39,3460;       0
39,3659;       0
39,3859;       0
39,4059;       0
39,4259;       0
39,4459;       0
39,4659;       0
39,4859;       0
39,5059;       0
39,5259;       1
39,5459;       1
39,5659;       0
39,5859;       1
39,6059;       0
39,6259;       0
39,6458;       0
39,6658;       0
39,6858;       0
39,7058;       0
39,7258;       1
39,7458;       1
39,7658;       0
39,7858;       0
39,8058;       0
39,8258;       0
39,8458;       0
39,8658;       0
39,8858;       0
39,9058;       1
39,9258;       0
39,9457;       2
39,9657;       1
39,9857;       0
40,0057;       1
40,0257;       2
40,0457;       1
40,0657;       0
40,0857;       0
40,1057;       0
40,1257;       1
40,1457;       0
40,1657;       0
40,1857;       0
40,2057;       0
40,2256;       0
40,2456;       0
40,2656;       1
40,2856;       0
40,3056;       0
40,3256;       0
40,3456;       0
40,3656;       0
40,3856;       0
40,4056;       0
40,4256;       1
40,4456;       0
40,4656;       0
40,4856;       0
40,5055;       0
40,5255;       0
40,5455;       1
40,5655;       2
40,5855;       0
40,6055;       0
40,6255;       0
40,6455;       0
40,6655;       0
40,6855;       0
40,7055;       0
40,7255;       1
40,7455;       0
40,7655;       1
40,7854;       0
40,8054;       0
40,8254;       0
40,8454;       0
40,8654;       0
40,8854;       0
40,9054;       0
40,9254;       0
