 0,0000;     225
 0,0200;     231
 0,0400;     170
 0,0600;      98
 0,0800;      60
 0,0999;      35
 0,1199;      10
 0,1399;       3
 0,1599;       4
 0,1799;       1
 0,1999;       0
 0,2199;       2
 0,2399;       2
 0,2599;       1
 0,2798;       0
 0,2998;       0
 0,3198;       2
 0,3398;       0
 0,3598;       1
 0,3798;       0
 0,3998;       0
 0,4198;       0
 0,4397;       0
 0,4597;       1
 0,4797;       1
 0,4997;       0
 0,5197;       1
 0,5397;       2
 0,5597;      13
 0,5797;      26
 0,5997;      58
 0,6196;     142
 0,6396;     177
 0,6596;     213
 0,6796;     218
 0,6996;     231
 0,7196;     230
 0,7396;     190
 0,7596;     207
 0,7796;     183
 0,7995;     195
 0,8195;     189
 0,8395;     190
 0,8595;     206
 0,8795;     176
 0,8995;     195
 0,9195;     192
 0,9395;     191
 0,9595;     191
 0,9794;     180
 0,9994;     179
 1,0194;     171
 1,0394;     168
 1,0594;     164
 1,0794;     162
 1,0994;     167
 1,1194;     173
 1,1394;     162
 1,1593;     163
 1,1793;     180
 1,1993;     132
 1,2193;     140
 1,2393;     159
 1,2593;     167
 1,2793;     147
 1,2993;     135
 1,3192;     143
 1,3392;     151
 1,3592;     151
 1,3792;     139
 1,3992;     186
 1,4192;     164
 1,4392;     161
 1,4592;     173
 1,4792;     144
 1,4991;     156
 1,5191;     146
 1,5391;     161
 1,5591;     153
 1,5791;     148
 1,5991;     157
 1,6191;     155
 1,6391;     147
 1,6591;     164
 1,6790;     202
 1,6990;     175
 1,7190;     199
 1,7390;     204
 1,7590;     218
 1,7790;     186
 1,7990;     173
 1,8190;     158
 1,8390;     159
 1,8589;     162
 1,8789;     142
 1,8989;     144
 1,9189;     140
 1,9389;     145
 1,9589;     141
 1,9789;     158
 1,9989;     173
 2,0188;     160
 2,0388;     149
 2,0588;     175
 2,0788;     174
 2,0988;     134
 2,1188;     168
 2,1388;     187
 2,1588;     154
 2,1788;     156
 2,1987;     157
 2,2187;     206
 2,2387;     223
 2,2587;     191
 2,2787;     223
 2,2987;     204
 2,3187;     235
 2,3387;     239
 2,3587;     223
 2,3786;     221
 2,3986;     235
 2,4186;     194
 2,4386;     206
 2,4586;     204
 2,4786;     236
 2,4986;     276
 2,5186;     293
 2,5386;     345
 2,5585;     432
 2,5785;     536
 2,5985;     598
 2,6185;     715
 2,6385;     836
 2,6585;     902
 2,6785;     956
 2,6985;     891
 2,7185;     887
 2,7384;     840
 2,7584;     815
 2,7784;     738
 2,7984;     770
 2,8184;     729
 2,8384;     763
 2,8584;     829
 2,8784;     804
 2,8983;     757
 2,9183;     738
 2,9383;     746
 2,9583;     719
 2,9783;     666
 2,9983;     563
 3,0183;     512
 3,0383;     446
 3,0583;     358
 3,0782;     350
 3,0982;     305
 3,1182;     269
 3,1382;     275
 3,1582;     272
 3,1782;     247
 3,1982;     233
 3,2182;     250
 3,2382;     260
 3,2581;     247
 3,2781;     247
 3,2981;     262
 3,3181;     238
 3,3381;     226
 3,3581;     236
 3,3781;     250
 3,3981;     255
 3,4181;     198
 3,4380;     216
 3,4580;     207
 3,4780;     221
 3,4980;     211
 3,5180;     225
 3,5380;     248
 3,5580;     271
 3,5780;     337
 3,5979;     411
 3,6179;     492
 3,6379;     544
 3,6579;     579
 3,6779;     630
 3,6979;     622
 3,7179;     570
 3,7379;     572
 3,7579;     475
 3,7778;     373
 3,7978;     354
 3,8178;     273
 3,8378;     285
 3,8578;     243
 3,8778;     268
 3,8978;     229
 3,9178;     270
 3,9378;     261
 3,9577;     310
 3,9777;     288
 3,9977;     299
 4,0177;     289
 4,0377;     302
 4,0577;     311
 4,0777;     280
 4,0977;     269
 4,1177;     285
 4,1376;     248
 4,1576;     268
 4,1776;     264
 4,1976;     260
 4,2176;     242
 4,2376;     249
 4,2576;     249
 4,2776;     227
 4,2976;     243
 4,3175;     273
 4,3375;     270
 4,3575;     264
 4,3775;     292
 4,3975;     312
 4,4175;     339
 4,4375;     350
 4,4575;     356
 4,4774;     332
 4,4974;     377
 4,5174;     378
 4,5374;     339
 4,5574;     348
 4,5774;     330
 4,5974;     356
 4,6174;     337
 4,6374;     327
 4,6573;     314
 4,6773;     309
 4,6973;     319
 4,7173;     322
 4,7373;     288
 4,7573;     322
 4,7773;     324
 4,7973;     326
 4,8173;     339
 4,8372;     362
 4,8572;     367
 4,8772;     366
 4,8972;     358
 4,9172;     387
 4,9372;     429
 4,9572;     408
 4,9772;     372
 4,9972;     420
 5,0171;     378
 5,0371;     359
 5,0571;     383
 5,0771;     352
 5,0971;     391
 5,1171;     390
 5,1371;     329
 5,1571;     371
 5,1770;     364
 5,1970;     321
 5,2170;     331
 5,2370;     373
 5,2570;     359
 5,2770;     359
 5,2970;     370
 5,3170;     367
 5,3370;     426
 5,3569;     420
 5,3769;     438
 5,3969;     415
 5,4169;     455
 5,4369;     392
 5,4569;     411
 5,4769;     403
 5,4969;     409
 5,5169;     443
 5,5368;     418
 5,5568;     403
 5,5768;     454
 5,5968;     424
 5,6168;     413
 5,6368;     398
 5,6568;     431
 5,6768;     408
 5,6968;     447
 5,7167;     496
 5,7367;     433
 5,7567;     472
 5,7767;     439
 5,7967;     438
 5,8167;     451
 5,8367;     443
 5,8567;     445
 5,8767;     447
 5,8966;     478
 5,9166;     493
 5,9366;     422
 5,9566;     492
 5,9766;     460
 5,9966;     451
 6,0166;     446
 6,0366;     474
 6,0565;     457
 6,0765;     466
 6,0965;     517
 6,1165;     541
 6,1365;     596
 6,1565;     625
 6,1765;     643
 6,1965;     784
 6,2165;     881
 6,2364;    1058
 6,2564;    1214
 6,2764;    1369
 6,2964;    1654
 6,3164;    1768
 6,3364;    2051
 6,3564;    2281
 6,3764;    2329
 6,3964;    2454
 6,4163;    2368
 6,4363;    2109
 6,4563;    1885
 6,4763;    1624
 6,4963;    1366
 6,5163;    1171
 6,5363;     914
 6,5563;     852
 6,5763;     743
 6,5962;     665
 6,6162;     664
 6,6362;     682
 6,6562;     632
 6,6762;     630
 6,6962;     607
 6,7162;     627
 6,7362;     657
 6,7561;     642
 6,7761;     643
 6,7961;     688
 6,8161;     728
 6,8361;     655
 6,8561;     701
 6,8761;     718
 6,8961;     734
 6,9161;     754
 6,9360;     804
 6,9560;     835
 6,9760;     852
 6,9960;     919
 7,0160;     913
 7,0360;     962
 7,0560;     942
 7,0760;     947
 7,0960;     932
 7,1159;     978
 7,1359;     888
 7,1559;     864
 7,1759;     822
 7,1959;     860
 7,2159;     828
 7,2359;     887
 7,2559;     848
 7,2759;     877
 7,2958;     924
 7,3158;     965
 7,3358;     994
 7,3558;     980
 7,3758;    1126
 7,3958;    1190
 7,4158;    1171
 7,4358;    1307
 7,4558;    1325
 7,4757;    1416
 7,4957;    1378
 7,5157;    1356
 7,5357;    1283
 7,5557;    1342
 7,5757;    1285
 7,5957;    1291
 7,6157;    1229
 7,6356;    1272
 7,6556;    1384
 7,6756;    1377
 7,6956;    1536
 7,7156;    1599
 7,7356;    1877
 7,7556;    2198
 7,7756;    2746
 7,7956;    3839
 7,8155;    5935
 7,8355;    9656
 7,8555;   15428
 7,8755;   25035
 7,8955;   38709
 7,9155;   57779
 7,9355;   81305
 7,9555;  109182
 7,9755;  138274
 7,9954;  164723
 8,0154;  186587
 8,0354;  197544
 8,0554;  198384
 8,0754;  186270
 8,0954;  166997
 8,1154;  139155
 8,1354;  110667
 8,1554;   83304
 8,1753;   58899
 8,1953;   39220
 8,2153;   25196
 8,2353;   15320
 8,2553;    9331
 8,2753;    5614
 8,2953;    3492
 8,3153;    2233
 8,3352;    1670
 8,3552;    1370
 8,3752;    1234
 8,3952;    1157
 8,4152;    1099
 8,4352;    1043
 8,4552;     975
 8,4752;     975
 8,4952;    1037
 8,5151;    1080
 8,5351;    1089
 8,5551;    1168
 8,5751;    1272
 8,5951;    1292
 8,6151;    1484
 8,6351;    1616
 8,6551;    1814
 8,6751;    2175
 8,6950;    2704
 8,7150;    3568
 8,7350;    4977
 8,7550;    6836
 8,7750;    9413
 8,7950;   12901
 8,8150;   16797
 8,8350;   20912
 8,8550;   24907
 8,8749;   27747
 8,8949;   30177
 8,9149;   29932
 8,9349;   29022
 8,9549;   26677
 8,9749;   22974
 8,9949;   18674
 9,0149;   14147
 9,0349;   10405
 9,0548;    7198
 9,0748;    4907
 9,0948;    3169
 9,1148;    1944
 9,1348;    1278
 9,1548;     832
 9,1748;     569
 9,1948;     398
 9,2147;     337
 9,2347;     299
 9,2547;     277
 9,2747;     232
 9,2947;     250
 9,3147;     243
 9,3347;     235
 9,3547;     234
 9,3747;     246
 9,3946;     228
 9,4146;     237
 9,4346;     220
 9,4546;     245
 9,4746;     233
 9,4946;     233
 9,5146;     223
 9,5346;     188
 9,5546;     207
 9,5745;     230
 9,5945;     233
 9,6145;     219
 9,6345;     239
 9,6545;     198
 9,6745;     205
 9,6945;     201
 9,7145;     216
 9,7345;     210
 9,7544;     186
 9,7744;     188
 9,7944;     196
 9,8144;     203
 9,8344;     225
 9,8544;     189
 9,8744;     227
 9,8944;     189
 9,9143;     190
 9,9343;     177
 9,9543;     175
 9,9743;     151
 9,9943;     168
10,0143;     151
10,0343;     205
10,0543;     154
10,0743;     151
10,0942;     136
10,1142;     167
10,1342;     173
10,1542;     175
10,1742;     155
10,1942;     162
10,2142;     156
10,2342;     150
10,2542;     153
10,2741;     169
10,2941;     176
10,3141;     176
10,3341;     158
10,3541;     158
10,3741;     144
10,3941;     148
10,4141;     202
10,4341;     189
10,4540;     213
10,4740;     227
10,4940;     223
10,5140;     187
10,5340;     225
10,5540;     220
10,5740;     251
10,5940;     217
10,6140;     211
10,6339;     238
10,6539;     222
10,6739;     176
10,6939;     200
10,7139;     182
10,7339;     168
10,7539;     196
10,7739;     182
10,7938;     194
10,8138;     177
10,8338;     164
10,8538;     189
10,8738;     145
10,8938;     157
10,9138;     155
10,9338;     171
10,9538;     130
10,9737;     153
10,9937;     163
11,0137;     169
11,0337;     147
11,0537;     153
11,0737;     151
11,0937;     142
11,1137;     169
11,1337;     147
11,1536;     132
11,1736;     145
11,1936;     148
11,2136;     167
11,2336;     135
11,2536;     152
11,2736;     137
11,2936;     142
11,3136;     122
11,3335;     110
11,3535;     121
11,3735;     146
11,3935;     137
11,4135;     133
11,4335;     141
11,4535;     131
11,4735;     159
11,4934;     125
11,5134;     140
11,5334;     135
11,5534;     124
11,5734;     117
11,5934;     155
11,6134;     144
11,6334;     128
11,6534;     147
11,6733;     145
11,6933;     163
11,7133;     161
11,7333;     143
11,7533;     149
11,7733;     166
11,7933;     163
11,8133;     149
11,8333;     155
11,8532;     164
11,8732;     142
11,8932;     139
11,9132;     124
11,9332;     141
11,9532;     120
11,9732;     139
11,9932;     136
12,0132;     131
12,0331;     135
12,0531;     125
12,0731;     142
12,0931;     120
12,1131;     133
12,1331;     125
12,1531;     114
12,1731;     105
12,1931;     135
12,2130;     129
12,2330;     119
12,2530;     128
12,2730;     114
12,2930;     126
12,3130;     125
12,3330;     120
12,3530;     125
12,3729;     112
12,3929;     122
12,4129;     122
12,4329;     109
12,4529;     131
12,4729;     123
12,4929;     122
12,5129;     134
12,5329;     131
12,5528;     127
12,5728;     117
12,5928;     145
12,6128;     137
12,6328;     139
12,6528;     130
12,6728;     141
12,6928;     153
12,7128;     109
12,7327;     118
12,7527;     122
12,7727;     117
12,7927;     115
12,8127;     121
12,8327;     123
12,8527;     121
12,8727;     121
12,8927;     110
12,9126;     120
12,9326;     116
12,9526;     136
12,9726;     100
12,9926;     105
13,0126;     136
13,0326;     119
13,0526;     134
13,0725;     118
13,0925;     130
13,1125;     115
13,1325;     107
13,1525;     102
13,1725;     121
13,1925;     102
13,2125;     106
13,2325;     112
13,2524;     136
13,2724;     110
13,2924;     101
13,3124;     118
13,3324;     115
13,3524;     101
13,3724;     114
13,3924;     105
13,4124;     100
13,4323;     101
13,4523;     106
13,4723;     125
13,4923;     127
13,5123;     120
13,5323;     118
13,5523;     114
13,5723;     125
13,5923;     108
13,6122;     109
13,6322;     120
13,6522;     106
13,6722;     102
13,6922;     102
13,7122;     113
13,7322;     121
13,7522;     103
13,7722;     101
13,7921;     105
13,8121;     109
13,8321;     117
13,8521;      98
13,8721;      94
13,8921;      99
13,9121;     106
13,9321;     101
13,9520;     123
13,9720;     103
13,9920;      95
14,0120;      95
14,0320;     108
14,0520;     101
14,0720;     116
14,0920;     101
14,1120;     107
14,1319;     124
14,1519;     111
14,1719;     117
14,1919;     106
14,2119;     116
14,2319;     117
14,2519;     132
14,2719;     129
14,2919;     131
14,3118;     117
14,3318;     143
14,3518;     143
14,3718;     164
14,3918;     177
14,4118;     181
14,4318;     173
14,4518;     158
14,4718;     150
14,4917;     174
14,5117;     149
14,5317;     119
14,5517;     149
14,5717;     130
14,5917;     133
14,6117;     128
14,6317;     122
14,6516;     106
14,6716;     103
14,6916;     119
14,7116;      83
14,7316;     106
14,7516;     119
14,7716;     115
14,7916;     112
14,8116;      88
14,8315;      76
14,8515;      95
14,8715;     105
14,8915;     117
14,9115;     106
14,9315;      93
14,9515;      97
14,9715;      83
14,9915;     122
15,0114;      96
15,0314;     101
15,0514;     109
15,0714;     123
15,0914;     100
15,1114;     102
15,1314;     124
15,1514;     118
15,1714;     112
15,1913;     114
15,2113;     120
15,2313;     115
15,2513;     111
15,2713;     113
15,2913;     122
15,3113;     119
15,3313;     114
15,3513;     110
15,3712;     124
15,3912;     130
15,4112;     110
15,4312;     114
15,4512;     125
15,4712;     120
15,4912;     119
15,5112;     123
15,5311;     137
15,5511;     134
15,5711;     127
15,5911;     131
15,6111;     113
15,6311;     132
15,6511;     128
15,6711;     129
15,6911;     105
15,7110;     129
15,7310;     137
15,7510;     131
15,7710;     125
15,7910;     135
15,8110;     170
15,8310;     216
15,8510;     245
15,8710;     306
15,8909;     374
15,9109;     500
15,9309;     706
15,9509;     898
15,9709;    1222
15,9909;    1454
16,0109;    1854
16,0309;    2181
16,0509;    2492
16,0708;    2839
16,0908;    2893
16,1108;    3012
16,1308;    3060
16,1508;    2797
16,1708;    2672
16,1908;    2380
16,2108;    2048
16,2307;    1634
16,2507;    1359
16,2707;    1091
16,2907;     800
16,3107;     622
16,3307;     420
16,3507;     314
16,3707;     225
16,3907;     165
16,4106;     146
16,4306;     108
16,4506;     111
16,4706;     119
16,4906;     111
16,5106;      95
16,5306;      99
16,5506;      87
16,5706;      97
16,5905;     124
16,6105;     103
16,6305;     133
16,6505;     114
16,6705;     109
16,6905;     143
16,7105;     132
16,7305;     154
16,7505;     196
16,7704;     220
16,7904;     278
16,8104;     315
16,8304;     416
16,8504;     476
16,8704;     634
16,8904;     646
16,9104;     773
16,9304;     948
16,9503;     954
16,9703;     937
16,9903;     978
17,0103;     914
17,0303;     841
17,0503;     771
17,0703;     717
17,0903;     615
17,1102;     464
17,1302;     372
17,1502;     294
17,1702;     219
17,1902;     204
17,2102;     159
17,2302;     121
17,2502;     108
17,2702;      77
17,2901;      80
17,3101;      88
17,3301;      63
17,3501;      69
17,3701;      71
17,3901;      68
17,4101;      71
17,4301;      63
17,4501;      56
17,4700;      53
17,4900;      75
17,5100;      64
17,5300;      72
17,5500;      58
17,5700;      68
17,5900;      67
17,6100;      81
17,6300;      84
17,6499;      61
17,6699;      91
17,6899;      97
17,7099;      95
17,7299;     104
17,7499;      99
17,7699;     114
17,7899;     106
17,8098;     113
17,8298;     116
17,8498;     138
17,8698;     116
17,8898;     127
17,9098;     103
17,9298;      95
17,9498;      86
17,9698;     100
17,9897;      87
18,0097;      87
18,0297;      71
18,0497;      64
18,0697;      66
18,0897;      68
18,1097;      70
18,1297;      77
18,1497;      76
18,1696;      53
18,1896;      64
18,2096;      57
18,2296;      62
18,2496;      71
18,2696;      62
18,2896;      79
18,3096;      61
18,3296;      58
18,3495;      67
18,3695;      79
18,3895;      74
18,4095;      66
18,4295;      81
18,4495;      61
18,4695;      61
18,4895;      69
18,5095;      58
18,5294;      90
18,5494;      79
18,5694;      98
18,5894;      97
18,6094;      84
18,6294;      95
18,6494;      94
18,6694;     101
18,6893;      89
18,7093;      92
18,7293;      93
18,7493;     106
18,7693;     122
18,7893;     107
18,8093;     117
18,8293;     123
18,8493;     121
18,8692;     130
18,8892;     130
18,9092;     133
18,9292;     152
18,9492;     134
18,9692;     141
18,9892;     132
19,0092;     160
19,0292;     164
19,0491;     162
19,0691;     164
19,0891;     145
19,1091;     149
19,1291;     146
19,1491;     153
19,1691;     152
19,1891;     140
19,2091;     112
19,2290;     135
19,2490;     141
19,2690;     107
19,2890;     107
19,3090;     114
19,3290;     107
19,3490;     111
19,3690;      87
19,3889;      95
19,4089;      96
19,4289;      83
19,4489;      85
19,4689;      89
19,4889;      78
19,5089;      64
19,5289;      77
19,5489;      57
19,5688;      60
19,5888;      63
19,6088;      74
19,6288;      65
19,6488;      63
19,6688;      52
19,6888;      63
19,7088;      75
19,7288;      61
19,7487;      66
19,7687;      55
19,7887;      55
19,8087;      54
19,8287;      55
19,8487;      55
19,8687;      67
19,8887;      48
19,9087;      62
19,9286;      66
19,9486;      88
19,9686;      92
19,9886;      96
20,0086;     112
20,0286;     102
20,0486;     127
20,0686;     128
20,0885;     146
20,1085;     146
20,1285;     172
20,1485;     183
20,1685;     196
20,1885;     181
20,2085;     188
20,2285;     196
20,2485;     183
20,2684;     154
20,2884;     157
20,3084;     144
20,3284;     131
20,3484;     127
20,3684;      97
20,3884;      90
20,4084;      78
20,4284;      68
20,4483;      64
20,4683;      50
20,4883;      66
20,5083;      37
20,5283;      32
20,5483;      38
20,5683;      42
20,5883;      40
20,6083;      39
20,6282;      43
20,6482;      38
20,6682;      54
20,6882;      42
20,7082;      38
20,7282;      44
20,7482;      33
20,7682;      37
20,7882;      40
20,8081;      35
20,8281;      48
20,8481;      52
20,8681;      42
20,8881;      47
20,9081;      54
20,9281;      39
20,9481;      55
20,9680;      64
20,9880;      58
21,0080;      55
21,0280;      60
21,0480;      50
21,0680;      67
21,0880;      55
21,1080;      70
21,1280;      76
21,1479;      63
21,1679;      62
21,1879;      61
21,2079;      67
21,2279;      66
21,2479;      50
21,2679;      71
21,2879;      65
21,3079;      52
21,3278;      59
21,3478;      54
21,3678;      56
21,3878;      55
21,4078;      62
21,4278;      54
21,4478;      48
21,4678;      37
21,4878;      43
21,5077;      51
21,5277;      54
21,5477;      28
21,5677;      44
21,5877;      45
21,6077;      51
21,6277;      35
21,6477;      47
21,6676;      45
21,6876;      36
21,7076;      36
21,7276;      41
21,7476;      41
21,7676;      52
21,7876;      39
21,8076;      38
21,8276;      40
21,8475;      29
21,8675;      38
21,8875;      39
21,9075;      44
21,9275;      42
21,9475;      39
21,9675;      41
21,9875;      44
22,0075;      59
22,0274;      51
22,0474;      34
22,0674;      46
22,0874;      38
22,1074;      43
22,1274;      47
22,1474;      41
22,1674;      52
22,1874;      52
22,2073;      25
22,2273;      45
22,2473;      45
22,2673;      33
22,2873;      28
22,3073;      32
22,3273;      40
22,3473;      33
22,3673;      34
22,3872;      29
22,4072;      35
22,4272;      27
22,4472;      30
22,4672;      42
22,4872;      29
22,5072;      34
22,5272;      32
22,5471;      28
22,5671;      42
22,5871;      35
22,6071;      37
22,6271;      47
22,6471;      38
22,6671;      53
22,6871;      48
22,7071;      44
22,7270;      42
22,7470;      53
22,7670;      42
22,7870;      40
22,8070;      41
22,8270;      52
22,8470;      46
22,8670;      39
22,8870;      36
22,9069;      40
22,9269;      31
22,9469;      29
22,9669;      34
22,9869;      31
23,0069;      29
23,0269;      33
23,0469;      26
23,0669;      28
23,0868;      29
23,1068;      34
23,1268;      35
23,1468;      29
23,1668;      32
23,1868;      35
23,2068;      30
23,2268;      30
23,2467;      32
23,2667;      29
23,2867;      33
23,3067;      32
23,3267;      22
23,3467;      30
23,3667;      21
23,3867;      24
23,4067;      23
23,4266;      30
23,4466;      25
23,4666;      28
23,4866;      27
23,5066;      30
23,5266;      24
23,5466;      23
23,5666;      30
23,5866;      17
23,6065;      22
23,6265;      16
23,6465;      26
23,6665;      22
23,6865;      23
23,7065;      29
23,7265;      40
23,7465;      17
23,7665;      27
23,7864;      27
23,8064;      27
23,8264;      21
23,8464;      25
23,8664;      31
23,8864;      23
23,9064;      35
23,9264;      29
23,9464;      31
23,9663;      31
23,9863;      26
24,0063;      29
24,0263;      33
24,0463;      30
24,0663;      41
24,0863;      36
24,1063;      33
24,1262;      40
24,1462;      49
24,1662;      38
24,1862;      36
24,2062;      44
24,2262;      47
24,2462;      42
24,2662;      38
24,2862;      39
24,3061;      31
24,3261;      35
24,3461;      34
24,3661;      22
24,3861;      30
24,4061;      21
24,4261;      23
24,4461;      27
24,4661;      21
24,4860;      18
24,5060;      31
24,5260;      25
24,5460;      22
24,5660;      14
24,5860;      15
24,6060;      23
24,6260;      20
24,6460;      21
24,6659;      35
24,6859;      20
24,7059;      19
24,7259;      10
24,7459;      20
24,7659;      20
24,7859;      29
24,8059;      14
24,8258;      18
24,8458;      30
24,8658;      24
24,8858;      30
24,9058;      18
24,9258;      31
24,9458;      32
24,9658;      17
24,9858;      37
25,0057;      38
25,0257;      35
25,0457;      33
25,0657;      33
25,0857;      38
25,1057;      34
25,1257;      28
25,1457;      37
25,1657;      32
25,1856;      27
25,2056;      29
25,2256;      22
25,2456;      28
25,2656;      22
25,2856;      13
25,3056;      19
25,3256;      23
25,3456;      29
25,3655;      24
25,3855;      24
25,4055;      22
25,4255;      14
25,4455;      28
25,4655;      15
25,4855;      25
25,5055;      16
25,5255;      14
25,5454;      18
25,5654;      14
25,5854;      14
25,6054;      15
25,6254;      12
25,6454;      16
25,6654;      20
25,6854;      12
25,7053;      18
25,7253;      16
25,7453;      21
25,7653;       9
25,7853;      21
25,8053;      17
25,8253;      15
25,8453;      22
25,8653;      17
25,8852;      24
25,9052;      16
25,9252;      25
25,9452;      17
25,9652;      22
25,9852;      28
26,0052;      18
26,0252;      20
26,0452;      17
26,0651;      16
26,0851;      12
26,1051;      17
26,1251;      12
26,1451;      16
26,1651;      18
26,1851;      14
26,2051;      18
26,2251;      25
26,2450;      15
26,2650;      19
26,2850;      23
26,3050;      11
26,3250;      13
26,3450;      11
26,3650;      24
26,3850;       9
26,4049;      25
26,4249;      17
26,4449;      18
26,4649;      18
26,4849;      18
26,5049;      20
26,5249;      19
26,5449;      14
26,5649;      20
26,5848;      11
26,6048;      14
26,6248;      26
26,6448;      20
26,6648;      23
26,6848;      12
26,7048;      18
26,7248;      12
26,7448;      14
26,7647;      17
26,7847;      20
26,8047;      15
26,8247;      13
26,8447;      11
26,8647;      23
26,8847;      16
26,9047;      13
26,9247;      14
26,9446;      23
26,9646;      13
26,9846;      11
27,0046;      18
27,0246;      15
27,0446;      14
27,0646;      18
27,0846;      21
27,1046;      17
27,1245;      14
27,1445;      23
27,1645;      14
27,1845;      17
27,2045;      17
27,2245;      18
27,2445;      14
27,2645;      13
27,2844;      11
27,3044;      13
27,3244;      11
27,3444;      14
27,3644;      12
27,3844;      22
27,4044;       8
27,4244;      13
27,4444;      15
27,4643;      25
27,4843;      11
27,5043;      16
27,5243;      19
27,5443;      16
27,5643;      12
27,5843;       3
27,6043;      13
27,6243;      13
27,6442;      12
27,6642;       9
27,6842;       8
27,7042;      15
27,7242;       9
27,7442;      11
27,7642;      14
27,7842;       8
27,8042;      12
27,8241;      14
27,8441;      12
27,8641;      11
27,8841;      12
27,9041;      11
27,9241;      11
27,9441;       9
27,9641;      12
27,9840;      12
28,0040;       9
28,0240;      13
28,0440;      10
28,0640;      19
28,0840;      13
28,1040;      13
28,1240;      10
28,1440;      20
28,1639;       9
28,1839;      15
28,2039;      18
28,2239;      10
28,2439;      17
28,2639;      15
28,2839;      23
28,3039;      22
28,3239;      10
28,3438;      10
28,3638;      17
28,3838;      16
28,4038;      14
28,4238;      13
28,4438;      15
28,4638;       7
28,4838;      11
28,5038;       8
28,5237;      15
28,5437;      12
28,5637;      13
28,5837;       8
28,6037;      10
28,6237;      15
28,6437;      11
28,6637;      10
28,6837;       7
28,7036;      11
28,7236;      16
28,7436;      14
28,7636;      11
28,7836;      10
28,8036;      25
28,8236;      10
28,8436;      12
28,8635;       5
28,8835;      13
28,9035;       8
28,9235;      13
28,9435;       5
28,9635;       6
28,9835;      13
29,0035;      14
29,0235;      10
29,0434;      10
29,0634;      11
29,0834;      10
29,1034;      11
29,1234;       8
29,1434;      10
29,1634;      13
29,1834;       8
29,2034;      18
29,2233;      12
29,2433;      13
29,2633;      16
29,2833;      11
29,3033;      11
29,3233;       9
29,3433;      17
29,3633;       9
29,3833;      10
29,4032;       4
29,4232;       4
29,4432;      12
29,4632;       6
29,4832;       9
29,5032;       7
29,5232;       7
29,5432;       6
29,5631;       8
29,5831;      12
29,6031;       7
29,6231;       6
29,6431;       7
29,6631;      10
29,6831;       6
29,7031;      13
29,7231;       9
29,7430;       7
29,7630;       5
29,7830;      13
29,8030;       9
29,8230;      10
29,8430;       9
29,8630;      14
29,8830;      14
29,9030;       9
29,9229;       7
29,9429;       8
29,9629;      10
29,9829;      10
30,0029;       9
30,0229;       4
30,0429;      10
30,0629;      16
30,0829;       5
30,1028;       9
30,1228;       7
30,1428;       8
30,1628;       9
30,1828;       7
30,2028;      12
30,2228;       8
30,2428;       7
30,2628;       6
30,2827;       6
30,3027;       5
30,3227;       8
30,3427;      11
30,3627;       4
30,3827;      14
30,4027;       4
30,4227;       9
30,4426;       6
30,4626;       7
30,4826;      11
30,5026;       4
30,5226;       5
30,5426;       5
30,5626;       7
30,5826;       6
30,6026;       7
30,6225;       8
30,6425;      10
30,6625;       3
30,6825;       9
30,7025;       7
30,7225;      10
30,7425;       6
30,7625;      10
30,7825;       6
30,8024;       7
30,8224;       4
30,8424;       8
30,8624;       8
30,8824;      10
30,9024;       4
30,9224;       7
30,9424;      10
30,9624;       5
30,9823;      14
31,0023;       6
31,0223;       2
31,0423;       7
31,0623;       8
31,0823;       7
31,1023;       6
31,1223;       7
31,1422;      12
31,1622;      10
31,1822;      15
31,2022;       9
31,2222;       5
31,2422;       8
31,2622;       7
31,2822;       7
31,3022;       7
31,3221;       7
31,3421;       8
31,3621;       8
31,3821;       7
31,4021;      10
31,4221;       4
31,4421;       2
31,4621;      11
31,4821;       3
31,5020;       6
31,5220;       3
31,5420;       7
31,5620;       7
31,5820;       4
31,6020;       8
31,6220;       3
31,6420;       9
31,6620;       6
31,6819;       2
31,7019;       5
31,7219;       4
31,7419;       6
31,7619;       4
31,7819;       9
31,8019;       7
31,8219;       4
31,8419;       3
31,8618;       4
31,8818;       1
31,9018;       5
31,9218;       2
31,9418;       4
31,9618;       4
31,9818;       7
32,0018;       5
32,0217;       1
32,0417;       5
32,0617;       8
32,0817;       4
32,1017;       4
32,1217;       7
32,1417;       2
32,1617;       6
32,1817;       6
32,2016;      11
32,2216;       2
32,2416;       4
32,2616;       4
32,2816;       6
32,3016;       6
32,3216;       4
32,3416;       3
32,3616;       7
32,3815;       1
32,4015;       7
32,4215;       2
32,4415;       2
32,4615;       4
32,4815;       3
32,5015;       6
32,5215;       3
32,5415;       2
32,5614;       4
32,5814;       3
32,6014;       2
32,6214;       2
32,6414;       3
32,6614;       5
32,6814;       3
32,7014;       5
32,7213;       4
32,7413;       1
32,7613;       6
32,7813;       5
32,8013;       4
32,8213;       6
32,8413;       2
32,8613;       1
32,8813;       3
32,9012;       7
32,9212;       1
32,9412;       6
32,9612;       2
32,9812;       2
33,0012;       2
33,0212;       3
33,0412;       3
33,0612;       3
33,0811;       1
33,1011;       5
33,1211;       1
33,1411;       4
33,1611;       6
33,1811;       4
33,2011;       3
33,2211;       7
33,2411;       3
33,2610;       1
33,2810;       2
33,3010;       3
33,3210;       7
33,3410;       3
33,3610;       5
33,3810;       3
33,4010;       2
33,4210;       3
33,4409;       0
33,4609;       5
33,4809;       2
33,5009;       5
33,5209;       4
33,5409;       5
33,5609;       2
33,5809;       4
33,6008;       5
33,6208;       4
33,6408;       5
33,6608;       4
33,6808;       3
33,7008;       2
33,7208;       2
33,7408;       1
33,7608;       5
33,7807;       2
33,8007;       4
33,8207;       3
33,8407;       5
33,8607;       1
33,8807;       2
33,9007;       2
33,9207;       5
33,9407;       3
33,9606;       2
33,9806;       3
34,0006;       3
34,0206;       3
34,0406;       4
34,0606;       3
34,0806;       1
34,1006;       8
34,1206;       1
34,1405;       3
34,1605;       2
34,1805;       5
34,2005;       1
34,2205;       2
34,2405;       2
34,2605;       3
34,2805;       2
34,3004;       3
34,3204;       2
34,3404;       1
34,3604;       4
34,3804;       2
34,4004;       5
34,4204;       2
34,4404;       4
34,4604;       4
34,4803;       2
34,5003;       3
34,5203;       4
34,5403;       0
34,5603;       1
34,5803;       0
34,6003;       1
34,6203;       1
34,6403;       2
34,6602;       2
34,6802;       3
34,7002;       2
34,7202;       2
34,7402;       2
34,7602;       0
34,7802;       6
34,8002;       1
34,8202;       1
34,8401;       2
34,8601;       0
34,8801;       3
34,9001;       0
34,9201;       3
34,9401;       2
34,9601;       1
34,9801;       1
35,0001;       4
35,0200;       1
35,0400;       4
35,0600;       1
35,0800;       2
35,1000;       1
35,1200;       3
35,1400;       1
35,1600;       1
35,1799;       1
35,1999;       1
35,2199;       2
35,2399;       2
35,2599;       1
35,2799;       0
35,2999;       1
35,3199;       2
35,3399;       2
35,3598;       1
35,3798;       1
35,3998;       2
35,4198;       2
35,4398;       3
35,4598;       2
35,4798;       2
35,4998;       3
35,5198;       1
35,5397;       1
35,5597;       1
35,5797;       1
35,5997;       2
35,6197;       2
35,6397;       0
35,6597;       2
35,6797;       1
35,6997;       1
35,7196;       2
35,7396;       1
35,7596;       2
35,7796;       2
35,7996;       0
35,8196;       1
35,8396;       1
35,8596;       0
35,8795;       2
35,8995;       2
35,9195;       1
35,9395;       1
35,9595;       1
35,9795;       0
35,9995;       2
36,0195;       0
36,0395;       2
36,0594;       1
36,0794;       2
36,0994;       1
36,1194;       0
36,1394;       0
36,1594;       2
36,1794;       0
36,1994;       3
36,2194;       0
36,2393;       1
36,2593;       0
36,2793;       0
36,2993;       0
36,3193;       0
36,3393;       0
36,3593;       1
36,3793;       2
36,3993;       0
36,4192;       1
36,4392;       1
36,4592;       0
36,4792;       0
36,4992;       1
36,5192;       1
36,5392;       0
36,5592;       1
36,5792;       1
36,5991;       0
36,6191;       0
36,6391;       0
36,6591;       1
36,6791;       0
36,6991;       1
36,7191;       2
36,7391;       0
36,7590;       1
36,7790;       1
36,7990;       0
36,8190;       1
36,8390;       0
36,8590;       1
36,8790;       0
36,8990;       3
36,9190;       0
36,9389;       0
36,9589;       1
36,9789;       1
36,9989;       0
37,0189;       0
37,0389;       0
37,0589;       0
37,0789;       0
37,0989;       1
37,1188;       0
37,1388;       0
37,1588;       0
37,1788;       1
37,1988;       0
37,2188;       0
37,2388;       0
37,2588;       1
37,2788;       1
37,2987;       1
37,3187;       0
37,3387;       2
37,3587;       0
37,3787;       0
37,3987;       1
37,4187;       1
37,4387;       1
37,4586;       0
37,4786;       0
37,4986;       0
37,5186;       0
37,5386;       1
37,5586;       1
37,5786;       1
37,5986;       1
37,6186;       0
37,6385;       1
37,6585;       1
37,6785;       2
37,6985;       2
37,7185;       1
37,7385;       0
37,7585;       0
37,7785;       1
37,7985;       0
37,8184;       1
37,8384;       0
37,8584;       0
37,8784;       0
37,8984;       0
37,9184;       0
37,9384;       0
37,9584;       0
37,9784;       0
37,9983;       0
38,0183;       2
38,0383;       0
38,0583;       2
38,0783;       0
38,0983;       0
38,1183;       0
38,1383;       0
38,1583;       1
38,1782;       1
38,1982;       0
38,2182;       1
38,2382;       1
38,2582;       0
38,2782;       0
38,2982;       1
38,3182;       0
38,3381;       0
38,3581;       0
38,3781;       0
38,3981;       1
38,4181;       0
38,4381;       2
38,4581;       0
38,4781;       0
38,4981;       0
38,5180;       0
38,5380;       0
38,5580;       1
38,5780;       1
38,5980;       0
38,6180;       2
38,6380;       0
38,6580;       1
38,6780;       1
38,6979;       1
38,7179;       0
38,7379;       0
38,7579;       1
38,7779;       0
38,7979;       0
38,8179;       0
38,8379;       0
38,8579;       0
38,8778;       0
38,8978;       1
38,9178;       0
38,9378;       0
38,9578;       0
38,9778;       0
38,9978;       1
39,0178;       1
39,0377;       0
39,0577;       0
39,0777;       0
39,0977;       1
39,1177;       0
39,1377;       0
39,1577;       1
39,1777;       1
39,1977;       1
39,2176;       0
39,2376;       0
39,2576;       1
39,2776;       0
39,2976;       1
39,3176;       1
39,3376;       1
39,3576;       0
39,3776;       0
39,3975;       1
39,4175;       0
39,4375;       0
39,4575;       1
39,4775;       0
39,4975;       0
39,5175;       0
39,5375;       0
39,5575;       1
39,5774;       0
39,5974;       0
39,6174;       0
39,6374;       0
39,6574;       0
39,6774;       1
39,6974;       0
39,7174;       1
39,7374;       0
39,7573;       1
39,7773;       0
39,7973;       2
39,8173;       0
39,8373;       0
39,8573;       0
39,8773;       0
39,8973;       0
39,9172;       0
39,9372;       0
39,9572;       0
39,9772;       0
39,9972;       0
40,0172;       0
40,0372;       0
40,0572;       1
40,0772;       1
40,0971;       2
40,1171;       0
40,1371;       0
40,1571;       0
40,1771;       0
40,1971;       0
40,2171;       0
40,2371;       0
40,2571;       0
40,2770;       1
40,2970;       0
40,3170;       0
40,3370;       0
40,3570;       0
40,3770;       0
40,3970;       0
40,4170;       0
40,4370;       1
40,4569;       0
40,4769;       0
40,4969;       0
40,5169;       0
40,5369;       0
40,5569;       0
40,5769;       0
40,5969;       0
40,6168;       0
40,6368;       0
40,6568;       0
40,6768;       0
40,6968;       0
40,7168;       0
40,7368;       0
40,7568;       1
40,7768;       1
40,7967;       0
40,8167;       0
40,8367;       0
40,8567;       0
40,8767;       0
40,8967;       0
40,9167;       0
