 0,0000;     450
 0,0200;     405
 0,0400;     291
 0,0600;     193
 0,0800;     112
 0,1000;      40
 0,1200;      21
 0,1400;       6
 0,1600;       3
 0,1800;       2
 0,2000;       0
 0,2200;       1
 0,2400;       1
 0,2600;       0
 0,2800;       1
 0,3000;       1
 0,3200;       0
 0,3400;       0
 0,3600;       0
 0,3800;       1
 0,4000;       0
 0,4200;       0
 0,4400;       1
 0,4600;       1
 0,4800;       1
 0,5000;       0
 0,5200;       0
 0,5400;       0
 0,5600;       4
 0,5800;      19
 0,6000;      74
 0,6200;     165
 0,6400;     264
 0,6600;     313
 0,6800;     337
 0,7000;     400
 0,7200;     379
 0,7400;     335
 0,7600;     334
 0,7800;     319
 0,8000;     334
 0,8200;     353
 0,8400;     325
 0,8600;     328
 0,8800;     336
 0,9000;     327
 0,9200;     322
 0,9400;     327
 0,9600;     339
 0,9800;     311
 1,0000;     292
 1,0200;     330
 1,0400;     296
 1,0600;     314
 1,0800;     314
 1,1000;     308
 1,1200;     314
 1,1400;     336
 1,1600;     344
 1,1800;     357
 1,2000;     389
 1,2200;     386
 1,2400;     371
 1,2600;     384
 1,2800;     372
 1,3000;     375
 1,3200;     390
 1,3400;     361
 1,3600;     387
 1,3800;     340
 1,4000;     371
 1,4200;     353
 1,4400;     403
 1,4600;     397
 1,4800;     337
 1,5000;     388
 1,5200;     379
 1,5400;     345
 1,5600;     371
 1,5800;     310
 1,6000;     334
 1,6200;     315
 1,6400;     299
 1,6600;     317
 1,6800;     277
 1,7000;     299
 1,7200;     332
 1,7400;     273
 1,7600;     290
 1,7800;     300
 1,8000;     296
 1,8200;     241
 1,8400;     275
 1,8600;     248
 1,8800;     245
 1,9000;     249
 1,9200;     267
 1,9400;     271
 1,9600;     214
 1,9800;     247
 2,0000;     252
 2,0200;     254
 2,0400;     270
 2,0600;     248
 2,0800;     249
 2,1000;     244
 2,1200;     260
 2,1400;     251
 2,1600;     262
 2,1800;     241
 2,2000;     313
 2,2200;     327
 2,2400;     402
 2,2600;     473
 2,2800;     480
 2,3000;     512
 2,3200;     527
 2,3400;     506
 2,3600;     453
 2,3800;     421
 2,4000;     399
 2,4200;     325
 2,4400;     321
 2,4600;     344
 2,4800;     366
 2,5000;     383
 2,5200;     456
 2,5400;     564
 2,5600;     761
 2,5800;     922
 2,6000;    1143
 2,6200;    1356
 2,6400;    1515
 2,6600;    1633
 2,6800;    1684
 2,7000;    1639
 2,7200;    1596
 2,7400;    1587
 2,7600;    1525
 2,7800;    1497
 2,8000;    1481
 2,8200;    1687
 2,8400;    1962
 2,8600;    2363
 2,8800;    3015
 2,9000;    3928
 2,9200;    4903
 2,9400;    5799
 2,9600;    6495
 2,9800;    7128
 3,0000;    6969
 3,0200;    6368
 3,0400;    5605
 3,0600;    4943
 3,0800;    4433
 3,1000;    4190
 3,1200;    4191
 3,1400;    4114
 3,1600;    4372
 3,1800;    4089
 3,2000;    3841
 3,2200;    3422
 3,2400;    2851
 3,2600;    2354
 3,2800;    2015
 3,3000;    1738
 3,3200;    1521
 3,3400;    1359
 3,3600;    1252
 3,3800;    1061
 3,4000;     884
 3,4200;     745
 3,4400;     611
 3,4600;     543
 3,4800;     514
 3,5000;     481
 3,5200;     449
 3,5400;     449
 3,5600;     424
 3,5800;     405
 3,6000;     391
 3,6200;     383
 3,6400;     452
 3,6600;     426
 3,6800;     436
 3,7000;     468
 3,7200;     456
 3,7400;     439
 3,7600;     402
 3,7800;     353
 3,8000;     317
 3,8200;     278
 3,8400;     252
 3,8600;     229
 3,8800;     214
 3,9000;     185
 3,9200;     192
 3,9400;     219
 3,9600;     191
 3,9800;     213
 4,0000;     227
 4,0200;     236
 4,0400;     228
 4,0600;     217
 4,0800;     228
 4,1000;     194
 4,1200;     208
 4,1400;     183
 4,1600;     208
 4,1800;     194
 4,2000;     180
 4,2200;     210
 4,2400;     205
 4,2600;     212
 4,2800;     214
 4,3000;     205
 4,3200;     210
 4,3400;     217
 4,3600;     224
 4,3800;     220
 4,4000;     233
 4,4200;     233
 4,4400;     259
 4,4600;     301
 4,4800;     287
 4,5000;     319
 4,5200;     310
 4,5400;     298
 4,5600;     305
 4,5800;     272
 4,6000;     281
 4,6200;     252
 4,6400;     261
 4,6600;     228
 4,6800;     259
 4,7000;     275
 4,7200;     263
 4,7400;     258
 4,7600;     278
 4,7800;     266
 4,8000;     289
 4,8200;     279
 4,8400;     312
 4,8600;     279
 4,8800;     285
 4,9000;     286
 4,9200;     320
 4,9400;     364
 4,9600;     328
 4,9800;     328
 5,0000;     305
 5,0200;     304
 5,0400;     283
 5,0600;     303
 5,0800;     288
 5,1000;     294
 5,1200;     262
 5,1400;     289
 5,1600;     306
 5,1800;     314
 5,2000;     291
 5,2200;     299
 5,2400;     295
 5,2600;     298
 5,2800;     318
 5,3000;     323
 5,3200;     304
 5,3400;     326
 5,3600;     348
 5,3800;     345
 5,4000;     338
 5,4200;     364
 5,4400;     354
 5,4600;     356
 5,4800;     381
 5,5000;     378
 5,5200;     380
 5,5400;     408
 5,5600;     367
 5,5800;     387
 5,6000;     356
 5,6200;     415
 5,6400;     429
 5,6600;     414
 5,6800;     449
 5,7000;     470
 5,7200;     448
 5,7400;     449
 5,7600;     475
 5,7800;     490
 5,8000;     460
 5,8200;     479
 5,8400;     532
 5,8600;     483
 5,8800;     454
 5,9000;     472
 5,9200;     506
 5,9400;     478
 5,9600;     458
 5,9800;     491
 6,0000;     455
 6,0200;     451
 6,0400;     462
 6,0600;     484
 6,0800;     455
 6,1000;     503
 6,1200;     479
 6,1400;     488
 6,1600;     457
 6,1800;     474
 6,2000;     493
 6,2200;     557
 6,2400;     516
 6,2600;     555
 6,2800;     681
 6,3000;     692
 6,3200;     755
 6,3400;     775
 6,3600;     876
 6,3800;     944
 6,4000;     930
 6,4200;     917
 6,4400;     834
 6,4600;     785
 6,4800;     727
 6,5000;     640
 6,5200;     584
 6,5400;     476
 6,5600;     463
 6,5800;     466
 6,6000;     446
 6,6200;     433
 6,6400;     410
 6,6600;     411
 6,6800;     394
 6,7000;     425
 6,7200;     435
 6,7400;     439
 6,7600;     454
 6,7800;     394
 6,8000;     451
 6,8200;     456
 6,8400;     420
 6,8600;     435
 6,8800;     433
 6,9000;     476
 6,9200;     449
 6,9400;     448
 6,9600;     502
 6,9800;     468
 7,0000;     494
 7,0200;     506
 7,0400;     527
 7,0600;     548
 7,0800;     521
 7,1000;     553
 7,1200;     542
 7,1400;     589
 7,1600;     560
 7,1800;     591
 7,2000;     586
 7,2200;     615
 7,2400;     689
 7,2600;     656
 7,2800;     670
 7,3000;     743
 7,3200;     775
 7,3400;     848
 7,3600;     883
 7,3800;    1016
 7,4000;    1193
 7,4200;    1209
 7,4400;    1250
 7,4600;    1381
 7,4800;    1346
 7,5000;    1277
 7,5200;    1277
 7,5400;    1120
 7,5600;    1092
 7,5800;     893
 7,6000;     843
 7,6200;     734
 7,6400;     711
 7,6600;     626
 7,6800;     675
 7,7000;     651
 7,7200;     679
 7,7400;     657
 7,7600;     646
 7,7800;     759
 7,8000;     872
 7,8200;    1050
 7,8400;    1427
 7,8600;    2164
 7,8800;    3182
 7,9000;    4683
 7,9200;    6799
 7,9400;    9472
 7,9600;   12767
 7,9800;   16031
 8,0000;   19088
 8,0200;   21477
 8,0400;   22726
 8,0600;   22644
 8,0800;   21135
 8,1000;   19010
 8,1200;   15473
 8,1400;   12411
 8,1600;    8953
 8,1800;    6404
 8,2000;    4377
 8,2200;    2835
 8,2400;    1900
 8,2600;    1307
 8,2800;     997
 8,3000;     815
 8,3200;     700
 8,3400;     639
 8,3600;     554
 8,3800;     548
 8,4000;     504
 8,4200;     478
 8,4400;     492
 8,4600;     535
 8,4800;     580
 8,5000;     530
 8,5200;     526
 8,5400;     563
 8,5600;     582
 8,5800;     604
 8,6000;     609
 8,6200;     656
 8,6400;     683
 8,6600;     671
 8,6800;     708
 8,7000;     680
 8,7200;     825
 8,7400;     994
 8,7600;    1234
 8,7800;    1481
 8,8000;    1920
 8,8200;    2249
 8,8400;    2786
 8,8600;    3262
 8,8800;    3581
 8,9000;    3928
 8,9200;    3988
 8,9400;    3875
 8,9600;    3230
 8,9800;    2996
 9,0000;    2496
 9,0200;    1963
 9,0400;    1476
 9,0600;    1199
 9,0800;     884
 9,1000;     704
 9,1200;     577
 9,1400;     491
 9,1600;     497
 9,1800;     486
 9,2000;     371
 9,2200;     431
 9,2400;     419
 9,2600;     369
 9,2800;     359
 9,3000;     394
 9,3200;     363
 9,3400;     387
 9,3600;     374
 9,3800;     391
 9,4000;     399
 9,4200;     389
 9,4400;     401
 9,4600;     418
 9,4800;     417
 9,5000;     421
 9,5200;     445
 9,5400;     461
 9,5600;     565
 9,5800;     607
 9,6000;     653
 9,6200;     720
 9,6400;     799
 9,6600;     820
 9,6800;     912
 9,7000;     986
 9,7200;     967
 9,7400;     998
 9,7600;     976
 9,7800;     952
 9,8000;     792
 9,8200;     723
 9,8400;     648
 9,8600;     603
 9,8800;     556
 9,9000;     526
 9,9200;     493
 9,9400;     439
 9,9600;     465
 9,9800;     455
10,0000;     472
10,0200;     399
10,0400;     423
10,0600;     458
10,0800;     435
10,1000;     445
10,1200;     430
10,1400;     457
10,1600;     453
10,1800;     467
10,2000;     426
10,2200;     423
10,2400;     476
10,2600;     485
10,2800;     493
10,3000;     455
10,3200;     506
10,3400;     466
10,3600;     539
10,3800;     571
10,4000;     556
10,4200;     628
10,4400;     710
10,4600;     764
10,4800;     842
10,5000;     881
10,5200;    1002
10,5400;    1005
10,5600;     998
10,5800;    1029
10,6000;     932
10,6200;     892
10,6400;     809
10,6600;     746
10,6800;     717
10,7000;     640
10,7200;     554
10,7400;     551
10,7600;     508
10,7800;     513
10,8000;     472
10,8200;     447
10,8400;     525
10,8600;     493
10,8800;     477
10,9000;     471
10,9200;     472
10,9400;     419
10,9600;     451
10,9800;     452
11,0000;     424
11,0200;     423
11,0400;     402
11,0600;     431
11,0800;     424
11,1000;     403
11,1200;     413
11,1400;     433
11,1600;     442
11,1800;     410
11,2000;     420
11,2200;     408
11,2400;     420
11,2600;     464
11,2800;     488
11,3000;     509
11,3200;     543
11,3400;     592
11,3600;     607
11,3800;     687
11,4000;     720
11,4200;     780
11,4400;     791
11,4600;     792
11,4800;     788
11,5000;     783
11,5200;     737
11,5400;     767
11,5600;     739
11,5800;     658
11,6000;     664
11,6200;     616
11,6400;     576
11,6600;     497
11,6800;     506
11,7000;     475
11,7200;     442
11,7400;     448
11,7600;     432
11,7800;     452
11,8000;     429
11,8200;     446
11,8400;     443
11,8600;     421
11,8800;     408
11,9000;     435
11,9200;     437
11,9400;     448
11,9600;     396
11,9800;     378
12,0000;     422
12,0200;     392
12,0400;     385
12,0600;     387
12,0800;     392
12,1000;     359
12,1200;     383
12,1400;     388
12,1600;     380
12,1800;     371
12,2000;     354
12,2200;     399
12,2400;     398
12,2600;     366
12,2800;     374
12,3000;     367
12,3200;     411
12,3400;     384
12,3600;     410
12,3800;     388
12,4000;     354
12,4200;     441
12,4400;     441
12,4600;     468
12,4800;     521
12,5000;     638
12,5200;     599
12,5400;     756
12,5600;     787
12,5800;     858
12,6000;     925
12,6200;     949
12,6400;     982
12,6600;     921
12,6800;     854
12,7000;     824
12,7200;     735
12,7400;     699
12,7600;     583
12,7800;     536
12,8000;     536
12,8200;     465
12,8400;     453
12,8600;     433
12,8800;     444
12,9000;     421
12,9200;     452
12,9400;     439
12,9600;     382
12,9800;     446
13,0000;     424
13,0200;     415
13,0400;     430
13,0600;     433
13,0800;     460
13,1000;     406
13,1200;     386
13,1400;     415
13,1600;     403
13,1800;     369
13,2000;     372
13,2200;     372
13,2400;     381
13,2600;     386
13,2800;     383
13,3000;     401
13,3200;     398
13,3400;     396
13,3600;     414
13,3800;     425
13,4000;     439
13,4200;     440
13,4400;     381
13,4600;     349
13,4800;     393
13,5000;     363
13,5200;     349
13,5400;     322
13,5600;     321
13,5800;     335
13,6000;     313
13,6200;     288
13,6400;     350
13,6600;     319
13,6800;     354
13,7000;     289
13,7200;     324
13,7400;     314
13,7600;     316
13,7800;     317
13,8000;     333
13,8200;     339
13,8400;     313
13,8600;     311
13,8800;     300
13,9000;     291
13,9200;     299
13,9400;     318
13,9600;     269
13,9800;     280
14,0000;     289
14,0200;     276
14,0400;     282
14,0600;     266
14,0800;     273
14,1000;     265
14,1200;     292
14,1400;     286
14,1600;     272
14,1800;     298
14,2000;     287
14,2200;     269
14,2400;     270
14,2600;     256
14,2800;     285
14,3000;     292
14,3200;     269
14,3400;     282
14,3600;     264
14,3800;     280
14,4000;     297
14,4200;     276
14,4400;     269
14,4600;     249
14,4800;     259
14,5000;     265
14,5200;     274
14,5400;     247
14,5600;     252
14,5800;     256
14,6000;     250
14,6200;     289
14,6400;     289
14,6600;     314
14,6800;     318
14,7000;     335
14,7200;     360
14,7400;     370
14,7600;     341
14,7800;     393
14,8000;     365
14,8200;     354
14,8400;     364
14,8600;     342
14,8800;     327
14,9000;     305
14,9200;     302
14,9400;     286
14,9600;     281
14,9800;     276
15,0000;     254
15,0200;     266
15,0400;     262
15,0600;     251
15,0800;     287
15,1000;     290
15,1200;     282
15,1400;     265
15,1600;     302
15,1800;     316
15,2000;     293
15,2200;     282
15,2400;     289
15,2600;     270
15,2800;     258
15,3000;     252
15,3200;     275
15,3400;     264
15,3600;     298
15,3800;     275
15,4000;     257
15,4200;     245
15,4400;     255
15,4600;     225
15,4800;     236
15,5000;     252
15,5200;     248
15,5400;     237
15,5600;     244
15,5800;     244
15,6000;     242
15,6200;     203
15,6400;     272
15,6600;     218
15,6800;     239
15,7000;     268
15,7200;     258
15,7400;     256
15,7600;     267
15,7800;     219
15,8000;     236
15,8200;     249
15,8400;     262
15,8600;     237
15,8800;     211
15,9000;     229
15,9200;     214
15,9400;     219
15,9600;     245
15,9800;     253
16,0000;     228
16,0200;     190
16,0400;     209
16,0600;     234
16,0800;     247
16,1000;     227
16,1200;     239
16,1400;     228
16,1600;     233
16,1800;     246
16,2000;     219
16,2200;     212
16,2400;     219
16,2600;     209
16,2800;     223
16,3000;     208
16,3200;     218
16,3400;     199
16,3600;     216
16,3800;     204
16,4000;     196
16,4200;     205
16,4400;     205
16,4600;     230
16,4800;     189
16,5000;     218
16,5200;     184
16,5400;     207
16,5600;     197
16,5800;     218
16,6000;     196
16,6200;     201
16,6400;     181
16,6600;     227
16,6800;     199
16,7000;     184
16,7200;     216
16,7400;     197
16,7600;     189
16,7800;     181
16,8000;     213
16,8200;     203
16,8400;     199
16,8600;     195
16,8800;     200
16,9000;     204
16,9200;     218
16,9400;     202
16,9600;     177
16,9800;     192
17,0000;     201
17,0200;     201
17,0400;     163
17,0600;     189
17,0800;     200
17,1000;     186
17,1200;     190
17,1400;     194
17,1600;     210
17,1800;     202
17,2000;     186
17,2200;     166
17,2400;     174
17,2600;     188
17,2800;     185
17,3000;     164
17,3200;     188
17,3400;     184
17,3600;     177
17,3800;     184
17,4000;     180
17,4200;     194
17,4400;     170
17,4600;     186
17,4800;     189
17,5000;     209
17,5200;     176
17,5400;     174
17,5600;     206
17,5800;     199
17,6000;     192
17,6200;     189
17,6400;     190
17,6600;     200
17,6800;     181
17,7000;     174
17,7200;     180
17,7400;     189
17,7600;     204
17,7800;     190
17,8000;     217
17,8200;     177
17,8400;     192
17,8600;     169
17,8800;     187
17,9000;     205
17,9200;     193
17,9400;     177
17,9600;     166
17,9800;     216
18,0000;     185
18,0200;     176
18,0400;     194
18,0600;     178
18,0800;     215
18,1000;     193
18,1200;     215
18,1400;     188
18,1600;     171
18,1800;     191
18,2000;     189
18,2200;     201
18,2400;     204
18,2600;     195
18,2800;     190
18,3000;     184
18,3200;     214
18,3400;     196
18,3600;     205
18,3800;     184
18,4000;     202
18,4200;     197
18,4400;     177
18,4600;     226
18,4800;     221
18,5000;     213
18,5200;     195
18,5400;     230
18,5600;     211
18,5800;     220
18,6000;     219
18,6200;     246
18,6400;     236
18,6600;     250
18,6800;     259
18,7000;     258
18,7200;     273
18,7400;     266
18,7600;     272
18,7800;     276
18,8000;     272
18,8200;     288
18,8400;     299
18,8600;     281
18,8800;     290
18,9000;     333
18,9200;     313
18,9400;     332
18,9600;     317
18,9800;     370
19,0000;     372
19,0200;     334
19,0400;     336
19,0600;     344
19,0800;     315
19,1000;     314
19,1200;     291
19,1400;     313
19,1600;     349
19,1800;     321
19,2000;     317
19,2200;     305
19,2400;     296
19,2600;     286
19,2800;     276
19,3000;     264
19,3200;     307
19,3400;     268
19,3600;     284
19,3800;     274
19,4000;     263
19,4200;     262
19,4400;     239
19,4600;     277
19,4800;     257
19,5000;     244
19,5200;     260
19,5400;     196
19,5600;     186
19,5800;     202
19,6000;     197
19,6200;     191
19,6400;     187
19,6600;     203
19,6800;     188
19,7000;     168
19,7200;     165
19,7400;     195
19,7600;     167
19,7800;     192
19,8000;     203
19,8200;     187
19,8400;     205
19,8600;     209
19,8800;     216
19,9000;     192
19,9200;     270
19,9400;     295
19,9600;     317
19,9800;     378
20,0000;     420
20,0200;     427
20,0400;     534
20,0600;     562
20,0800;     625
20,1000;     661
20,1200;     701
20,1400;     754
20,1600;     753
20,1800;     829
20,2000;     775
20,2200;     806
20,2400;     841
20,2600;     759
20,2800;     670
20,3000;     664
20,3200;     632
20,3400;     569
20,3600;     508
20,3800;     468
20,4000;     384
20,4200;     326
20,4400;     325
20,4600;     278
20,4800;     246
20,5000;     260
20,5200;     251
20,5400;     249
20,5600;     203
20,5800;     227
20,6000;     201
20,6200;     222
20,6400;     227
20,6600;     229
20,6800;     219
20,7000;     213
20,7200;     228
20,7400;     209
20,7600;     224
20,7800;     239
20,8000;     269
20,8200;     242
20,8400;     248
20,8600;     281
20,8800;     252
20,9000;     293
20,9200;     295
20,9400;     310
20,9600;     344
20,9800;     345
21,0000;     369
21,0200;     395
21,0400;     393
21,0600;     432
21,0800;     431
21,1000;     409
21,1200;     444
21,1400;     439
21,1600;     435
21,1800;     440
21,2000;     467
21,2200;     475
21,2400;     416
21,2600;     412
21,2800;     428
21,3000;     378
21,3200;     361
21,3400;     362
21,3600;     350
21,3800;     325
21,4000;     314
21,4200;     312
21,4400;     324
21,4600;     297
21,4800;     320
21,5000;     338
21,5200;     319
21,5400;     319
21,5600;     311
21,5800;     323
21,6000;     356
21,6200;     340
21,6400;     360
21,6600;     444
21,6800;     505
21,7000;     593
21,7200;     686
21,7400;     941
21,7600;    1146
21,7800;    1638
21,8000;    2132
21,8200;    2933
21,8400;    3719
21,8600;    4928
21,8800;    6004
21,9000;    7512
21,9200;    9149
21,9400;   10932
21,9600;   12407
21,9800;   14321
22,0000;   15848
22,0200;   17647
22,0400;   19482
22,0600;   21099
22,0800;   22214
22,1000;   23230
22,1200;   24148
22,1400;   24375
22,1600;   24552
22,1800;   24203
22,2000;   23140
22,2200;   21776
22,2400;   19838
22,2600;   17849
22,2800;   15341
22,3000;   13023
22,3200;   10678
22,3400;    8623
22,3600;    6682
22,3800;    5164
22,4000;    3814
22,4200;    2715
22,4400;    1856
22,4600;    1353
22,4800;     962
22,5000;     641
22,5200;     508
22,5400;     402
22,5600;     317
22,5800;     270
22,6000;     236
22,6200;     232
22,6400;     205
22,6600;     207
22,6800;     209
22,7000;     234
22,7200;     193
22,7400;     237
22,7600;     212
22,7800;     200
22,8000;     210
22,8200;     207
22,8400;     220
22,8600;     166
22,8800;     146
22,9000;     136
22,9200;     152
22,9400;     118
22,9600;     114
22,9800;     134
23,0000;     105
23,0200;     106
23,0400;     123
23,0600;     127
23,0800;     114
23,1000;     109
23,1200;     129
23,1400;     126
23,1600;     110
23,1800;     129
23,2000;     113
23,2200;     133
23,2400;      95
23,2600;     112
23,2800;      96
23,3000;     101
23,3200;     104
23,3400;      92
23,3600;      96
23,3800;      92
23,4000;      89
23,4200;      98
23,4400;      94
23,4600;      94
23,4800;      87
23,5000;      86
23,5200;      88
23,5400;     101
23,5600;      89
23,5800;      94
23,6000;      90
23,6200;      92
23,6400;      96
23,6600;     113
23,6800;      95
23,7000;      99
23,7200;     119
23,7400;     102
23,7600;     117
23,7800;     123
23,8000;     114
23,8200;     125
23,8400;     126
23,8600;     132
23,8800;     120
23,9000;     105
23,9200;     112
23,9400;     100
23,9600;     105
23,9800;     125
24,0000;      99
24,0200;      88
24,0400;      85
24,0600;      93
24,0800;      88
24,1000;      96
24,1200;      81
24,1400;      98
24,1600;      82
24,1800;      82
24,2000;      87
24,2200;      74
24,2400;      84
24,2600;     100
24,2800;      91
24,3000;      78
24,3200;      78
24,3400;      99
24,3600;      94
24,3800;      93
24,4000;      95
24,4200;      95
24,4400;     101
24,4600;      99
24,4800;      99
24,5000;     109
24,5200;     117
24,5400;     124
24,5600;     126
24,5800;     139
24,6000;     149
24,6200;     171
24,6400;     193
24,6600;     248
24,6800;     335
24,7000;     444
24,7200;     601
24,7400;     790
24,7600;    1097
24,7800;    1339
24,8000;    1708
24,8200;    2036
24,8400;    2459
24,8600;    2797
24,8800;    3274
24,9000;    3495
24,9200;    3863
24,9400;    3985
24,9600;    4101
24,9800;    4070
25,0000;    3971
25,0200;    3805
25,0400;    3431
25,0600;    3008
25,0800;    2636
25,1000;    2197
25,1200;    1764
25,1400;    1504
25,1600;    1174
25,1800;     939
25,2000;     714
25,2200;     523
25,2400;     504
25,2600;     397
25,2800;     376
25,3000;     384
25,3200;     444
25,3400;     438
25,3600;     540
25,3800;     559
25,4000;     596
25,4200;     654
25,4400;     709
25,4600;     667
25,4800;     768
25,5000;     715
25,5200;     673
25,5400;     647
25,5600;     590
25,5800;     510
25,6000;     441
25,6200;     397
25,6400;     302
25,6600;     276
25,6800;     184
25,7000;     141
25,7200;     113
25,7400;      81
25,7600;      58
25,7800;      57
25,8000;      30
25,8200;      30
25,8400;      26
25,8600;      22
25,8800;      27
25,9000;      20
25,9200;      25
25,9400;      11
25,9600;      12
25,9800;      22
26,0000;      12
26,0200;      19
26,0400;      12
26,0600;      20
26,0800;      14
26,1000;      18
26,1200;      18
26,1400;      17
26,1600;      27
26,1800;      15
26,2000;      19
26,2200;      18
26,2400;      21
26,2600;      15
26,2800;      20
26,3000;      16
26,3200;      24
26,3400;      13
26,3600;      14
26,3800;      13
26,4000;      18
26,4200;      21
26,4400;      20
26,4600;      11
26,4800;      10
26,5000;      16
26,5200;      26
26,5400;      20
26,5600;      16
26,5800;      16
26,6000;      11
26,6200;      16
26,6400;      28
26,6600;      23
26,6800;      20
26,7000;       9
26,7200;      21
26,7400;      17
26,7600;      25
26,7800;      15
26,8000;      14
26,8200;      18
26,8400;      25
26,8600;       8
26,8800;      18
26,9000;      14
26,9200;      13
26,9400;      10
26,9600;      16
26,9800;      14
27,0000;      17
27,0200;      17
27,0400;      19
27,0600;      19
27,0800;      13
27,1000;      15
27,1200;      10
27,1400;      15
27,1600;      14
27,1800;      16
27,2000;      11
27,2200;      19
27,2400;      16
27,2600;      15
27,2800;      13
27,3000;      18
27,3200;      16
27,3400;      11
27,3600;      17
27,3800;      11
27,4000;      18
27,4200;       9
27,4400;      13
27,4600;      17
27,4800;      20
27,5000;      16
27,5200;       8
27,5400;       9
27,5600;      13
27,5800;      20
27,6000;      19
27,6200;      10
27,6400;      13
27,6600;      27
27,6800;      12
27,7000;      17
27,7200;      20
27,7400;      11
27,7600;      23
27,7800;      14
27,8000;      13
27,8200;      12
27,8400;      19
27,8600;      14
27,8800;      13
27,9000;      12
27,9200;      19
27,9400;      15
27,9600;      12
27,9800;      17
28,0000;      17
28,0200;      17
28,0400;      11
28,0600;      20
28,0800;      20
28,1000;      10
28,1200;      16
28,1400;      15
28,1600;      18
28,1800;      14
28,2000;      16
28,2200;      11
28,2400;      10
28,2600;      12
28,2800;      16
28,3000;      15
28,3200;      24
28,3400;      16
28,3600;      15
28,3800;      12
28,4000;      17
28,4200;      18
28,4400;      13
28,4600;      17
28,4800;      11
28,5000;      18
28,5200;      18
28,5400;      11
28,5600;      18
28,5800;      13
28,6000;      25
28,6200;      15
28,6400;      12
28,6600;      13
28,6800;      10
28,7000;      15
28,7200;      16
28,7400;       5
28,7600;      20
28,7800;      12
28,8000;      12
28,8200;      15
28,8400;      12
28,8600;      11
28,8800;      15
28,9000;       6
28,9200;      12
28,9400;      11
28,9600;      11
28,9800;       7
29,0000;      10
29,0200;      11
29,0400;      11
29,0600;       6
29,0800;      12
29,1000;      10
29,1200;      12
29,1400;      12
29,1600;      15
29,1800;      16
29,2000;       9
29,2200;      17
29,2400;       6
29,2600;      12
29,2800;      11
29,3000;      12
29,3200;      10
29,3400;      12
29,3600;      11
29,3800;       9
29,4000;       9
29,4200;      17
29,4400;      18
29,4600;       9
29,4800;      11
29,5000;      11
29,5200;      12
29,5400;      15
29,5600;       9
29,5800;      10
29,6000;      17
29,6200;      12
29,6400;      17
29,6600;      12
29,6800;      10
29,7000;      12
29,7200;       9
29,7400;      12
29,7600;      17
29,7800;      15
29,8000;       3
29,8200;      14
29,8400;      13
29,8600;      14
29,8800;      11
29,9000;      14
29,9200;      17
29,9400;      24
29,9600;      27
29,9800;      23
30,0000;      25
30,0200;      40
30,0400;      33
30,0600;      39
30,0800;      32
30,1000;      38
30,1200;      38
30,1400;      51
30,1600;      47
30,1800;      45
30,2000;      43
30,2200;      43
30,2400;      62
30,2600;      63
30,2800;      45
30,3000;      34
30,3200;      48
30,3400;      42
30,3600;      35
30,3800;      32
30,4000;      31
30,4199;      31
30,4399;      21
30,4599;      15
30,4799;      28
30,4999;      17
30,5199;      10
30,5399;      14
30,5599;       7
30,5799;      10
30,5999;       7
30,6199;       6
30,6399;       8
30,6599;      11
30,6799;      10
30,6999;      10
30,7199;      10
30,7399;      11
30,7599;      11
30,7799;       8
30,7999;      11
30,8199;       3
30,8399;      14
30,8599;       6
30,8799;       9
30,8999;      13
30,9199;       7
30,9399;       5
30,9599;      11
30,9799;      14
30,9999;      20
31,0199;      15
31,0399;      16
31,0599;      16
31,0799;      12
31,0999;      17
31,1199;      15
31,1399;      10
31,1599;      13
31,1799;      12
31,1999;      12
31,2199;      13
31,2399;      12
31,2599;      12
31,2799;      10
31,2999;      10
31,3199;      10
31,3399;      14
31,3599;       8
31,3799;       6
31,3999;       7
31,4199;       5
31,4399;       5
31,4599;       6
31,4799;       9
31,4999;       1
31,5199;       7
31,5399;       5
31,5599;       7
31,5799;      12
31,5999;       8
31,6199;       5
31,6399;       2
31,6599;       9
31,6799;      15
31,6999;       9
31,7199;       3
31,7399;       5
31,7599;       7
31,7799;      10
31,7999;      13
31,8199;       9
31,8399;       5
31,8599;       7
31,8799;       7
31,8999;      13
31,9199;       8
31,9399;       5
31,9599;       6
31,9799;       3
31,9999;       4
32,0199;       6
32,0399;       4
32,0599;       7
32,0799;       9
32,0999;      11
32,1199;       7
32,1399;       5
32,1599;       6
32,1799;       5
32,1999;       8
32,2199;       9
32,2399;       4
32,2599;       6
32,2799;       8
32,2999;       6
32,3199;       3
32,3399;       9
32,3599;       3
32,3799;      10
32,3999;       6
32,4199;      15
32,4399;       6
32,4599;      11
32,4799;       5
32,4999;       8
32,5199;       7
32,5399;       6
32,5599;      10
32,5799;       7
32,5999;       7
32,6199;      12
32,6399;       8
32,6599;       9
32,6799;       7
32,6999;      10
32,7199;       6
32,7399;      11
32,7599;       8
32,7799;       9
32,7999;       9
32,8199;       4
32,8399;      10
32,8599;      11
32,8799;       9
32,8999;       8
32,9199;      12
32,9399;      14
32,9599;      15
32,9799;       9
32,9999;      13
33,0199;      10
33,0399;      11
33,0599;      13
33,0799;      11
33,0999;      13
33,1199;      16
33,1399;       9
33,1599;       9
33,1799;      11
33,1999;       6
33,2199;       8
33,2399;       7
33,2599;       6
33,2799;       5
33,2999;       4
33,3199;       3
33,3399;       6
33,3599;       6
33,3799;       9
33,3999;       5
33,4199;       6
33,4399;       9
33,4599;       5
33,4799;      12
33,4999;      11
33,5199;       9
33,5399;       6
33,5599;       6
33,5799;      12
33,5999;       8
33,6199;       6
33,6399;       8
33,6599;       9
33,6799;       9
33,6999;      11
33,7199;       7
33,7399;       6
33,7599;       3
33,7799;       5
33,7999;       4
33,8199;       7
33,8399;       7
33,8599;       4
33,8799;       2
33,8999;       6
33,9199;       6
33,9399;       7
33,9599;       4
33,9799;       6
33,9999;       3
34,0199;       2
34,0399;       5
34,0599;       3
34,0799;       3
34,0999;       7
34,1199;      11
34,1399;       3
34,1599;       3
34,1799;       3
34,1999;       6
34,2199;       2
34,2399;       5
34,2599;       5
34,2799;       3
34,2999;       4
34,3199;       4
34,3399;       5
34,3599;       6
34,3799;       2
34,3999;       4
34,4199;       3
34,4399;       4
34,4599;       5
34,4799;       4
34,4999;       3
34,5199;       5
34,5399;       1
34,5599;       3
34,5799;       4
34,5999;       4
34,6199;       4
34,6399;       1
34,6599;       2
34,6799;       2
34,6999;       3
34,7199;       2
34,7399;       5
34,7599;       2
34,7799;       3
34,7999;       3
34,8199;       4
34,8399;       4
34,8599;       5
34,8799;       6
34,8999;       8
34,9199;      10
34,9399;       5
34,9599;       1
34,9799;       5
34,9999;       2
35,0199;       4
35,0399;       1
35,0599;       1
35,0799;       7
35,0999;       5
35,1199;       4
35,1399;       2
35,1599;       1
35,1799;       5
35,1999;       0
35,2199;       1
35,2399;       3
35,2599;       1
35,2799;       0
35,2999;       3
35,3199;       4
35,3399;       0
35,3599;       4
35,3799;       1
35,3999;       3
35,4199;       1
35,4399;       6
35,4599;       4
35,4799;       0
35,4999;       2
35,5199;       1
35,5399;       3
35,5599;       3
35,5799;       6
35,5999;       1
35,6199;       3
35,6399;       3
35,6599;       0
35,6799;       5
35,6999;       5
35,7199;       2
35,7399;       5
35,7599;       0
35,7799;       0
35,7999;       2
35,8199;       0
35,8399;       3
35,8599;       0
35,8799;       3
35,8999;       0
35,9199;       4
35,9399;       1
35,9599;       2
35,9799;       2
35,9999;       0
36,0199;       3
36,0399;       3
36,0599;       3
36,0799;       1
36,0999;       3
36,1199;       2
36,1399;       2
36,1599;       4
36,1799;       5
36,1999;       1
36,2199;       1
36,2399;       4
36,2599;       1
36,2799;       0
36,2999;       1
36,3199;       0
36,3399;       2
36,3599;       1
36,3799;       2
36,3999;       2
36,4199;       4
36,4399;       4
36,4599;       1
36,4799;       3
36,4999;       0
36,5199;       1
36,5399;       1
36,5599;       2
36,5799;       1
36,5999;       3
36,6199;       3
36,6399;       0
36,6599;       1
36,6799;       0
36,6999;       2
36,7199;       2
36,7399;       3
36,7599;       1
36,7799;       1
36,7999;       1
36,8199;       3
36,8399;       1
36,8599;       5
36,8799;       3
36,8999;       2
36,9199;       3
36,9399;       0
36,9599;       2
36,9799;       3
36,9999;       1
37,0199;       3
37,0399;       3
37,0599;       4
37,0799;       2
37,0999;       2
37,1199;       1
37,1399;       1
37,1599;       1
37,1799;       1
37,1999;       1
37,2199;       2
37,2399;       3
37,2599;       3
37,2799;       1
37,2999;       1
37,3199;       2
37,3399;       1
37,3599;       3
37,3799;       1
37,3999;       2
37,4199;       1
37,4399;       0
37,4599;       2
37,4799;       1
37,4999;       0
37,5199;       4
37,5399;       2
37,5599;       0
37,5799;       2
37,5999;       2
37,6199;       1
37,6399;       1
37,6599;       1
37,6799;       5
37,6999;       2
37,7199;       0
37,7399;       2
37,7599;       1
37,7799;       0
37,7999;       1
37,8199;       1
37,8399;       1
37,8599;       0
37,8799;       1
37,8999;       1
37,9199;       0
37,9399;       1
37,9599;       0
37,9799;       3
37,9999;       3
38,0199;       1
38,0399;       0
38,0599;       1
38,0799;       0
38,0999;       0
38,1199;       1
38,1399;       0
38,1599;       1
38,1799;       1
38,1999;       1
38,2199;       1
38,2399;       0
38,2599;       1
38,2799;       1
38,2999;       0
38,3199;       1
38,3399;       0
38,3599;       0
38,3799;       2
38,3999;       0
38,4199;       2
38,4399;       3
38,4599;       0
38,4799;       2
38,4999;       0
38,5199;       2
38,5399;       1
38,5599;       0
38,5799;       2
38,5999;       2
38,6199;       0
38,6399;       1
38,6599;       1
38,6799;       2
38,6999;       0
38,7199;       5
38,7399;       1
38,7599;       1
38,7799;       1
38,7999;       1
38,8199;       0
38,8399;       0
38,8599;       2
38,8799;       1
38,8999;       0
38,9199;       1
38,9399;       3
38,9599;       1
38,9799;       1
38,9999;       1
39,0199;       1
39,0399;       2
39,0599;       0
39,0799;       2
39,0999;       4
39,1199;       2
39,1399;       1
39,1599;       1
39,1799;       0
39,1999;       2
39,2199;       0
39,2399;       1
39,2599;       0
39,2799;       2
39,2999;       3
39,3199;       1
39,3399;       1
39,3599;       0
39,3799;       1
39,3999;       1
39,4199;       1
39,4399;       0
39,4599;       0
39,4799;       2
39,4999;       0
39,5199;       2
39,5399;       1
39,5599;       1
39,5799;       0
39,5999;       1
39,6199;       1
39,6399;       1
39,6599;       1
39,6799;       1
39,6999;       0
39,7199;       1
39,7399;       0
39,7599;       2
39,7799;       0
39,7999;       3
39,8199;       0
39,8399;       0
39,8599;       2
39,8799;       1
39,8999;       0
39,9199;       1
39,9399;       1
39,9599;       0
39,9799;       1
39,9999;       2
40,0199;       2
40,0399;       0
40,0599;       1
40,0799;       2
40,0999;       0
40,1199;       1
40,1399;       0
40,1599;       0
40,1799;       1
40,1999;       2
40,2199;       2
40,2399;       1
40,2599;       1
40,2799;       0
40,2999;       0
40,3199;       0
40,3399;       1
40,3599;       1
40,3799;       1
40,3999;       1
40,4199;       1
40,4399;       1
40,4599;       0
40,4799;       0
40,4999;       1
40,5199;       0
40,5399;       1
40,5599;       0
40,5799;       1
40,5999;       1
40,6199;       0
40,6399;       0
40,6599;       1
40,6799;       0
40,6999;       0
40,7199;       1
40,7399;       1
40,7599;       2
40,7799;       0
40,7999;       0
40,8199;       3
40,8399;       0
40,8599;       0
40,8799;       1
40,8999;       0
40,9199;       1
40,9399;       2
