 0,0000;     236
 0,0200;     225
 0,0400;     179
 0,0599;      82
 0,0799;      57
 0,0999;      29
 0,1199;      12
 0,1398;       5
 0,1598;       3
 0,1798;       6
 0,1998;       0
 0,2197;       0
 0,2397;       0
 0,2597;       1
 0,2797;       0
 0,2996;       0
 0,3196;       1
 0,3396;       1
 0,3596;       0
 0,3795;       0
 0,3995;       0
 0,4195;       0
 0,4395;       1
 0,4594;       0
 0,4794;       0
 0,4994;       0
 0,5194;       0
 0,5393;       1
 0,5593;       1
 0,5793;      21
 0,5993;      66
 0,6192;     111
 0,6392;     180
 0,6592;     233
 0,6792;     233
 0,6991;     233
 0,7191;     216
 0,7391;     209
 0,7591;     189
 0,7790;     227
 0,7990;     222
 0,8190;     204
 0,8390;     189
 0,8589;     214
 0,8789;     223
 0,8989;     200
 0,9189;     173
 0,9388;     192
 0,9588;     191
 0,9788;     172
 0,9988;     176
 1,0187;     206
 1,0387;     196
 1,0587;     164
 1,0787;     188
 1,0986;     170
 1,1186;     180
 1,1386;     167
 1,1586;     151
 1,1785;     154
 1,1985;     181
 1,2185;     168
 1,2385;     151
 1,2584;     150
 1,2784;     167
 1,2984;     157
 1,3184;     166
 1,3383;     158
 1,3583;     147
 1,3783;     165
 1,3983;     168
 1,4182;     143
 1,4382;     175
 1,4582;     187
 1,4782;     166
 1,4981;     172
 1,5181;     155
 1,5381;     170
 1,5581;     148
 1,5780;     159
 1,5980;     135
 1,6180;     171
 1,6380;     134
 1,6579;     162
 1,6779;     158
 1,6979;     160
 1,7179;     162
 1,7379;     179
 1,7578;     191
 1,7778;     179
 1,7978;     177
 1,8178;     156
 1,8377;     152
 1,8577;     156
 1,8777;     170
 1,8977;     168
 1,9176;     155
 1,9376;     155
 1,9576;     168
 1,9776;     183
 1,9975;     175
 2,0175;     186
 2,0375;     180
 2,0575;     154
 2,0774;     176
 2,0974;     161
 2,1174;     172
 2,1374;     161
 2,1573;     176
 2,1773;     188
 2,1973;     219
 2,2173;     242
 2,2372;     249
 2,2572;     268
 2,2772;     315
 2,2972;     295
 2,3171;     307
 2,3371;     304
 2,3571;     273
 2,3771;     301
 2,3970;     284
 2,4170;     249
 2,4370;     227
 2,4570;     243
 2,4769;     292
 2,4969;     244
 2,5169;     313
 2,5369;     327
 2,5568;     391
 2,5768;     458
 2,5968;     566
 2,6168;     666
 2,6367;     734
 2,6567;     830
 2,6767;     848
 2,6967;     916
 2,7166;     804
 2,7366;     847
 2,7566;     816
 2,7766;     808
 2,7965;     795
 2,8165;     765
 2,8365;     762
 2,8565;     750
 2,8764;     796
 2,8964;     761
 2,9164;     757
 2,9364;     747
 2,9563;     695
 2,9763;     626
 2,9963;     593
 3,0163;     520
 3,0362;     474
 3,0562;     409
 3,0762;     323
 3,0962;     311
 3,1161;     296
 3,1361;     296
 3,1561;     314
 3,1761;     322
 3,1960;     313
 3,2160;     298
 3,2360;     361
 3,2560;     363
 3,2759;     393
 3,2959;     390
 3,3159;     402
 3,3359;     413
 3,3559;     395
 3,3758;     389
 3,3958;     392
 3,4158;     422
 3,4358;     373
 3,4557;     392
 3,4757;     359
 3,4957;     381
 3,5157;     368
 3,5356;     408
 3,5556;     489
 3,5756;     582
 3,5956;     697
 3,6155;     893
 3,6355;    1111
 3,6555;    1266
 3,6755;    1302
 3,6954;    1283
 3,7154;    1234
 3,7354;    1101
 3,7554;     943
 3,7753;     760
 3,7953;     582
 3,8153;     475
 3,8353;     385
 3,8552;     361
 3,8752;     312
 3,8952;     360
 3,9152;     322
 3,9351;     387
 3,9551;     389
 3,9751;     405
 3,9951;     414
 4,0150;     412
 4,0350;     434
 4,0550;     400
 4,0750;     359
 4,0949;     324
 4,1149;     310
 4,1349;     299
 4,1549;     288
 4,1748;     312
 4,1948;     258
 4,2148;     286
 4,2348;     281
 4,2547;     256
 4,2747;     250
 4,2947;     259
 4,3147;     294
 4,3346;     257
 4,3546;     261
 4,3746;     328
 4,3946;     290
 4,4145;     326
 4,4345;     294
 4,4545;     341
 4,4745;     393
 4,4944;     391
 4,5144;     418
 4,5344;     398
 4,5544;     386
 4,5743;     373
 4,5943;     350
 4,6143;     329
 4,6343;     315
 4,6542;     314
 4,6742;     321
 4,6942;     286
 4,7142;     284
 4,7341;     287
 4,7541;     288
 4,7741;     278
 4,7941;     323
 4,8140;     312
 4,8340;     318
 4,8540;     303
 4,8740;     323
 4,8939;     315
 4,9139;     332
 4,9339;     322
 4,9539;     310
 4,9738;     333
 4,9938;     335
 5,0138;     294
 5,0338;     294
 5,0538;     285
 5,0737;     329
 5,0937;     332
 5,1137;     376
 5,1337;     339
 5,1536;     315
 5,1736;     355
 5,1936;     355
 5,2136;     398
 5,2335;     373
 5,2535;     384
 5,2735;     368
 5,2935;     404
 5,3134;     380
 5,3334;     365
 5,3534;     400
 5,3734;     401
 5,3933;     389
 5,4133;     431
 5,4333;     414
 5,4533;     431
 5,4732;     449
 5,4932;     476
 5,5132;     427
 5,5332;     488
 5,5531;     406
 5,5731;     435
 5,5931;     424
 5,6131;     469
 5,6330;     401
 5,6530;     418
 5,6730;     386
 5,6930;     402
 5,7129;     472
 5,7329;     430
 5,7529;     456
 5,7729;     392
 5,7928;     413
 5,8128;     467
 5,8328;     458
 5,8528;     458
 5,8727;     483
 5,8927;     452
 5,9127;     448
 5,9327;     503
 5,9526;     473
 5,9726;     469
 5,9926;     473
 6,0126;     521
 6,0325;     469
 6,0525;     538
 6,0725;     476
 6,0925;     536
 6,1124;     576
 6,1324;     628
 6,1524;     629
 6,1724;     759
 6,1923;     880
 6,2123;     983
 6,2323;    1274
 6,2523;    1605
 6,2722;    2042
 6,2922;    2490
 6,3122;    3065
 6,3322;    3640
 6,3521;    4269
 6,3721;    4508
 6,3921;    4838
 6,4121;    4920
 6,4320;    4487
 6,4520;    3955
 6,4720;    3348
 6,4920;    2800
 6,5119;    2163
 6,5319;    1622
 6,5519;    1210
 6,5719;    1032
 6,5918;     832
 6,6118;     762
 6,6318;     677
 6,6518;     713
 6,6717;     667
 6,6917;     660
 6,7117;     671
 6,7317;     665
 6,7517;     757
 6,7716;     705
 6,7916;     714
 6,8116;     727
 6,8316;     747
 6,8515;     781
 6,8715;     745
 6,8915;     840
 6,9115;     809
 6,9314;     955
 6,9514;     966
 6,9714;    1081
 6,9914;    1162
 7,0113;    1213
 7,0313;    1228
 7,0513;    1298
 7,0713;    1248
 7,0912;    1228
 7,1112;    1250
 7,1312;    1112
 7,1512;    1083
 7,1711;     912
 7,1911;     881
 7,2111;     885
 7,2311;     894
 7,2510;     851
 7,2710;     850
 7,2910;     896
 7,3110;     951
 7,3309;     984
 7,3509;    1067
 7,3709;    1175
 7,3909;    1248
 7,4108;    1389
 7,4308;    1579
 7,4508;    1625
 7,4708;    1608
 7,4907;    1700
 7,5107;    1621
 7,5307;    1576
 7,5507;    1414
 7,5706;    1364
 7,5906;    1337
 7,6106;    1280
 7,6306;    1298
 7,6505;    1233
 7,6705;    1306
 7,6905;    1349
 7,7105;    1478
 7,7304;    1616
 7,7504;    1912
 7,7704;    2413
 7,7904;    3193
 7,8103;    4765
 7,8303;    7658
 7,8503;   12395
 7,8703;   20574
 7,8902;   31986
 7,9102;   48223
 7,9302;   68249
 7,9502;   93313
 7,9701;  119836
 7,9901;  145183
 8,0101;  165859
 8,0301;  178930
 8,0500;  182009
 8,0700;  174662
 8,0900;  158200
 8,1100;  134932
 8,1299;  108485
 8,1499;   82486
 8,1699;   59031
 8,1899;   39990
 8,2098;   25907
 8,2298;   16197
 8,2498;    9833
 8,2698;    6022
 8,2897;    3667
 8,3097;    2515
 8,3297;    1940
 8,3497;    1676
 8,3696;    1463
 8,3896;    1462
 8,4096;    1469
 8,4296;    1714
 8,4496;    2133
 8,4695;    2800
 8,4895;    3726
 8,5095;    5074
 8,5295;    6491
 8,5494;    8248
 8,5694;   10045
 8,5894;   11551
 8,6094;   12676
 8,6293;   13429
 8,6493;   13833
 8,6693;   13065
 8,6893;   12232
 8,7092;   11645
 8,7292;   10751
 8,7492;   10871
 8,7692;   11523
 8,7891;   13338
 8,8091;   15744
 8,8291;   19200
 8,8491;   22633
 8,8690;   25140
 8,8890;   27000
 8,9090;   27762
 8,9290;   27169
 8,9489;   24781
 8,9689;   21807
 8,9889;   17867
 9,0089;   14211
 9,0288;   10648
 9,0488;    7404
 9,0688;    5039
 9,0888;    3328
 9,1087;    2162
 9,1287;    1393
 9,1487;     905
 9,1687;     628
 9,1886;     484
 9,2086;     410
 9,2286;     353
 9,2486;     310
 9,2685;     331
 9,2885;     305
 9,3085;     317
 9,3285;     309
 9,3484;     280
 9,3684;     287
 9,3884;     337
 9,4084;     377
 9,4283;     443
 9,4483;     520
 9,4683;     545
 9,4883;     647
 9,5082;     758
 9,5282;     820
 9,5482;     899
 9,5682;     939
 9,5881;     926
 9,6081;     850
 9,6281;     752
 9,6481;     708
 9,6680;     585
 9,6880;     548
 9,7080;     377
 9,7280;     408
 9,7479;     303
 9,7679;     274
 9,7879;     254
 9,8079;     246
 9,8278;     227
 9,8478;     274
 9,8678;     266
 9,8878;     271
 9,9077;     310
 9,9277;     297
 9,9477;     301
 9,9677;     336
 9,9876;     325
10,0076;     328
10,0276;     337
10,0476;     305
10,0676;     282
10,0875;     249
10,1075;     258
10,1275;     222
10,1475;     209
10,1674;     219
10,1874;     176
10,2074;     174
10,2274;     171
10,2473;     197
10,2673;     174
10,2873;     200
10,3073;     234
10,3272;     236
10,3472;     279
10,3672;     309
10,3872;     377
10,4071;     430
10,4271;     482
10,4471;     610
10,4671;     754
10,4870;     831
10,5070;     937
10,5270;     975
10,5470;     992
10,5669;     976
10,5869;     959
10,6069;     848
10,6269;     779
10,6468;     637
10,6668;     539
10,6868;     473
10,7068;     366
10,7267;     325
10,7467;     287
10,7667;     270
10,7867;     204
10,8066;     203
10,8266;     198
10,8466;     188
10,8666;     194
10,8865;     177
10,9065;     199
10,9265;     179
10,9465;     171
10,9664;     181
10,9864;     180
11,0064;     180
11,0264;     191
11,0463;     173
11,0663;     171
11,0863;     157
11,1063;     158
11,1262;     150
11,1462;     159
11,1662;     151
11,1862;     157
11,2061;     143
11,2261;     157
11,2461;     143
11,2661;     157
11,2860;     158
11,3060;     167
11,3260;     185
11,3460;     172
11,3659;     139
11,3859;     167
11,4059;     182
11,4259;     172
11,4458;     160
11,4658;     167
11,4858;     143
11,5058;     163
11,5257;     155
11,5457;     177
11,5657;     174
11,5857;     178
11,6056;     174
11,6256;     174
11,6456;     196
11,6656;     205
11,6855;     214
11,7055;     228
11,7255;     235
11,7455;     235
11,7655;     254
11,7854;     265
11,8054;     275
11,8254;     268
11,8454;     251
11,8653;     256
11,8853;     216
11,9053;     203
11,9253;     252
11,9452;     200
11,9652;     222
11,9852;     182
12,0052;     195
12,0251;     165
12,0451;     178
12,0651;     173
12,0851;     175
12,1050;     149
12,1250;     164
12,1450;     167
12,1650;     156
12,1849;     156
12,2049;     164
12,2249;     176
12,2449;     166
12,2648;     198
12,2848;     174
12,3048;     171
12,3248;     159
12,3447;     176
12,3647;     163
12,3847;     177
12,4047;     201
12,4246;     188
12,4446;     247
12,4646;     258
12,4846;     288
12,5045;     366
12,5245;     410
12,5445;     504
12,5645;     583
12,5844;     618
12,6044;     681
12,6244;     717
12,6444;     686
12,6643;     686
12,6843;     579
12,7043;     541
12,7243;     510
12,7442;     426
12,7642;     330
12,7842;     313
12,8042;     253
12,8241;     225
12,8441;     220
12,8641;     156
12,8841;     185
12,9040;     165
12,9240;     155
12,9440;     146
12,9640;     157
12,9839;     150
13,0039;     137
13,0239;     123
13,0439;     141
13,0638;     139
13,0838;     116
13,1038;     115
13,1238;     114
13,1437;     142
13,1637;     116
13,1837;     117
13,2037;     108
13,2236;     124
13,2436;     116
13,2636;     111
13,2836;     112
13,3035;     142
13,3235;     130
13,3435;      97
13,3635;     107
13,3834;     116
13,4034;     114
13,4234;     109
13,4434;     125
13,4634;     119
13,4833;     115
13,5033;     113
13,5233;     110
13,5433;     116
13,5632;      92
13,5832;     110
13,6032;     112
13,6232;     118
13,6431;     131
13,6631;     107
13,6831;     111
13,7031;      97
13,7230;      96
13,7430;      92
13,7630;     111
13,7830;     117
13,8029;     103
13,8229;     124
13,8429;     108
13,8629;     125
13,8828;     120
13,9028;     108
13,9228;     116
13,9428;      98
13,9627;     110
13,9827;     119
14,0027;     108
14,0227;     124
14,0426;     102
14,0626;     120
14,0826;     107
14,1026;      94
14,1225;     112
14,1425;     131
14,1625;     107
14,1825;     120
14,2024;     127
14,2224;     130
14,2424;     136
14,2624;     128
14,2823;     112
14,3023;     141
14,3223;     183
14,3423;     143
14,3622;     165
14,3822;     195
14,4022;     212
14,4222;     206
14,4421;     225
14,4621;     237
14,4821;     211
14,5021;     253
14,5220;     194
14,5420;     210
14,5620;     206
14,5820;     173
14,6019;     148
14,6219;     141
14,6419;     164
14,6619;     159
14,6818;     172
14,7018;     162
14,7218;     191
14,7418;     213
14,7617;     199
14,7817;     184
14,8017;     205
14,8217;     171
14,8416;     159
14,8616;     151
14,8816;     165
14,9016;     141
14,9215;     146
14,9415;     133
14,9615;     143
14,9815;     113
15,0014;     160
15,0214;     151
15,0414;     126
15,0614;     140
15,0814;     149
15,1013;     139
15,1213;     140
15,1413;     133
15,1613;     141
15,1812;     146
15,2012;     150
15,2212;     155
15,2412;     147
15,2611;     154
15,2811;     149
15,3011;     155
15,3211;     122
15,3410;     150
15,3610;     122
15,3810;     125
15,4010;     115
15,4209;     141
15,4409;     124
15,4609;     133
15,4809;     117
15,5008;     122
15,5208;     112
15,5408;     127
15,5608;     116
15,5807;     119
15,6007;     129
15,6207;     101
15,6407;     133
15,6606;     110
15,6806;     128
15,7006;     104
15,7206;     137
15,7405;     125
15,7605;     148
15,7805;     118
15,8005;     141
15,8204;     169
15,8404;     206
15,8604;     231
15,8804;     276
15,9003;     427
15,9203;     501
15,9403;     672
15,9603;     891
15,9802;    1216
16,0002;    1465
16,0202;    1756
16,0402;    2085
16,0601;    2259
16,0801;    2428
16,1001;    2540
16,1201;    2610
16,1400;    2515
16,1600;    2306
16,1800;    2068
16,2000;    1794
16,2199;    1544
16,2399;    1297
16,2599;    1060
16,2799;     794
16,2998;     590
16,3198;     469
16,3398;     340
16,3598;     265
16,3797;     194
16,3997;     166
16,4197;     132
16,4397;     132
16,4596;     142
16,4796;     112
16,4996;     167
16,5196;     172
16,5395;     189
16,5595;     230
16,5795;     256
16,5995;     292
16,6194;     340
16,6394;     363
16,6594;     428
16,6794;     439
16,6993;     463
16,7193;     505
16,7393;     480
16,7593;     474
16,7793;     470
16,7992;     468
16,8192;     496
16,8392;     562
16,8592;     538
16,8791;     690
16,8991;     660
16,9191;     752
16,9391;     738
16,9590;     810
16,9790;     787
16,9990;     837
17,0190;     755
17,0389;     753
17,0589;     648
17,0789;     551
17,0989;     412
17,1188;     368
17,1388;     315
17,1588;     273
17,1788;     174
17,1987;     157
17,2187;     160
17,2387;     102
17,2587;      80
17,2786;      95
17,2986;      83
17,3186;      71
17,3386;      87
17,3585;      80
17,3785;      66
17,3985;     113
17,4185;      94
17,4384;      70
17,4584;      89
17,4784;     120
17,4984;     102
17,5183;     109
17,5383;     135
17,5583;     140
17,5783;     125
17,5982;     141
17,6182;     138
17,6382;     130
17,6582;     113
17,6781;     120
17,6981;     129
17,7181;     121
17,7381;     116
17,7580;     112
17,7780;     115
17,7980;     116
17,8180;     125
17,8379;     116
17,8579;     130
17,8779;     119
17,8979;     104
17,9178;     129
17,9378;     101
17,9578;      98
17,9778;     101
17,9977;      75
18,0177;      73
18,0377;      63
18,0577;      74
18,0776;      84
18,0976;      69
18,1176;      71
18,1376;      68
18,1575;      60
18,1775;      67
18,1975;      72
18,2175;      74
18,2374;      60
18,2574;      76
18,2774;      58
18,2974;      60
18,3173;      58
18,3373;      65
18,3573;      53
18,3773;      50
18,3972;      59
18,4172;      68
18,4372;      89
18,4572;      81
18,4772;      88
18,4971;     101
18,5171;      92
18,5371;      90
18,5571;     103
18,5770;      99
18,5970;      96
18,6170;     101
18,6370;     118
18,6569;     109
18,6769;     128
18,6969;     108
18,7169;     108
18,7368;     122
18,7568;     105
18,7768;     108
18,7968;     130
18,8167;     112
18,8367;     128
18,8567;     123
18,8767;     136
18,8966;     125
18,9166;     116
18,9366;     135
18,9566;     117
18,9765;     137
18,9965;     131
19,0165;     167
19,0365;     141
19,0564;     121
19,0764;     150
19,0964;     132
19,1164;     144
19,1363;     139
19,1563;     151
19,1763;     131
19,1963;     132
19,2162;     133
19,2362;     129
19,2562;     125
19,2762;     118
19,2961;     122
19,3161;     104
19,3361;     101
19,3561;     110
19,3760;      99
19,3960;     103
19,4160;      95
19,4360;      87
19,4559;      93
19,4759;      69
19,4959;      79
19,5159;      69
19,5358;      78
19,5558;      69
19,5758;      72
19,5958;      51
19,6157;      55
19,6357;      66
19,6557;      53
19,6757;      60
19,6956;      56
19,7156;      52
19,7356;      53
19,7556;      55
19,7755;      73
19,7955;      55
19,8155;      64
19,8355;      58
19,8554;      53
19,8754;      47
19,8954;      64
19,9154;      62
19,9353;      80
19,9553;      89
19,9753;      97
19,9953;     110
20,0152;      98
20,0352;     136
20,0552;     124
20,0752;     145
20,0952;     172
20,1151;     177
20,1351;     196
20,1551;     187
20,1751;     169
20,1950;     193
20,2150;     180
20,2350;     193
20,2550;     191
20,2749;     187
20,2949;     178
20,3149;     123
20,3349;     128
20,3548;     113
20,3748;      94
20,3948;      90
20,4148;      80
20,4347;      67
20,4547;      51
20,4747;      49
20,4947;      41
20,5146;      50
20,5346;      42
20,5546;      46
20,5746;      54
20,5945;      51
20,6145;      64
20,6345;      65
20,6545;      54
20,6744;      58
20,6944;      55
20,7144;      48
20,7344;      46
20,7543;      52
20,7743;      52
20,7943;      57
20,8143;      54
20,8342;      45
20,8542;      54
20,8742;      53
20,8942;      50
20,9141;      66
20,9341;      58
20,9541;      69
20,9741;      55
20,9940;      60
21,0140;      66
21,0340;      88
21,0540;      63
21,0739;      72
21,0939;      73
21,1139;      71
21,1339;      70
21,1538;      78
21,1738;      70
21,1938;      60
21,2138;      76
21,2337;      68
21,2537;      61
21,2737;      64
21,2937;      63
21,3136;      60
21,3336;      65
21,3536;      64
21,3736;      57
21,3935;      58
21,4135;      53
21,4335;      45
21,4535;      52
21,4734;      49
21,4934;      61
21,5134;      39
21,5334;      52
21,5533;      48
21,5733;      55
21,5933;      42
21,6133;      45
21,6332;      38
21,6532;      44
21,6732;      39
21,6932;      42
21,7131;      35
21,7331;      43
21,7531;      44
21,7731;      32
21,7931;      38
21,8130;      28
21,8330;      32
21,8530;      40
21,8730;      31
21,8929;      35
21,9129;      40
21,9329;      43
21,9529;      39
21,9728;      47
21,9928;      46
22,0128;      34
22,0328;      42
22,0527;      45
22,0727;      55
22,0927;      50
22,1127;      47
22,1326;      53
22,1526;      66
22,1726;      49
22,1926;      42
22,2125;      38
22,2325;      42
22,2525;      37
22,2725;      41
22,2924;      36
22,3124;      27
22,3324;      28
22,3524;      43
22,3723;      38
22,3923;      31
22,4123;      29
22,4323;      24
22,4522;      33
22,4722;      40
22,4922;      35
22,5122;      41
22,5321;      34
22,5521;      40
22,5721;      31
22,5921;      38
22,6120;      37
22,6320;      38
22,6520;      41
22,6720;      53
22,6919;      68
22,7119;      50
22,7319;      54
22,7519;      49
22,7718;      62
22,7918;      38
22,8118;      52
22,8318;      46
22,8517;      53
22,8717;      38
22,8917;      42
22,9117;      28
22,9316;      31
22,9516;      40
22,9716;      28
22,9916;      28
23,0115;      33
23,0315;      20
23,0515;      33
23,0715;      21
23,0914;      30
23,1114;      37
23,1314;      25
23,1514;      31
23,1713;      30
23,1913;      36
23,2113;      30
23,2313;      31
23,2512;      23
23,2712;      35
23,2912;      30
23,3112;      25
23,3311;      33
23,3511;      27
23,3711;      29
23,3911;      25
23,4110;      20
23,4310;      22
23,4510;      30
23,4710;      24
23,4910;      25
23,5109;      20
23,5309;      28
23,5509;      21
23,5709;      24
23,5908;      21
23,6108;      18
23,6308;      20
23,6508;      18
23,6707;      32
23,6907;      25
23,7107;      33
23,7307;      29
23,7506;      26
23,7706;      20
23,7906;      29
23,8106;      29
23,8305;      31
23,8505;      31
23,8705;      31
23,8905;      33
23,9104;      27
23,9304;      32
23,9504;      27
23,9704;      28
23,9903;      19
24,0103;      33
24,0303;      28
24,0503;      23
24,0702;      25
24,0902;      42
24,1102;      30
24,1302;      34
24,1501;      37
24,1701;      37
24,1901;      44
24,2101;      34
24,2300;      35
24,2500;      38
24,2700;      34
24,2900;      40
24,3099;      26
24,3299;      29
24,3499;      26
24,3699;      14
24,3898;      18
24,4098;      28
24,4298;      21
24,4498;      19
24,4697;      27
24,4897;      24
24,5097;      20
24,5297;      20
24,5496;      24
24,5696;      28
24,5896;      24
24,6096;      20
24,6295;      19
24,6495;      27
24,6695;      24
24,6895;      25
24,7094;      27
24,7294;      16
24,7494;      29
24,7694;      25
24,7893;      33
24,8093;      34
24,8293;      31
24,8493;      29
24,8692;      48
24,8892;      51
24,9092;      64
24,9292;      64
24,9491;      57
24,9691;      76
24,9891;      84
25,0091;      94
25,0290;      95
25,0490;     101
25,0690;     124
25,0890;      96
25,1089;     116
25,1289;     115
25,1489;     110
25,1689;     122
25,1889;     120
25,2088;     127
25,2288;     145
25,2488;     129
25,2688;     123
25,2887;     136
25,3087;     119
25,3287;     124
25,3487;     117
25,3686;     122
25,3886;      99
25,4086;      92
25,4286;      87
25,4485;      73
25,4685;      65
25,4885;      61
25,5085;      37
25,5284;      37
25,5484;      34
25,5684;      36
25,5884;      28
25,6083;      22
25,6283;      19
25,6483;      22
25,6683;      18
25,6882;      18
25,7082;      18
25,7282;      17
25,7482;      15
25,7681;      27
25,7881;      20
25,8081;      23
25,8281;      17
25,8480;      16
25,8680;      20
25,8880;      15
25,9080;      25
25,9279;      24
25,9479;      14
25,9679;      20
25,9879;      16
26,0078;      20
26,0278;      17
26,0478;      12
26,0678;      15
26,0877;      20
26,1077;      17
26,1277;      24
26,1477;      22
26,1676;      23
26,1876;      27
26,2076;      18
26,2276;      30
26,2475;      35
26,2675;      31
26,2875;      26
26,3075;      33
26,3274;      33
26,3474;      21
26,3674;      27
26,3874;      29
26,4073;      26
26,4273;      23
26,4473;      21
26,4673;      21
26,4872;      27
26,5072;      20
26,5272;      32
26,5472;      24
26,5671;      22
26,5871;      15
26,6071;      27
26,6271;      19
26,6470;      18
26,6670;      17
26,6870;      12
26,7070;       8
26,7269;      17
26,7469;      19
26,7669;      16
26,7869;      12
26,8069;      22
26,8268;      19
26,8468;      18
26,8668;      15
26,8868;      21
26,9067;      13
26,9267;      27
26,9467;      14
26,9667;      21
26,9866;      12
27,0066;      18
27,0266;      18
27,0466;      19
27,0665;      15
27,0865;      14
27,1065;      15
27,1265;      22
27,1464;      16
27,1664;      15
27,1864;      19
27,2064;      24
27,2263;      17
27,2463;      13
27,2663;      15
27,2863;      15
27,3062;      16
27,3262;      10
27,3462;      13
27,3662;      16
27,3861;      23
27,4061;      11
27,4261;       8
27,4461;       8
27,4660;      16
27,4860;      19
27,5060;      15
27,5260;      10
27,5459;      14
27,5659;      16
27,5859;      18
27,6059;      14
27,6258;      13
27,6458;      15
27,6658;      15
27,6858;      10
27,7057;       8
27,7257;      16
27,7457;      16
27,7657;      10
27,7856;      11
27,8056;       9
27,8256;      15
27,8456;       6
27,8655;      11
27,8855;      10
27,9055;       9
27,9255;      13
27,9454;      11
27,9654;       9
27,9854;      17
28,0054;      14
28,0253;       8
28,0453;      15
28,0653;      11
28,0853;      20
28,1052;      13
28,1252;      13
28,1452;      11
28,1652;      14
28,1851;      19
28,2051;      17
28,2251;      15
28,2451;      13
28,2650;      13
28,2850;      21
28,3050;      29
28,3250;      22
28,3449;      24
28,3649;      26
28,3849;      26
28,4049;      34
28,4248;      31
28,4448;      34
28,4648;      38
28,4848;      33
28,5048;      30
28,5247;      36
28,5447;      34
28,5647;      26
28,5847;      38
28,6046;      33
28,6246;      26
28,6446;      19
28,6646;      22
28,6845;      16
28,7045;      15
28,7245;      11
28,7445;      10
28,7644;      13
28,7844;      17
28,8044;      17
28,8244;       6
28,8443;      10
28,8643;       9
28,8843;      10
28,9043;       9
28,9242;      17
28,9442;      12
28,9642;      15
28,9842;      12
29,0041;      14
29,0241;      17
29,0441;      19
29,0641;      18
29,0840;      13
29,1040;      16
29,1240;      14
29,1440;      17
29,1639;      15
29,1839;      23
29,2039;      18
29,2239;      16
29,2438;       8
29,2638;      16
29,2838;      13
29,3038;      15
29,3237;      21
29,3437;      15
29,3637;       8
29,3837;       9
29,4036;      10
29,4236;       3
29,4436;      16
29,4636;      11
29,4835;       7
29,5035;       7
29,5235;       8
29,5435;      12
29,5634;      12
29,5834;      10
29,6034;       7
29,6234;       7
29,6433;       8
29,6633;      11
29,6833;      15
29,7033;      11
29,7232;       8
29,7432;       6
29,7632;      16
29,7832;      10
29,8031;      11
29,8231;      11
29,8431;       8
29,8631;      15
29,8830;       7
29,9030;       6
29,9230;       9
29,9430;      10
29,9629;      11
29,9829;       6
30,0029;       7
30,0229;       4
30,0428;       6
30,0628;       5
30,0828;       8
30,1028;      10
30,1227;      11
30,1427;      14
30,1627;       8
30,1827;       5
30,2027;       9
30,2226;       5
30,2426;       9
30,2626;      13
30,2826;       9
30,3025;       7
30,3225;       4
30,3425;       7
30,3625;       9
30,3824;       1
30,4024;       9
30,4224;       8
30,4424;      11
30,4623;      10
30,4823;      11
30,5023;       5
30,5223;       8
30,5422;       9
30,5622;       6
30,5822;      10
30,6022;       6
30,6221;       4
30,6421;       7
30,6621;       8
30,6821;       6
30,7020;       6
30,7220;       6
30,7420;       7
30,7620;       6
30,7819;       7
30,8019;       9
30,8219;       7
30,8419;       5
30,8618;      11
30,8818;       6
30,9018;       6
30,9218;       4
30,9417;       4
30,9617;       6
30,9817;       7
31,0017;       5
31,0216;       3
31,0416;       5
31,0616;       7
31,0816;       5
31,1015;       4
31,1215;       3
31,1415;      10
31,1615;       3
31,1814;       6
31,2014;       5
31,2214;       3
31,2414;       3
31,2613;       7
31,2813;       3
31,3013;       5
31,3213;       7
31,3412;       6
31,3612;       4
31,3812;       6
31,4012;       9
31,4211;       4
31,4411;       6
31,4611;       9
31,4811;       6
31,5010;       6
31,5210;       9
31,5410;       2
31,5610;       5
31,5809;       7
31,6009;       3
31,6209;       7
31,6409;      12
31,6608;       7
31,6808;       8
31,7008;       8
31,7208;       7
31,7407;       5
31,7607;       7
31,7807;       5
31,8007;       2
31,8207;       4
31,8406;       5
31,8606;       6
31,8806;      12
31,9006;       8
31,9205;       1
31,9405;       4
31,9605;       5
31,9805;       6
32,0004;       4
32,0204;       8
32,0404;       4
32,0604;       3
32,0803;       1
32,1003;       4
32,1203;       6
32,1403;       7
32,1602;       3
32,1802;       4
32,2002;       2
32,2202;       3
32,2401;       6
32,2601;       7
32,2801;       6
32,3001;       4
32,3200;       5
32,3400;       4
32,3600;       6
32,3800;       3
32,3999;       1
32,4199;       7
32,4399;       1
32,4599;       4
32,4798;       3
32,4998;       2
32,5198;       3
32,5398;       4
32,5597;       3
32,5797;       4
32,5997;       5
32,6197;       6
32,6396;       5
32,6596;       3
32,6796;       2
32,6996;       4
32,7195;       3
32,7395;       1
32,7595;       7
32,7795;       4
32,7994;       2
32,8194;       4
32,8394;       6
32,8594;       4
32,8793;       2
32,8993;       6
32,9193;       6
32,9393;       3
32,9592;       4
32,9792;       2
32,9992;       6
33,0192;       5
33,0391;       4
33,0591;       5
33,0791;       6
33,0991;       9
33,1190;       7
33,1390;       7
33,1590;       7
33,1790;       7
33,1989;       6
33,2189;      13
33,2389;       3
33,2589;       5
33,2788;       7
33,2988;       7
33,3188;       4
33,3388;       6
33,3587;      12
33,3787;       6
33,3987;       5
33,4187;       2
33,4386;       5
33,4586;      10
33,4786;       7
33,4986;       8
33,5186;       5
33,5385;       5
33,5585;       7
33,5785;       2
33,5985;       6
33,6184;       3
33,6384;       1
33,6584;       2
33,6784;       3
33,6983;       5
33,7183;       4
33,7383;       4
33,7583;       3
33,7782;       6
33,7982;       3
33,8182;       1
33,8382;       9
33,8581;       1
33,8781;       4
33,8981;       4
33,9181;       4
33,9380;       2
33,9580;       1
33,9780;       5
33,9980;       2
34,0179;       4
34,0379;       3
34,0579;       2
34,0779;       3
34,0978;       1
34,1178;       3
34,1378;       4
34,1578;       2
34,1777;       5
34,1977;       3
34,2177;       1
34,2377;       3
34,2576;       4
34,2776;       0
34,2976;       1
34,3176;       2
34,3375;       2
34,3575;       2
34,3775;       4
34,3975;       2
34,4174;       1
34,4374;       2
34,4574;       4
34,4774;       0
34,4973;       4
34,5173;       2
34,5373;      11
34,5573;       4
34,5772;       1
34,5972;       1
34,6172;       2
34,6372;       1
34,6571;       1
34,6771;       2
34,6971;       4
34,7171;       1
34,7370;       3
34,7570;       1
34,7770;       5
34,7970;       1
34,8169;       2
34,8369;       4
34,8569;       5
34,8769;       1
34,8968;       3
34,9168;       3
34,9368;       2
34,9568;       0
34,9767;       1
34,9967;       3
35,0167;       2
35,0367;       3
35,0566;       1
35,0766;       3
35,0966;       4
35,1166;       4
35,1365;       2
35,1565;       1
35,1765;       2
35,1965;       1
35,2165;       1
35,2364;       2
35,2564;       1
35,2764;       2
35,2964;       2
35,3163;       1
35,3363;       0
35,3563;       2
35,3763;       1
35,3962;       1
35,4162;       2
35,4362;       0
35,4562;       2
35,4761;       0
35,4961;       0
35,5161;       0
35,5361;       0
35,5560;       2
35,5760;       0
35,5960;       0
35,6160;       2
35,6359;       2
35,6559;       1
35,6759;       5
35,6959;       1
35,7158;       1
35,7358;       0
35,7558;       3
35,7758;       0
35,7957;       2
35,8157;       2
35,8357;       1
35,8557;       4
35,8756;       0
35,8956;       0
35,9156;       2
35,9356;       1
35,9555;       0
35,9755;       1
35,9955;       0
36,0155;       1
36,0354;       1
36,0554;       1
36,0754;       0
36,0954;       3
36,1153;       0
36,1353;       1
36,1553;       0
36,1753;       0
36,1952;       0
36,2152;       1
36,2352;       2
36,2552;       0
36,2751;       1
36,2951;       1
36,3151;       0
36,3351;       1
36,3550;       2
36,3750;       1
36,3950;       3
36,4150;       3
36,4349;       1
36,4549;       0
36,4749;       2
36,4949;       0
36,5148;       1
36,5348;       0
36,5548;       1
36,5748;       0
36,5947;       0
36,6147;       1
36,6347;       2
36,6547;       0
36,6746;       2
36,6946;       0
36,7146;       0
36,7346;       1
36,7545;       0
36,7745;       2
36,7945;       0
36,8145;       0
36,8344;       4
36,8544;       0
36,8744;       0
36,8944;       0
36,9144;       2
36,9343;       1
36,9543;       1
36,9743;       0
36,9943;       2
37,0142;       0
37,0342;       0
37,0542;       0
37,0742;       1
37,0941;       0
37,1141;       0
37,1341;       2
37,1541;       2
37,1740;       1
37,1940;       1
37,2140;       0
37,2340;       1
37,2539;       1
37,2739;       0
37,2939;       0
37,3139;       1
37,3338;       0
37,3538;       0
37,3738;       0
37,3938;       1
37,4137;       0
37,4337;       0
37,4537;       0
37,4737;       0
37,4936;       1
37,5136;       0
37,5336;       1
37,5536;       2
37,5735;       0
37,5935;       1
37,6135;       2
37,6335;       1
37,6534;       1
37,6734;       0
37,6934;       0
37,7134;       0
37,7333;       2
37,7533;       1
37,7733;       0
37,7933;       1
37,8132;       3
37,8332;       0
37,8532;       1
37,8732;       0
37,8931;       0
37,9131;       1
37,9331;       0
37,9531;       0
37,9730;       0
37,9930;       2
38,0130;       0
38,0330;       0
38,0529;       0
38,0729;       2
38,0929;       0
38,1129;       0
38,1328;       0
38,1528;       1
38,1728;       1
38,1928;       0
38,2127;       0
38,2327;       0
38,2527;       0
38,2727;       0
38,2926;       0
38,3126;       1
38,3326;       0
38,3526;       2
38,3725;       0
38,3925;       1
38,4125;       0
38,4325;       1
38,4524;       1
38,4724;       0
38,4924;       0
38,5124;       0
38,5324;       0
38,5523;       0
38,5723;       0
38,5923;       2
38,6123;       0
38,6322;       0
38,6522;       0
38,6722;       0
38,6922;       0
38,7121;       0
38,7321;       0
38,7521;       0
38,7721;       1
38,7920;       0
38,8120;       0
38,8320;       0
38,8520;       0
38,8719;       0
38,8919;       1
38,9119;       0
38,9319;       0
38,9518;       0
38,9718;       0
38,9918;       0
39,0118;       0
39,0317;       0
39,0517;       0
39,0717;       1
39,0917;       0
39,1116;       1
39,1316;       0
39,1516;       0
39,1716;       0
39,1915;       1
39,2115;       0
39,2315;       0
39,2515;       0
39,2714;       0
39,2914;       0
39,3114;       1
39,3314;       0
39,3513;       0
39,3713;       1
39,3913;       0
39,4113;       0
39,4312;       0
39,4512;       1
39,4712;       0
39,4912;       1
39,5111;       0
39,5311;       0
39,5511;       1
39,5711;       1
39,5910;       0
39,6110;       0
39,6310;       1
39,6510;       0
39,6709;       0
39,6909;       0
39,7109;       0
39,7309;       0
39,7508;       0
39,7708;       0
39,7908;       0
39,8108;       0
39,8307;       0
39,8507;       0
39,8707;       2
39,8907;       0
39,9106;       1
39,9306;       0
39,9506;       0
39,9706;       0
39,9905;       0
40,0105;       0
40,0305;       0
40,0505;       0
40,0704;       0
40,0904;       0
40,1104;       0
40,1304;       0
40,1503;       0
40,1703;       0
40,1903;       0
40,2103;       0
40,2303;       0
40,2502;       0
40,2702;       0
40,2902;       0
40,3102;       0
40,3301;       0
40,3501;       0
40,3701;       0
40,3901;       0
40,4100;       0
40,4300;       0
40,4500;       0
40,4700;       0
40,4899;       0
40,5099;       0
40,5299;       0
40,5499;       0
40,5698;       0
40,5898;       0
40,6098;       1
40,6298;       0
40,6497;       0
40,6697;       0
40,6897;       0
40,7097;       0
40,7296;       0
40,7496;       0
40,7696;       0
40,7896;       0
40,8095;       0
40,8295;       1
40,8495;       2
40,8695;       0
40,8894;       0
