 0,0000;     344
 0,0200;     319
 0,0399;     222
 0,0599;     138
 0,0798;      89
 0,0998;      39
 0,1198;      17
 0,1397;       4
 0,1597;       2
 0,1797;       2
 0,1996;       1
 0,2196;       1
 0,2395;       0
 0,2595;       0
 0,2795;       0
 0,2994;       0
 0,3194;       1
 0,3393;       0
 0,3593;       0
 0,3793;       1
 0,3992;       0
 0,4192;       0
 0,4392;       0
 0,4591;       0
 0,4791;       0
 0,4990;       0
 0,5190;       0
 0,5390;       3
 0,5589;       2
 0,5789;      12
 0,5988;      44
 0,6188;     123
 0,6388;     169
 0,6587;     202
 0,6787;     214
 0,6987;     241
 0,7186;     234
 0,7386;     210
 0,7585;     237
 0,7785;     217
 0,7985;     225
 0,8184;     221
 0,8384;     215
 0,8583;     195
 0,8783;     202
 0,8983;     170
 0,9182;     178
 0,9382;     205
 0,9582;     176
 0,9781;     191
 0,9981;     171
 1,0180;     163
 1,0380;     180
 1,0580;     170
 1,0779;     155
 1,0979;     143
 1,1178;     167
 1,1378;     150
 1,1578;     176
 1,1777;     183
 1,1977;     154
 1,2176;     163
 1,2376;     160
 1,2576;     157
 1,2775;     168
 1,2975;     158
 1,3175;     164
 1,3374;     186
 1,3574;     175
 1,3773;     162
 1,3973;     168
 1,4173;     174
 1,4372;     157
 1,4572;     161
 1,4771;     167
 1,4971;     162
 1,5171;     161
 1,5370;     160
 1,5570;     173
 1,5770;     174
 1,5969;     143
 1,6169;     163
 1,6368;     145
 1,6568;     173
 1,6768;     193
 1,6967;     224
 1,7167;     237
 1,7366;     230
 1,7566;     236
 1,7766;     226
 1,7965;     201
 1,8165;     157
 1,8365;     164
 1,8564;     172
 1,8764;     180
 1,8963;     171
 1,9163;     169
 1,9363;     182
 1,9562;     176
 1,9762;     173
 1,9961;     197
 2,0161;     189
 2,0361;     171
 2,0560;     162
 2,0760;     165
 2,0960;     172
 2,1159;     156
 2,1359;     182
 2,1558;     214
 2,1758;     191
 2,1958;     197
 2,2157;     267
 2,2357;     282
 2,2556;     334
 2,2756;     410
 2,2956;     454
 2,3155;     574
 2,3355;     630
 2,3555;     638
 2,3754;     676
 2,3954;     653
 2,4153;     612
 2,4353;     537
 2,4553;     523
 2,4752;     487
 2,4952;     469
 2,5151;     459
 2,5351;     368
 2,5551;     447
 2,5750;     508
 2,5950;     597
 2,6150;     738
 2,6349;     865
 2,6549;     946
 2,6748;    1046
 2,6948;    1113
 2,7148;    1090
 2,7347;    1052
 2,7547;     972
 2,7746;     909
 2,7946;     887
 2,8146;     880
 2,8345;     933
 2,8545;     929
 2,8745;     881
 2,8944;     869
 2,9144;     899
 2,9343;     892
 2,9543;     846
 2,9743;     807
 2,9942;     743
 3,0142;     605
 3,0341;     612
 3,0541;     460
 3,0741;     376
 3,0940;     331
 3,1140;     338
 3,1339;     299
 3,1539;     321
 3,1739;     291
 3,1938;     279
 3,2138;     297
 3,2338;     316
 3,2537;     352
 3,2737;     363
 3,2936;     389
 3,3136;     399
 3,3336;     456
 3,3535;     466
 3,3735;     518
 3,3934;     612
 3,4134;     635
 3,4334;     658
 3,4533;     677
 3,4733;     637
 3,4933;     597
 3,5132;     595
 3,5332;     555
 3,5531;     624
 3,5731;     740
 3,5931;     980
 3,6130;    1306
 3,6330;    1616
 3,6529;    1950
 3,6729;    2014
 3,6929;    2070
 3,7128;    1951
 3,7328;    1846
 3,7528;    1474
 3,7727;    1106
 3,7927;     910
 3,8126;     699
 3,8326;     472
 3,8526;     457
 3,8725;     448
 3,8925;     374
 3,9124;     424
 3,9324;     460
 3,9524;     483
 3,9723;     521
 3,9923;     497
 4,0123;     505
 4,0322;     472
 4,0522;     486
 4,0721;     435
 4,0921;     406
 4,1121;     385
 4,1320;     332
 4,1520;     313
 4,1719;     291
 4,1919;     263
 4,2119;     291
 4,2318;     285
 4,2518;     245
 4,2718;     266
 4,2917;     295
 4,3117;     273
 4,3316;     307
 4,3516;     307
 4,3716;     286
 4,3915;     363
 4,4115;     363
 4,4314;     394
 4,4514;     439
 4,4714;     401
 4,4913;     390
 4,5113;     411
 4,5313;     391
 4,5512;     419
 4,5712;     383
 4,5911;     342
 4,6111;     366
 4,6311;     302
 4,6510;     320
 4,6710;     302
 4,6909;     320
 4,7109;     311
 4,7309;     324
 4,7508;     304
 4,7708;     336
 4,7908;     325
 4,8107;     336
 4,8307;     344
 4,8506;     367
 4,8706;     402
 4,8906;     432
 4,9105;     447
 4,9305;     516
 4,9504;     494
 4,9704;     538
 4,9904;     435
 5,0103;     445
 5,0303;     454
 5,0503;     395
 5,0702;     387
 5,0902;     352
 5,1101;     323
 5,1301;     334
 5,1501;     357
 5,1700;     341
 5,1900;     311
 5,2099;     373
 5,2299;     386
 5,2499;     371
 5,2698;     357
 5,2898;     369
 5,3097;     370
 5,3297;     395
 5,3497;     416
 5,3696;     379
 5,3896;     398
 5,4096;     394
 5,4295;     427
 5,4495;     419
 5,4694;     422
 5,4894;     440
 5,5094;     415
 5,5293;     398
 5,5493;     393
 5,5692;     392
 5,5892;     469
 5,6092;     394
 5,6291;     416
 5,6491;     404
 5,6691;     388
 5,6890;     419
 5,7090;     421
 5,7289;     446
 5,7489;     440
 5,7689;     439
 5,7888;     431
 5,8088;     469
 5,8287;     428
 5,8487;     493
 5,8687;     484
 5,8886;     498
 5,9086;     531
 5,9286;     506
 5,9485;     471
 5,9685;     483
 5,9884;     473
 6,0084;     481
 6,0284;     488
 6,0483;     501
 6,0683;     509
 6,0882;     493
 6,1082;     541
 6,1282;     480
 6,1481;     537
 6,1681;     604
 6,1881;     645
 6,2080;     769
 6,2280;     840
 6,2479;     970
 6,2679;    1205
 6,2879;    1448
 6,3078;    1847
 6,3278;    2213
 6,3477;    2595
 6,3677;    2809
 6,3877;    2975
 6,4076;    2939
 6,4276;    2797
 6,4476;    2456
 6,4675;    2175
 6,4875;    1716
 6,5074;    1423
 6,5274;    1158
 6,5474;     941
 6,5673;     737
 6,5873;     649
 6,6072;     604
 6,6272;     582
 6,6472;     607
 6,6671;     582
 6,6871;     569
 6,7071;     574
 6,7270;     550
 6,7470;     625
 6,7669;     595
 6,7869;     667
 6,8069;     630
 6,8268;     620
 6,8468;     627
 6,8667;     726
 6,8867;     736
 6,9067;     779
 6,9266;     795
 6,9466;     885
 6,9666;     841
 6,9865;     901
 7,0065;     991
 7,0264;     966
 7,0464;    1020
 7,0664;     966
 7,0863;     993
 7,1063;     990
 7,1262;     931
 7,1462;     888
 7,1662;     840
 7,1861;     784
 7,2061;     798
 7,2260;     802
 7,2460;     791
 7,2660;     831
 7,2859;     851
 7,3059;     849
 7,3259;     901
 7,3458;     936
 7,3658;    1019
 7,3857;    1146
 7,4057;    1168
 7,4257;    1299
 7,4456;    1358
 7,4656;    1366
 7,4855;    1305
 7,5055;    1347
 7,5255;    1307
 7,5454;    1173
 7,5654;    1130
 7,5854;    1013
 7,6053;    1024
 7,6253;     969
 7,6452;     978
 7,6652;     945
 7,6852;     952
 7,7051;    1084
 7,7251;    1119
 7,7450;    1257
 7,7650;    1369
 7,7850;    1849
 7,8049;    2439
 7,8249;    3850
 7,8449;    5925
 7,8648;    9921
 7,8848;   15646
 7,9047;   24117
 7,9247;   34961
 7,9447;   49011
 7,9646;   64048
 7,9846;   79273
 8,0045;   92165
 8,0245;  101172
 8,0445;  104365
 8,0644;  102268
 8,0844;   93079
 8,1044;   79854
 8,1243;   65156
 8,1443;   49573
 8,1642;   35912
 8,1842;   24104
 8,2042;   15766
 8,2241;    9840
 8,2441;    5808
 8,2640;    3486
 8,2840;    2248
 8,3040;    1522
 8,3239;    1166
 8,3439;     931
 8,3639;     842
 8,3838;     823
 8,4038;     761
 8,4237;     713
 8,4437;     759
 8,4637;     696
 8,4836;     740
 8,5036;     833
 8,5235;     765
 8,5435;     818
 8,5635;     878
 8,5834;     955
 8,6034;     900
 8,6234;     980
 8,6433;    1146
 8,6633;    1185
 8,6832;    1427
 8,7032;    1795
 8,7232;    2347
 8,7431;    3134
 8,7631;    4553
 8,7830;    6070
 8,8030;    8064
 8,8230;   10224
 8,8429;   12531
 8,8629;   14254
 8,8829;   16049
 8,9028;   16602
 8,9228;   16309
 8,9427;   15345
 8,9627;   13594
 8,9827;   11355
 9,0026;    9133
 9,0226;    6892
 9,0425;    5122
 9,0625;    3714
 9,0825;    2695
 9,1024;    2066
 9,1224;    1682
 9,1423;    1475
 9,1623;    1383
 9,1823;    1246
 9,2022;    1333
 9,2222;    1212
 9,2422;    1096
 9,2621;    1039
 9,2821;     919
 9,3020;     786
 9,3220;     592
 9,3420;     563
 9,3619;     482
 9,3819;     491
 9,4018;     422
 9,4218;     403
 9,4418;     396
 9,4617;     357
 9,4817;     407
 9,5017;     337
 9,5216;     386
 9,5416;     370
 9,5615;     392
 9,5815;     340
 9,6015;     363
 9,6214;     333
 9,6414;     341
 9,6613;     378
 9,6813;     344
 9,7013;     370
 9,7212;     391
 9,7412;     373
 9,7612;     357
 9,7811;     377
 9,8011;     355
 9,8210;     352
 9,8410;     383
 9,8610;     373
 9,8809;     370
 9,9009;     379
 9,9208;     426
 9,9408;     358
 9,9608;     359
 9,9807;     368
10,0007;     392
10,0207;     357
10,0406;     369
10,0606;     414
10,0805;     394
10,1005;     418
10,1205;     443
10,1404;     477
10,1604;     417
10,1803;     434
10,2003;     475
10,2203;     527
10,2402;     637
10,2602;     715
10,2802;     951
10,3001;    1217
10,3201;    1665
10,3400;    2292
10,3600;    3218
10,3800;    4481
10,3999;    6118
10,4199;    8123
10,4398;   10612
10,4598;   13243
10,4798;   16220
10,4997;   18499
10,5197;   20310
10,5397;   21436
10,5596;   21860
10,5796;   20933
10,5995;   18973
10,6195;   16814
10,6395;   13936
10,6594;   11203
10,6794;    8467
10,6993;    6331
10,7193;    4523
10,7393;    2994
10,7592;    2054
10,7792;    1404
10,7992;    1022
10,8191;     727
10,8391;     560
10,8590;     488
10,8790;     452
10,8990;     406
10,9189;     388
10,9389;     364
10,9588;     368
10,9788;     350
10,9988;     350
11,0187;     357
11,0387;     349
11,0587;     333
11,0786;     318
11,0986;     360
11,1185;     323
11,1385;     340
11,1585;     380
11,1784;     423
11,1984;     363
11,2183;     412
11,2383;     461
11,2583;     467
11,2782;     548
11,2982;     581
11,3181;     569
11,3381;     641
11,3581;     623
11,3780;     616
11,3980;     623
11,4180;     562
11,4379;     557
11,4579;     512
11,4778;     436
11,4978;     411
11,5178;     373
11,5377;     385
11,5577;     361
11,5776;     370
11,5976;     363
11,6176;     330
11,6375;     368
11,6575;     422
11,6775;     378
11,6974;     410
11,7174;     458
11,7373;     408
11,7573;     397
11,7773;     413
11,7972;     402
11,8172;     370
11,8371;     415
11,8571;     393
11,8771;     380
11,8970;     370
11,9170;     361
11,9370;     372
11,9569;     369
11,9769;     463
11,9968;     409
12,0168;     477
12,0368;     553
12,0567;     568
12,0767;     617
12,0966;     678
12,1166;     733
12,1366;     847
12,1565;     892
12,1765;    1015
12,1965;    1104
12,2164;    1119
12,2364;    1225
12,2563;    1334
12,2763;    1379
12,2963;    1379
12,3162;    1425
12,3362;    1497
12,3561;    1569
12,3761;    1593
12,3961;    1941
12,4160;    2379
12,4360;    2949
12,4560;    4003
12,4759;    5242
12,4959;    6881
12,5158;    8863
12,5358;   10942
12,5558;   13329
12,5757;   15078
12,5957;   16877
12,6156;   17314
12,6356;   17357
12,6556;   16717
12,6755;   15333
12,6955;   13699
12,7155;   11533
12,7354;    9540
12,7554;    7811
12,7753;    5991
12,7953;    4681
12,8153;    3694
12,8352;    2870
12,8552;    2272
12,8751;    1870
12,8951;    1503
12,9151;    1374
12,9350;    1183
12,9550;    1127
12,9750;    1098
12,9949;    1085
13,0149;    1046
13,0348;     972
13,0548;     849
13,0748;     823
13,0947;     754
13,1147;     726
13,1346;     634
13,1546;     503
13,1746;     456
13,1945;     372
13,2145;     342
13,2344;     297
13,2544;     313
13,2744;     262
13,2943;     273
13,3143;     303
13,3343;     257
13,3542;     280
13,3742;     235
13,3941;     236
13,4141;     265
13,4341;     216
13,4540;     226
13,4740;     221
13,4939;     194
13,5139;     173
13,5339;     186
13,5538;     194
13,5738;     209
13,5938;     198
13,6137;     167
13,6337;     177
13,6536;     168
13,6736;     165
13,6936;     174
13,7135;     187
13,7335;     164
13,7534;     158
13,7734;     154
13,7934;     185
13,8133;     175
13,8333;     185
13,8533;     172
13,8732;     172
13,8932;     176
13,9131;     165
13,9331;     189
13,9531;     189
13,9730;     171
13,9930;     191
14,0129;     153
14,0329;     160
14,0529;     187
14,0728;     187
14,0928;     181
14,1128;     215
14,1327;     226
14,1527;     215
14,1726;     227
14,1926;     242
14,2126;     245
14,2325;     233
14,2525;     256
14,2724;     268
14,2924;     254
14,3124;     276
14,3323;     289
14,3523;     268
14,3723;     271
14,3922;     280
14,4122;     276
14,4321;     247
14,4521;     230
14,4721;     232
14,4920;     276
14,5120;     260
14,5319;     275
14,5519;     321
14,5719;     442
14,5918;     540
14,6118;     652
14,6318;     881
14,6517;    1139
14,6717;    1284
14,6916;    1597
14,7116;    1842
14,7316;    2081
14,7515;    2090
14,7715;    2262
14,7914;    2137
14,8114;    2025
14,8314;    1888
14,8513;    1581
14,8713;    1402
14,8913;    1205
14,9112;     976
14,9312;     822
14,9511;     664
14,9711;     542
14,9911;     506
15,0110;     455
15,0310;     491
15,0509;     531
15,0709;     547
15,0909;     667
15,1108;     706
15,1308;     668
15,1508;     791
15,1707;     794
15,1907;     755
15,2106;     755
15,2306;     720
15,2506;     610
15,2705;     581
15,2905;     529
15,3104;     414
15,3304;     367
15,3504;     325
15,3703;     255
15,3903;     263
15,4102;     229
15,4302;     195
15,4502;     193
15,4701;     172
15,4901;     171
15,5101;     160
15,5300;     148
15,5500;     163
15,5699;     146
15,5899;     163
15,6099;     133
15,6298;     175
15,6498;     181
15,6697;     175
15,6897;     191
15,7097;     228
15,7296;     212
15,7496;     200
15,7696;     229
15,7895;     213
15,8095;     212
15,8294;     218
15,8494;     215
15,8694;     194
15,8893;     221
15,9093;     221
15,9292;     243
15,9492;     294
15,9692;     312
15,9891;     387
16,0091;     445
16,0291;     533
16,0490;     587
16,0690;     640
16,0889;     640
16,1089;     710
16,1289;     659
16,1488;     632
16,1688;     599
16,1887;     537
16,2087;     439
16,2287;     386
16,2486;     345
16,2686;     295
16,2886;     259
16,3085;     186
16,3285;     188
16,3484;     134
16,3684;     133
16,3884;     127
16,4083;     122
16,4283;     113
16,4482;     107
16,4682;     101
16,4882;     100
16,5081;      94
16,5281;     133
16,5481;      97
16,5680;     101
16,5880;     125
16,6079;     101
16,6279;     103
16,6479;     113
16,6678;     109
16,6878;     116
16,7077;     105
16,7277;     108
16,7477;      96
16,7676;     129
16,7876;     126
16,8076;     154
16,8275;     147
16,8475;     185
16,8674;     213
16,8874;     203
16,9074;     259
16,9273;     256
16,9473;     260
16,9672;     263
16,9872;     297
17,0072;     256
17,0271;     264
17,0471;     189
17,0671;     208
17,0870;     173
17,1070;     186
17,1269;     152
17,1469;     127
17,1669;     128
17,1868;     140
17,2068;     102
17,2267;     124
17,2467;     106
17,2667;     105
17,2866;      87
17,3066;      95
17,3265;     115
17,3465;     109
17,3665;      99
17,3864;     122
17,4064;     109
17,4264;     123
17,4463;      89
17,4663;      87
17,4862;     108
17,5062;     107
17,5262;      90
17,5461;      79
17,5661;      91
17,5860;      85
17,6060;     100
17,6260;     116
17,6459;     105
17,6659;      96
17,6859;     102
17,7058;      87
17,7258;     103
17,7457;      99
17,7657;      92
17,7857;      95
17,8056;      99
17,8256;      97
17,8455;      98
17,8655;     109
17,8855;      98
17,9054;     108
17,9254;     105
17,9454;      91
17,9653;      95
17,9853;     106
18,0052;     109
18,0252;      94
18,0452;     111
18,0651;      95
18,0851;      92
18,1050;      94
18,1250;      78
18,1450;      94
18,1649;     112
18,1849;      97
18,2049;     106
18,2248;     105
18,2448;      92
18,2647;     101
18,2847;      95
18,3047;      96
18,3246;      99
18,3446;     125
18,3645;     114
18,3845;     129
18,4045;     133
18,4244;     163
18,4444;     158
18,4644;     177
18,4843;     237
18,5043;     242
18,5242;     262
18,5442;     291
18,5642;     321
18,5841;     328
18,6041;     351
18,6240;     388
18,6440;     325
18,6640;     359
18,6839;     328
18,7039;     316
18,7239;     294
18,7438;     264
18,7638;     261
18,7837;     227
18,8037;     203
18,8237;     242
18,8436;     241
18,8636;     214
18,8835;     196
18,9035;     228
18,9235;     214
18,9434;     197
18,9634;     210
18,9834;     187
19,0033;     208
19,0233;     232
19,0432;     210
19,0632;     233
19,0832;     218
19,1031;     214
19,1231;     240
19,1430;     213
19,1630;     232
19,1830;     205
19,2029;     217
19,2229;     182
19,2428;     172
19,2628;     177
19,2828;     178
19,3027;     179
19,3227;     189
19,3427;     157
19,3626;     200
19,3826;     167
19,4025;     160
19,4225;     150
19,4425;     159
19,4624;     195
19,4824;     154
19,5023;     155
19,5223;     134
19,5423;     148
19,5622;     128
19,5822;     118
19,6022;     123
19,6221;     100
19,6421;      98
19,6620;      96
19,6820;      97
19,7020;      85
19,7219;      79
19,7419;      89
19,7618;      84
19,7818;      90
19,8018;      90
19,8217;      85
19,8417;      86
19,8617;      88
19,8816;      95
19,9016;     108
19,9215;     110
19,9415;     127
19,9615;     156
19,9814;     160
20,0014;     157
20,0213;     196
20,0413;     205
20,0613;     243
20,0812;     269
20,1012;     300
20,1212;     311
20,1411;     336
20,1611;     310
20,1810;     305
20,2010;     330
20,2210;     334
20,2409;     314
20,2609;     291
20,2808;     283
20,3008;     258
20,3208;     235
20,3407;     189
20,3607;     177
20,3807;     168
20,4006;     149
20,4206;     148
20,4405;     117
20,4605;     115
20,4805;     118
20,5004;     109
20,5204;     120
20,5403;     148
20,5603;     144
20,5803;     177
20,6002;     213
20,6202;     195
20,6402;     236
20,6601;     236
20,6801;     233
20,7000;     226
20,7200;     239
20,7400;     218
20,7599;     211
20,7799;     186
20,7998;     169
20,8198;     175
20,8398;     173
20,8597;     146
20,8797;     152
20,8997;     132
20,9196;     123
20,9396;     157
20,9595;     124
20,9795;     116
20,9995;     145
21,0194;     148
21,0394;     135
21,0593;     154
21,0793;     143
21,0993;     158
21,1192;     162
21,1392;     209
21,1592;     168
21,1791;     180
21,1991;     178
21,2190;     154
21,2390;     172
21,2590;     153
21,2789;     124
21,2989;     125
21,3188;     117
21,3388;     110
21,3588;      94
21,3787;      75
21,3987;     117
21,4186;      96
21,4386;      81
21,4586;      83
21,4785;      96
21,4985;      80
21,5185;      96
21,5384;      94
21,5584;      96
21,5783;     116
21,5983;      84
21,6183;      91
21,6382;      80
21,6582;      67
21,6781;      75
21,6981;      71
21,7181;      70
21,7380;      73
21,7580;      61
21,7780;      75
21,7979;      69
21,8179;      67
21,8378;      61
21,8578;      65
21,8778;      47
21,8977;      61
21,9177;      57
21,9376;      65
21,9576;      42
21,9776;      56
21,9975;      53
22,0175;      57
22,0375;      58
22,0574;      58
22,0774;      61
22,0973;      59
22,1173;      59
22,1373;      48
22,1572;      57
22,1772;      50
22,1971;      60
22,2171;      51
22,2371;      63
22,2570;      46
22,2770;      53
22,2970;      50
22,3169;      53
22,3369;      60
22,3568;      45
22,3768;      58
22,3968;      39
22,4167;      42
22,4367;      34
22,4566;      50
22,4766;      53
22,4966;      45
22,5165;      41
22,5365;      45
22,5565;      63
22,5764;      74
22,5964;      71
22,6163;      59
22,6363;      74
22,6563;      75
22,6762;      98
22,6962;      91
22,7161;      85
22,7361;      92
22,7561;     110
22,7760;      92
22,7960;      94
22,8160;      92
22,8359;      77
22,8559;      88
22,8758;      89
22,8958;      75
22,9158;      66
22,9357;      72
22,9557;      61
22,9756;      62
22,9956;      74
23,0156;      64
23,0355;      68
23,0555;      62
23,0755;      91
23,0954;      70
23,1154;      87
23,1353;      75
23,1553;      79
23,1753;      83
23,1952;      99
23,2152;      90
23,2351;      94
23,2551;      80
23,2751;      71
23,2950;      79
23,3150;      66
23,3349;      57
23,3549;      55
23,3749;      56
23,3948;      53
23,4148;      46
23,4348;      50
23,4547;      53
23,4747;      54
23,4946;      39
23,5146;      46
23,5346;      43
23,5545;      40
23,5745;      43
23,5944;      49
23,6144;      47
23,6344;      39
23,6543;      40
23,6743;      41
23,6943;      41
23,7142;      52
23,7342;      54
23,7541;      48
23,7741;      48
23,7941;      50
23,8140;      45
23,8340;      47
23,8539;      49
23,8739;      48
23,8939;      53
23,9138;      55
23,9338;      54
23,9538;      37
23,9737;      33
23,9937;      44
24,0136;      45
24,0336;      33
24,0536;      50
24,0735;      33
24,0935;      35
24,1134;      41
24,1334;      36
24,1534;      34
24,1733;      33
24,1933;      48
24,2133;      35
24,2332;      39
24,2532;      48
24,2731;      31
24,2931;      33
24,3131;      27
24,3330;      39
24,3530;      30
24,3729;      40
24,3929;      37
24,4129;      32
24,4328;      40
24,4528;      38
24,4728;      25
24,4927;      42
24,5127;      27
24,5326;      41
24,5526;      32
24,5726;      36
24,5925;      43
24,6125;      27
24,6324;      25
24,6524;      37
24,6724;      39
24,6923;      41
24,7123;      40
24,7323;      36
24,7522;      42
24,7722;      65
24,7921;      60
24,8121;      76
24,8321;      89
24,8520;     118
24,8720;     117
24,8919;     141
24,9119;     189
24,9319;     214
24,9518;     241
24,9718;     290
24,9918;     333
25,0117;     353
25,0317;     450
25,0516;     426
25,0716;     459
25,0916;     491
25,1115;     507
25,1315;     528
25,1514;     563
25,1714;     588
25,1914;     621
25,2113;     624
25,2313;     717
25,2513;     678
25,2712;     637
25,2912;     703
25,3111;     703
25,3311;     622
25,3511;     544
25,3710;     514
25,3910;     432
25,4109;     401
25,4309;     334
25,4509;     261
25,4708;     207
25,4908;     164
25,5107;     139
25,5307;     120
25,5507;      95
25,5706;      79
25,5906;      58
25,6106;      40
25,6305;      43
25,6505;      30
25,6704;      33
25,6904;      25
25,7104;      27
25,7303;      31
25,7503;      31
25,7702;      33
25,7902;      23
25,8102;      29
25,8301;      23
25,8501;      20
25,8701;      36
25,8900;      15
25,9100;      29
25,9299;      25
25,9499;      19
25,9699;      26
25,9898;      30
26,0098;      21
26,0297;      31
26,0497;      26
26,0697;      29
26,0896;      27
26,1096;      35
26,1296;      31
26,1495;      31
26,1695;      19
26,1894;      29
26,2094;      30
26,2294;      33
26,2493;      30
26,2693;      20
26,2892;      20
26,3092;      29
26,3292;      36
26,3491;      27
26,3691;      25
26,3891;      25
26,4090;      14
26,4290;      19
26,4489;      34
26,4689;      29
26,4889;      27
26,5088;      21
26,5288;      26
26,5487;      22
26,5687;      23
26,5887;      19
26,6086;      27
26,6286;      18
26,6486;      30
26,6685;      20
26,6885;      22
26,7084;      26
26,7284;      22
26,7484;      23
26,7683;      24
26,7883;      22
26,8082;      20
26,8282;      28
26,8482;      19
26,8681;      20
26,8881;      25
26,9081;      28
26,9280;      19
26,9480;      18
26,9679;      25
26,9879;      28
27,0079;      18
27,0278;      28
27,0478;      25
27,0677;      24
27,0877;      23
27,1077;      26
27,1276;      18
27,1476;      21
27,1676;      22
27,1875;      15
27,2075;      26
27,2274;      16
27,2474;      20
27,2674;      19
27,2873;      24
27,3073;      22
27,3272;      22
27,3472;      18
27,3672;      13
27,3871;      31
27,4071;      21
27,4270;      27
27,4470;      28
27,4670;      20
27,4869;      21
27,5069;      22
27,5269;      20
27,5468;      15
27,5668;      15
27,5867;      22
27,6067;      18
27,6267;      22
27,6466;      21
27,6666;      15
27,6865;      19
27,7065;      24
27,7265;      22
27,7464;      18
27,7664;      12
27,7864;      22
27,8063;      18
27,8263;      20
27,8462;      20
27,8662;      23
27,8862;      22
27,9061;      18
27,9261;      25
27,9460;      15
27,9660;      21
27,9860;      19
28,0059;      25
28,0259;      13
28,0459;      14
28,0658;      18
28,0858;      21
28,1057;      23
28,1257;      20
28,1457;      27
28,1656;      32
28,1856;      20
28,2055;      41
28,2255;      37
28,2455;      34
28,2654;      49
28,2854;      57
28,3054;      63
28,3253;      71
28,3453;      80
28,3652;     101
28,3852;      95
28,4052;     131
28,4251;     110
28,4451;     136
28,4650;     156
28,4850;     145
28,5050;     114
28,5249;     129
28,5449;     126
28,5649;     136
28,5848;     119
28,6048;      99
28,6247;      89
28,6447;      75
28,6647;      53
28,6846;      45
28,7046;      46
28,7245;      41
28,7445;      36
28,7645;      26
28,7844;      18
28,8044;      31
28,8244;      19
28,8443;      20
28,8643;      22
28,8842;      16
28,9042;      24
28,9242;      25
28,9441;      17
28,9641;      31
28,9840;      26
29,0040;      38
29,0240;      43
29,0439;      34
29,0639;      37
29,0839;      44
29,1038;      43
29,1238;      33
29,1437;      34
29,1637;      38
29,1837;      30
29,2036;      26
29,2236;      39
29,2435;      22
29,2635;      28
29,2835;      28
29,3034;      23
29,3234;      16
29,3433;      25
29,3633;      22
29,3833;      11
29,4032;      17
29,4232;      15
29,4432;      11
29,4631;      10
29,4831;       8
29,5030;      14
29,5230;       8
29,5430;      15
29,5629;      16
29,5829;      13
29,6028;      14
29,6228;       9
29,6428;       8
29,6627;      12
29,6827;      12
29,7027;      12
29,7226;      17
29,7426;       9
29,7625;      11
29,7825;      20
29,8025;      13
29,8224;      17
29,8424;      14
29,8623;      11
29,8823;      19
29,9023;      13
29,9222;       7
29,9422;      17
29,9622;      12
29,9821;       8
30,0021;      11
30,0220;      14
30,0420;      12
30,0620;      12
30,0819;      11
30,1019;      14
30,1218;      13
30,1418;      10
30,1618;       7
30,1817;      11
30,2017;      11
30,2217;       9
30,2416;      12
30,2616;      13
30,2815;      14
30,3015;       9
30,3215;       8
30,3414;      11
30,3614;      12
30,3813;      11
30,4013;      11
30,4213;       8
30,4412;       9
30,4612;       9
30,4812;       9
30,5011;       9
30,5211;       8
30,5410;      12
30,5610;       7
30,5810;      13
30,6009;       7
30,6209;       7
30,6408;      12
30,6608;       7
30,6808;       5
30,7007;      11
30,7207;       7
30,7407;      10
30,7606;      12
30,7806;       7
30,8005;      15
30,8205;       7
30,8405;       8
30,8604;       7
30,8804;      11
30,9003;       8
30,9203;       8
30,9403;      14
30,9602;       9
30,9802;      10
31,0002;       6
31,0201;       8
31,0401;      10
31,0600;       8
31,0800;      10
31,1000;       9
31,1199;       5
31,1399;      11
31,1598;      11
31,1798;       8
31,1998;      10
31,2197;       4
31,2397;       8
31,2597;      10
31,2796;       9
31,2996;      13
31,3195;       7
31,3395;       4
31,3595;       8
31,3794;       7
31,3994;      11
31,4193;       5
31,4393;      12
31,4593;      10
31,4792;       7
31,4992;       9
31,5191;       6
31,5391;      15
31,5591;       5
31,5790;       2
31,5990;       8
31,6190;      14
31,6389;      13
31,6589;       7
31,6788;       8
31,6988;       7
31,7188;      11
31,7387;       9
31,7587;      14
31,7786;      10
31,7986;       7
31,8186;      10
31,8385;       5
31,8585;      16
31,8785;       8
31,8984;       7
31,9184;       5
31,9383;       7
31,9583;       4
31,9783;       6
31,9982;       5
32,0182;       5
32,0381;       9
32,0581;       6
32,0781;       6
32,0980;      11
32,1180;       3
32,1380;       7
32,1579;       9
32,1779;       6
32,1978;       6
32,2178;       7
32,2378;       9
32,2577;       3
32,2777;       3
32,2976;       4
32,3176;       4
32,3376;       5
32,3575;       6
32,3775;       8
32,3975;       5
32,4174;       8
32,4374;       7
32,4573;       5
32,4773;       6
32,4973;       7
32,5172;       5
32,5372;      14
32,5571;       9
32,5771;       3
32,5971;       5
32,6170;       6
32,6370;       8
32,6570;       5
32,6769;       6
32,6969;       7
32,7168;       7
32,7368;       4
32,7568;       4
32,7767;      11
32,7967;       6
32,8166;       5
32,8366;       3
32,8566;       6
32,8765;       7
32,8965;       9
32,9165;       9
32,9364;       7
32,9564;       6
32,9763;       7
32,9963;       9
33,0163;      13
33,0362;       3
33,0562;      10
33,0761;      10
33,0961;       7
33,1161;      15
33,1360;      15
33,1560;       7
33,1760;       4
33,1959;       7
33,2159;      13
33,2358;      17
33,2558;      11
33,2758;       9
33,2957;      19
33,3157;      12
33,3356;      11
33,3556;       9
33,3756;      10
33,3955;       7
33,4155;      13
33,4354;      18
33,4554;      11
33,4754;      15
33,4953;       9
33,5153;      11
33,5353;      11
33,5552;       8
33,5752;       5
33,5951;       6
33,6151;       3
33,6351;       4
33,6550;       4
33,6750;       1
33,6949;       1
33,7149;       6
33,7349;       1
33,7548;       5
33,7748;       3
33,7948;       2
33,8147;       5
33,8347;      10
33,8546;       4
33,8746;       6
33,8946;       4
33,9145;       3
33,9345;       3
33,9544;       4
33,9744;       3
33,9944;       3
34,0143;       5
34,0343;       5
34,0543;       5
34,0742;       5
34,0942;       5
34,1141;       3
34,1341;       6
34,1541;       4
34,1740;       7
34,1940;       3
34,2139;       4
34,2339;       4
34,2539;       3
34,2738;       5
34,2938;       6
34,3138;       2
34,3337;       3
34,3537;       8
34,3736;       8
34,3936;       3
34,4136;       3
34,4335;       3
34,4535;       9
34,4734;       0
34,4934;       2
34,5134;       2
34,5333;       6
34,5533;       3
34,5733;       3
34,5932;       3
34,6132;       2
34,6331;       7
34,6531;       4
34,6731;       4
34,6930;       4
34,7130;       3
34,7329;       3
34,7529;       2
34,7729;       4
34,7928;       5
34,8128;       2
34,8328;       2
34,8527;       2
34,8727;       3
34,8926;       2
34,9126;       3
34,9326;       3
34,9525;       2
34,9725;       2
34,9924;       3
35,0124;       4
35,0324;       3
35,0523;       1
35,0723;       2
35,0923;       1
35,1122;       0
35,1322;       4
35,1521;       0
35,1721;       2
35,1921;       2
35,2120;       2
35,2320;       4
35,2519;       2
35,2719;       3
35,2919;       3
35,3118;       2
35,3318;       1
35,3518;       4
35,3717;       4
35,3917;       2
35,4116;       3
35,4316;       5
35,4516;       3
35,4715;       2
35,4915;       4
35,5114;       0
35,5314;       2
35,5514;       1
35,5713;       5
35,5913;       3
35,6112;       4
35,6312;       2
35,6512;       2
35,6711;       3
35,6911;       3
35,7111;       3
35,7310;       5
35,7510;       3
35,7709;       1
35,7909;       1
35,8109;       8
35,8308;       3
35,8508;       3
35,8707;       6
35,8907;       1
35,9107;       1
35,9306;       2
35,9506;       1
35,9706;       1
35,9905;       2
36,0105;       1
36,0304;       2
36,0504;       4
36,0704;       2
36,0903;       3
36,1103;       2
36,1302;       1
36,1502;       0
36,1702;       3
36,1901;       2
36,2101;       0
36,2301;       3
36,2500;       2
36,2700;       4
36,2899;       2
36,3099;       2
36,3299;       2
36,3498;       1
36,3698;       1
36,3897;       1
36,4097;       2
36,4297;       2
36,4496;       0
36,4696;       3
36,4896;       0
36,5095;       1
36,5295;       5
36,5494;       3
36,5694;       4
36,5894;       2
36,6093;       2
36,6293;       2
36,6492;       2
36,6692;       2
36,6892;       1
36,7091;       1
36,7291;       1
36,7491;       2
36,7690;       0
36,7890;       1
36,8089;       2
36,8289;       2
36,8489;       1
36,8688;       3
36,8888;       0
36,9087;       1
36,9287;       4
36,9487;       1
36,9686;       0
36,9886;       0
37,0086;       2
37,0285;       0
37,0485;       0
37,0684;       1
37,0884;       1
37,1084;       0
37,1283;       3
37,1483;       1
37,1682;       0
37,1882;       1
37,2082;       2
37,2281;       1
37,2481;       0
37,2681;       0
37,2880;       3
37,3080;       1
37,3279;       0
37,3479;       0
37,3679;       4
37,3878;       4
37,4078;       0
37,4277;       1
37,4477;       1
37,4677;       1
37,4876;       1
37,5076;       1
37,5275;       2
37,5475;       0
37,5675;       1
37,5874;       1
37,6074;       4
37,6274;       2
37,6473;       2
37,6673;       2
37,6872;       1
37,7072;       0
37,7272;       1
37,7471;       2
37,7671;       0
37,7870;       2
37,8070;       0
37,8270;       1
37,8469;       1
37,8669;       2
37,8869;       3
37,9068;       1
37,9268;       4
37,9467;       0
37,9667;       1
37,9867;       2
38,0066;       1
38,0266;       2
38,0465;       1
38,0665;       2
38,0865;       1
38,1064;       0
38,1264;       2
38,1464;       1
38,1663;       1
38,1863;       1
38,2062;       3
38,2262;       0
38,2462;       0
38,2661;       1
38,2861;       1
38,3060;       1
38,3260;       2
38,3460;       2
38,3659;       2
38,3859;       1
38,4059;       1
38,4258;       1
38,4458;       0
38,4657;       1
38,4857;       1
38,5057;       0
38,5256;       1
38,5456;       0
38,5655;       1
38,5855;       0
38,6055;       0
38,6254;       1
38,6454;       0
38,6654;       0
38,6853;       2
38,7053;       1
38,7252;       0
38,7452;       0
38,7652;       2
38,7851;       0
38,8051;       0
38,8250;       0
38,8450;       0
38,8650;       0
38,8849;       1
38,9049;       0
38,9249;       0
38,9448;       2
38,9648;       0
38,9847;       2
39,0047;       1
39,0247;       1
39,0446;       1
39,0646;       0
39,0845;       0
39,1045;       2
39,1245;       3
39,1444;       0
39,1644;       0
39,1844;       0
39,2043;       0
39,2243;       0
39,2442;       1
39,2642;       0
39,2842;       0
39,3041;       1
39,3241;       1
39,3440;       0
39,3640;       0
39,3840;       0
39,4039;       1
39,4239;       0
39,4438;       1
39,4638;       0
39,4838;       1
39,5037;       1
39,5237;       0
39,5437;       1
39,5636;       0
39,5836;       1
39,6035;       0
39,6235;       0
39,6435;       1
39,6634;       0
39,6834;       0
39,7033;       0
39,7233;       0
39,7433;       0
39,7632;       0
39,7832;       0
39,8032;       1
39,8231;       0
39,8431;       1
39,8630;       1
39,8830;       0
39,9030;       0
39,9229;       0
39,9429;       0
39,9628;       0
39,9828;       0
40,0028;       0
40,0227;       1
40,0427;       0
40,0627;       0
40,0826;       1
40,1026;       1
40,1225;       0
40,1425;       1
40,1625;       0
40,1824;       0
40,2024;       0
40,2223;       0
40,2423;       0
40,2623;       0
40,2822;       0
40,3022;       0
40,3222;       1
40,3421;       0
40,3621;       0
40,3820;       0
40,4020;       0
40,4220;       0
40,4419;       0
40,4619;       0
40,4818;       0
40,5018;       1
40,5218;       0
40,5417;       0
40,5617;       0
40,5817;       1
40,6016;       0
40,6216;       1
40,6415;       0
40,6615;       0
40,6815;       0
40,7014;       0
40,7214;       0
40,7413;       0
40,7613;       1
40,7813;       0
40,8012;       0
40,8212;       0
40,8412;       0
40,8611;       0
