 0,0000;     229
 0,0200;     219
 0,0399;     161
 0,0599;      95
 0,0799;      55
 0,0998;      32
 0,1198;      14
 0,1397;       1
 0,1597;       5
 0,1797;       1
 0,1996;       2
 0,2196;       2
 0,2396;       0
 0,2595;       0
 0,2795;       1
 0,2995;       0
 0,3194;       0
 0,3394;       1
 0,3593;       0
 0,3793;       0
 0,3993;       0
 0,4192;       0
 0,4392;       2
 0,4592;       0
 0,4791;       1
 0,4991;       0
 0,5190;       3
 0,5390;       2
 0,5590;      10
 0,5789;      24
 0,5989;      51
 0,6189;     114
 0,6388;     177
 0,6588;     216
 0,6788;     229
 0,6987;     206
 0,7187;     204
 0,7386;     206
 0,7586;     182
 0,7786;     213
 0,7985;     190
 0,8185;     203
 0,8385;     193
 0,8584;     189
 0,8784;     195
 0,8984;     186
 0,9183;     193
 0,9383;     167
 0,9582;     210
 0,9782;     182
 0,9982;     169
 1,0181;     158
 1,0381;     179
 1,0581;     164
 1,0780;     166
 1,0980;     153
 1,1179;     170
 1,1379;     161
 1,1579;     170
 1,1778;     146
 1,1978;     161
 1,2178;     143
 1,2377;     144
 1,2577;     141
 1,2777;     156
 1,2976;     143
 1,3176;     160
 1,3375;     160
 1,3575;     151
 1,3775;     168
 1,3974;     148
 1,4174;     136
 1,4374;     129
 1,4573;     159
 1,4773;     157
 1,4973;     148
 1,5172;     159
 1,5372;     146
 1,5571;     146
 1,5771;     162
 1,5971;     151
 1,6170;     151
 1,6370;     163
 1,6570;     167
 1,6769;     200
 1,6969;     198
 1,7168;     198
 1,7368;     205
 1,7568;     202
 1,7767;     197
 1,7967;     215
 1,8167;     203
 1,8366;     181
 1,8566;     156
 1,8766;     143
 1,8965;     149
 1,9165;     160
 1,9364;     164
 1,9564;     137
 1,9764;     149
 1,9963;     153
 2,0163;     140
 2,0363;     141
 2,0562;     149
 2,0762;     168
 2,0962;     157
 2,1161;     164
 2,1361;     134
 2,1560;     156
 2,1760;     163
 2,1960;     168
 2,2159;     188
 2,2359;     190
 2,2559;     191
 2,2758;     193
 2,2958;     208
 2,3157;     189
 2,3357;     234
 2,3557;     233
 2,3756;     185
 2,3956;     221
 2,4156;     209
 2,4355;     223
 2,4555;     211
 2,4755;     201
 2,4954;     242
 2,5154;     230
 2,5353;     317
 2,5553;     347
 2,5753;     400
 2,5952;     520
 2,6152;     608
 2,6352;     739
 2,6551;     820
 2,6751;     831
 2,6951;     894
 2,7150;     836
 2,7350;     843
 2,7549;     752
 2,7749;     797
 2,7949;     738
 2,8148;     733
 2,8348;     720
 2,8548;     824
 2,8747;     728
 2,8947;     737
 2,9146;     731
 2,9346;     681
 2,9546;     672
 2,9745;     605
 2,9945;     617
 3,0145;     487
 3,0344;     460
 3,0544;     385
 3,0744;     315
 3,0943;     297
 3,1143;     256
 3,1342;     268
 3,1542;     275
 3,1742;     242
 3,1941;     240
 3,2141;     267
 3,2341;     287
 3,2540;     291
 3,2740;     292
 3,2940;     313
 3,3139;     300
 3,3339;     325
 3,3538;     291
 3,3738;     272
 3,3938;     254
 3,4137;     207
 3,4337;     235
 3,4537;     231
 3,4736;     226
 3,4936;     227
 3,5136;     265
 3,5335;     267
 3,5535;     329
 3,5734;     315
 3,5934;     384
 3,6134;     434
 3,6333;     474
 3,6533;     482
 3,6733;     509
 3,6932;     538
 3,7132;     512
 3,7331;     482
 3,7531;     417
 3,7731;     358
 3,7930;     368
 3,8130;     314
 3,8330;     278
 3,8529;     267
 3,8729;     266
 3,8929;     259
 3,9128;     306
 3,9328;     269
 3,9527;     284
 3,9727;     258
 3,9927;     278
 4,0126;     272
 4,0326;     291
 4,0526;     291
 4,0725;     250
 4,0925;     277
 4,1125;     259
 4,1324;     283
 4,1524;     228
 4,1723;     236
 4,1923;     256
 4,2123;     243
 4,2322;     253
 4,2522;     255
 4,2722;     235
 4,2921;     250
 4,3121;     246
 4,3320;     278
 4,3520;     278
 4,3720;     296
 4,3919;     310
 4,4119;     306
 4,4319;     333
 4,4518;     326
 4,4718;     353
 4,4918;     379
 4,5117;     363
 4,5317;     395
 4,5516;     352
 4,5716;     354
 4,5916;     348
 4,6115;     320
 4,6315;     323
 4,6515;     314
 4,6714;     312
 4,6914;     315
 4,7114;     277
 4,7313;     307
 4,7513;     316
 4,7712;     322
 4,7912;     309
 4,8112;     315
 4,8311;     293
 4,8511;     352
 4,8711;     391
 4,8910;     403
 4,9110;     414
 4,9309;     428
 4,9509;     445
 4,9709;     411
 4,9908;     424
 5,0108;     389
 5,0308;     353
 5,0507;     337
 5,0707;     381
 5,0907;     337
 5,1106;     341
 5,1306;     356
 5,1505;     360
 5,1705;     341
 5,1905;     334
 5,2104;     345
 5,2304;     381
 5,2504;     359
 5,2703;     357
 5,2903;     385
 5,3103;     392
 5,3302;     392
 5,3502;     357
 5,3701;     458
 5,3901;     466
 5,4101;     449
 5,4300;     449
 5,4500;     413
 5,4700;     408
 5,4899;     408
 5,5099;     428
 5,5298;     423
 5,5498;     399
 5,5698;     412
 5,5897;     345
 5,6097;     422
 5,6297;     420
 5,6496;     400
 5,6696;     347
 5,6896;     414
 5,7095;     433
 5,7295;     431
 5,7494;     422
 5,7694;     407
 5,7894;     417
 5,8093;     406
 5,8293;     454
 5,8493;     444
 5,8692;     454
 5,8892;     469
 5,9092;     503
 5,9291;     460
 5,9491;     498
 5,9690;     417
 5,9890;     422
 6,0090;     457
 6,0289;     442
 6,0489;     471
 6,0689;     474
 6,0888;     488
 6,1088;     507
 6,1287;     540
 6,1487;     565
 6,1687;     591
 6,1886;     713
 6,2086;     760
 6,2286;     884
 6,2485;    1018
 6,2685;    1163
 6,2885;    1330
 6,3084;    1450
 6,3284;    1581
 6,3483;    1736
 6,3683;    1699
 6,3883;    1784
 6,4082;    1851
 6,4282;    1681
 6,4482;    1565
 6,4681;    1333
 6,4881;    1182
 6,5081;     930
 6,5280;     849
 6,5480;     743
 6,5679;     663
 6,5879;     588
 6,6079;     605
 6,6278;     632
 6,6478;     593
 6,6678;     627
 6,6877;     626
 6,7077;     637
 6,7277;     590
 6,7476;     597
 6,7676;     615
 6,7875;     628
 6,8075;     674
 6,8275;     663
 6,8474;     669
 6,8674;     714
 6,8874;     704
 6,9073;     721
 6,9273;     703
 6,9472;     721
 6,9672;     780
 6,9872;     820
 7,0071;     810
 7,0271;     834
 7,0471;     847
 7,0670;     901
 7,0870;     906
 7,1070;     813
 7,1269;     858
 7,1469;     872
 7,1668;     811
 7,1868;     818
 7,2068;     784
 7,2267;     843
 7,2467;     859
 7,2667;     865
 7,2866;     920
 7,3066;     920
 7,3266;     951
 7,3465;     987
 7,3665;    1030
 7,3864;    1068
 7,4064;    1117
 7,4264;    1172
 7,4463;    1262
 7,4663;    1300
 7,4863;    1340
 7,5062;    1386
 7,5262;    1265
 7,5461;    1358
 7,5661;    1281
 7,5861;    1259
 7,6060;    1308
 7,6260;    1288
 7,6460;    1344
 7,6659;    1345
 7,6859;    1441
 7,7059;    1624
 7,7258;    1719
 7,7458;    2004
 7,7657;    2426
 7,7857;    3174
 7,8057;    4824
 7,8256;    7496
 7,8456;   12236
 7,8656;   19828
 7,8855;   31403
 7,9055;   48272
 7,9255;   68854
 7,9454;   95225
 7,9654;  124124
 7,9853;  152457
 8,0053;  176023
 8,0253;  193201
 8,0452;  198664
 8,0652;  194134
 8,0852;  177949
 8,1051;  154482
 8,1251;  125549
 8,1450;   96609
 8,1650;   68954
 8,1850;   48257
 8,2049;   31347
 8,2249;   19518
 8,2449;   11961
 8,2648;    7058
 8,2848;    4250
 8,3048;    2797
 8,3247;    2054
 8,3447;    1526
 8,3646;    1290
 8,3846;    1168
 8,4046;    1063
 8,4245;    1071
 8,4445;    1058
 8,4645;    1123
 8,4844;    1167
 8,5044;    1294
 8,5244;    1290
 8,5443;    1592
 8,5643;    1685
 8,5842;    1932
 8,6042;    2033
 8,6242;    2284
 8,6441;    2437
 8,6641;    2663
 8,6841;    2932
 8,7040;    3589
 8,7240;    4561
 8,7439;    6335
 8,7639;    8214
 8,7839;   11134
 8,8038;   14888
 8,8238;   18853
 8,8438;   22860
 8,8637;   26394
 8,8837;   29253
 8,9037;   30375
 8,9236;   29695
 8,9436;   27842
 8,9635;   24698
 8,9835;   20359
 9,0035;   16479
 9,0234;   12398
 9,0434;    8817
 9,0634;    6120
 9,0833;    3897
 9,1033;    2511
 9,1233;    1617
 9,1432;     984
 9,1632;     648
 9,1831;     496
 9,2031;     366
 9,2231;     293
 9,2430;     287
 9,2630;     268
 9,2830;     257
 9,3029;     256
 9,3229;     231
 9,3428;     225
 9,3628;     239
 9,3828;     232
 9,4027;     242
 9,4227;     223
 9,4427;     224
 9,4626;     215
 9,4826;     254
 9,5026;     271
 9,5225;     253
 9,5425;     243
 9,5624;     258
 9,5824;     287
 9,6024;     251
 9,6223;     221
 9,6423;     255
 9,6623;     247
 9,6822;     237
 9,7022;     210
 9,7222;     217
 9,7421;     197
 9,7621;     233
 9,7820;     198
 9,8020;     194
 9,8220;     165
 9,8419;     186
 9,8619;     170
 9,8819;     178
 9,9018;     187
 9,9218;     179
 9,9418;     168
 9,9617;     199
 9,9817;     197
10,0016;     186
10,0216;     161
10,0416;     165
10,0615;     169
10,0815;     162
10,1015;     160
10,1214;     160
10,1414;     181
10,1613;     166
10,1813;     152
10,2013;     147
10,2212;     153
10,2412;     159
10,2612;     152
10,2811;     161
10,3011;     194
10,3211;     178
10,3410;     162
10,3610;     191
10,3809;     197
10,4009;     199
10,4209;     171
10,4408;     242
10,4608;     208
10,4808;     250
10,5007;     272
10,5207;     276
10,5407;     304
10,5606;     298
10,5806;     272
10,6005;     281
10,6205;     271
10,6405;     244
10,6604;     211
10,6804;     224
10,7004;     222
10,7203;     183
10,7403;     182
10,7602;     182
10,7802;     189
10,8002;     170
10,8201;     179
10,8401;     189
10,8601;     167
10,8800;     171
10,9000;     189
10,9200;     142
10,9399;     167
10,9599;     150
10,9798;     181
10,9998;     154
11,0198;     151
11,0397;     141
11,0597;     160
11,0797;     134
11,0996;     145
11,1196;     134
11,1396;     151
11,1595;     142
11,1795;     158
11,1994;     165
11,2194;     146
11,2394;     151
11,2593;     158
11,2793;     135
11,2993;     149
11,3192;     156
11,3392;     149
11,3591;     134
11,3791;     158
11,3991;     155
11,4190;     130
11,4390;     124
11,4590;     132
11,4789;     121
11,4989;     143
11,5189;     147
11,5388;     122
11,5588;     129
11,5787;     154
11,5987;     146
11,6187;     137
11,6386;     163
11,6586;     169
11,6786;     146
11,6985;     153
11,7185;     160
11,7385;     164
11,7584;     149
11,7784;     166
11,7983;     138
11,8183;     169
11,8383;     141
11,8582;     145
11,8782;     124
11,8982;     140
11,9181;     118
11,9381;     113
11,9580;     138
11,9780;     130
11,9980;     118
12,0179;     131
12,0379;     129
12,0579;     138
12,0778;     112
12,0978;     117
12,1178;     106
12,1377;     122
12,1577;     121
12,1776;     102
12,1976;     135
12,2176;     119
12,2375;     121
12,2575;     108
12,2775;     111
12,2974;     108
12,3174;     123
12,3374;     116
12,3573;     110
12,3773;     129
12,3972;     158
12,4172;     126
12,4372;     125
12,4571;     130
12,4771;     127
12,4971;     145
12,5170;     150
12,5370;     173
12,5569;     144
12,5769;     162
12,5969;     158
12,6168;     178
12,6368;     162
12,6568;     144
12,6767;     146
12,6967;     146
12,7167;     142
12,7366;     150
12,7566;     152
12,7765;     124
12,7965;     141
12,8165;     120
12,8364;     120
12,8564;     139
12,8764;     117
12,8963;     120
12,9163;     126
12,9363;     114
12,9562;     124
12,9762;     118
12,9961;     131
13,0161;     119
13,0361;     128
13,0560;     109
13,0760;     113
13,0960;     111
13,1159;     119
13,1359;     114
13,1559;     113
13,1758;      95
13,1958;     111
13,2157;     134
13,2357;     104
13,2557;     118
13,2756;     110
13,2956;     120
13,3156;     132
13,3355;     118
13,3555;     119
13,3754;     114
13,3954;     102
13,4154;     103
13,4353;     134
13,4553;      86
13,4753;      94
13,4952;      89
13,5152;      95
13,5352;     100
13,5551;      97
13,5751;     118
13,5950;     106
13,6150;      97
13,6350;      92
13,6549;     106
13,6749;     103
13,6949;     112
13,7148;      95
13,7348;      94
13,7548;      93
13,7747;      90
13,7947;     109
13,8146;      95
13,8346;      96
13,8546;     110
13,8745;     109
13,8945;      86
13,9145;      96
13,9344;     107
13,9544;     105
13,9743;     103
13,9943;     101
14,0143;     104
14,0342;      91
14,0542;     110
14,0742;      80
14,0941;     102
14,1141;     102
14,1341;     101
14,1540;     111
14,1740;     105
14,1939;      96
14,2139;     107
14,2339;     100
14,2538;     121
14,2738;     125
14,2938;     138
14,3137;     119
14,3337;     123
14,3537;     130
14,3736;     130
14,3936;     131
14,4135;     128
14,4335;     153
14,4535;     152
14,4734;     132
14,4934;     130
14,5134;     124
14,5333;     105
14,5533;     125
14,5732;      99
14,5932;     115
14,6132;     107
14,6331;     109
14,6531;     108
14,6731;      84
14,6930;     120
14,7130;     108
14,7330;     109
14,7529;     102
14,7729;     104
14,7928;      98
14,8128;      96
14,8328;     115
14,8527;      97
14,8727;     101
14,8927;     111
14,9126;     105
14,9326;      91
14,9526;     105
14,9725;      94
14,9925;     103
15,0124;     121
15,0324;     119
15,0524;     116
15,0723;     106
15,0923;     111
15,1123;     101
15,1322;     102
15,1522;     109
15,1721;     108
15,1921;     113
15,2121;     106
15,2320;     122
15,2520;     121
15,2720;     127
15,2919;     111
15,3119;      98
15,3319;     105
15,3518;     112
15,3718;     109
15,3917;     104
15,4117;     102
15,4317;     113
15,4516;     119
15,4716;     128
15,4916;     118
15,5115;     109
15,5315;     119
15,5515;     118
15,5714;     104
15,5914;     115
15,6113;     133
15,6313;     103
15,6513;     118
15,6712;      95
15,6912;      98
15,7112;     135
15,7311;     140
15,7511;     135
15,7710;     169
15,7910;     145
15,8110;     153
15,8309;     209
15,8509;     242
15,8709;     333
15,8908;     386
15,9108;     520
15,9308;     689
15,9507;     916
15,9707;    1227
15,9906;    1603
16,0106;    1774
16,0306;    2284
16,0505;    2611
16,0705;    2876
16,0905;    3057
16,1104;    3149
16,1304;    2985
16,1504;    2986
16,1703;    2748
16,1903;    2432
16,2102;    2109
16,2302;    1692
16,2502;    1466
16,2701;     973
16,2901;     800
16,3101;     572
16,3300;     454
16,3500;     340
16,3699;     222
16,3899;     186
16,4099;     146
16,4298;     129
16,4498;     135
16,4698;     117
16,4897;     100
16,5097;     106
16,5297;      99
16,5496;     109
16,5696;     109
16,5895;      95
16,6095;     114
16,6295;     115
16,6494;     147
16,6694;     145
16,6894;     163
16,7093;     154
16,7293;     195
16,7493;     178
16,7692;     256
16,7892;     287
16,8091;     347
16,8291;     456
16,8491;     541
16,8690;     604
16,8890;     680
16,9090;     846
16,9289;     863
16,9489;     947
16,9689;     938
16,9888;    1030
17,0088;     912
17,0287;     923
17,0487;     796
17,0687;     685
17,0886;     546
17,1086;     516
17,1286;     358
17,1485;     288
17,1685;     249
17,1884;     175
17,2084;     156
17,2284;     101
17,2483;     106
17,2683;     106
17,2883;      98
17,3082;      55
17,3282;      74
17,3482;      65
17,3681;      71
17,3881;      58
17,4080;      59
17,4280;      64
17,4480;      79
17,4679;      61
17,4879;      65
17,5079;      66
17,5278;      84
17,5478;      63
17,5678;      74
17,5877;      79
17,6077;      92
17,6276;      79
17,6476;      83
17,6676;      80
17,6875;      90
17,7075;     112
17,7275;     107
17,7474;     111
17,7674;     123
17,7873;     130
17,8073;     114
17,8273;     124
17,8472;     135
17,8672;     128
17,8872;     118
17,9071;     108
17,9271;     125
17,9471;     119
17,9670;     111
17,9870;      92
18,0069;      81
18,0269;      82
18,0469;      62
18,0668;      76
18,0868;      68
18,1068;      59
18,1267;      53
18,1467;      64
18,1667;      78
18,1866;      53
18,2066;      66
18,2265;      80
18,2465;      67
18,2665;      52
18,2864;      65
18,3064;      63
18,3264;      91
18,3463;      69
18,3663;      72
18,3862;      53
18,4062;      73
18,4262;      76
18,4461;      75
18,4661;      74
18,4861;      74
18,5060;      69
18,5260;      85
18,5460;      68
18,5659;      80
18,5859;      92
18,6058;      99
18,6258;      79
18,6458;     100
18,6657;      93
18,6857;      92
18,7057;      94
18,7256;      77
18,7456;     103
18,7656;     110
18,7855;     102
18,8055;     111
18,8254;     138
18,8454;     128
18,8654;     102
18,8853;     126
18,9053;     133
18,9253;     118
18,9452;     137
18,9652;     158
18,9851;     141
19,0051;     141
19,0251;     153
19,0450;     139
19,0650;     130
19,0850;     162
19,1049;     135
19,1249;     119
19,1449;     147
19,1648;     141
19,1848;     127
19,2047;     152
19,2247;     132
19,2447;     126
19,2646;     110
19,2846;     134
19,3046;     115
19,3245;     122
19,3445;     107
19,3645;      69
19,3844;     111
19,4044;     114
19,4243;      78
19,4443;      95
19,4643;      74
19,4842;      87
19,5042;      92
19,5242;      83
19,5441;      73
19,5641;      61
19,5840;      58
19,6040;      62
19,6240;      45
19,6439;      66
19,6639;      70
19,6839;      66
19,7038;      58
19,7238;      39
19,7438;      62
19,7637;      55
19,7837;      51
19,8036;      41
19,8236;      52
19,8436;      60
19,8635;      67
19,8835;      78
19,9035;      56
19,9234;      66
19,9434;      80
19,9634;      81
19,9833;      97
20,0033;     107
20,0232;     105
20,0432;     138
20,0632;     137
20,0831;     159
20,1031;     137
20,1231;     188
20,1430;     168
20,1630;     175
20,1830;     178
20,2029;     187
20,2229;     161
20,2428;     167
20,2628;     151
20,2828;     150
20,3027;     155
20,3227;     120
20,3427;     111
20,3626;     106
20,3826;      90
20,4025;      81
20,4225;      58
20,4425;      74
20,4624;      64
20,4824;      51
20,5024;      47
20,5223;      45
20,5423;      41
20,5623;      45
20,5822;      42
20,6022;      40
20,6221;      46
20,6421;      43
20,6621;      42
20,6820;      42
20,7020;      49
20,7220;      41
20,7419;      43
20,7619;      38
20,7819;      52
20,8018;      45
20,8218;      52
20,8417;      47
20,8617;      38
20,8817;      43
20,9016;      53
20,9216;      49
20,9416;      41
20,9615;      58
20,9815;      59
21,0014;      44
21,0214;      60
21,0414;      53
21,0613;      68
21,0813;      59
21,1013;      59
21,1212;      63
21,1412;      59
21,1612;      60
21,1811;      54
21,2011;      73
21,2210;      87
21,2410;      66
21,2610;      72
21,2809;      60
21,3009;      51
21,3209;      62
21,3408;      58
21,3608;      71
21,3808;      65
21,4007;      56
21,4207;      53
21,4406;      48
21,4606;      36
21,4806;      35
21,5005;      43
21,5205;      47
21,5405;      46
21,5604;      35
21,5804;      39
21,6003;      41
21,6203;      33
21,6403;      32
21,6602;      42
21,6802;      48
21,7002;      51
21,7201;      36
21,7401;      39
21,7601;      39
21,7800;      37
21,8000;      42
21,8199;      38
21,8399;      36
21,8599;      31
21,8798;      33
21,8998;      46
21,9198;      45
21,9397;      28
21,9597;      31
21,9797;      42
21,9996;      44
22,0196;      37
22,0395;      29
22,0595;      41
22,0795;      54
22,0994;      46
22,1194;      50
22,1394;      34
22,1593;      49
22,1793;      43
22,1992;      38
22,2192;      46
22,2392;      32
22,2591;      36
22,2791;      38
22,2991;      41
22,3190;      20
22,3390;      34
22,3590;      29
22,3789;      31
22,3989;      40
22,4188;      45
22,4388;      32
22,4588;      25
22,4787;      28
22,4987;      37
22,5187;      25
22,5386;      33
22,5586;      33
22,5786;      37
22,5985;      33
22,6185;      41
22,6384;      53
22,6584;      47
22,6784;      49
22,6983;      47
22,7183;      50
22,7383;      47
22,7582;      41
22,7782;      54
22,7981;      52
22,8181;      44
22,8381;      46
22,8580;      32
22,8780;      42
22,8980;      25
22,9179;      35
22,9379;      30
22,9579;      21
22,9778;      25
22,9978;      34
23,0177;      30
23,0377;      21
23,0577;      33
23,0776;      34
23,0976;      25
23,1176;      31
23,1375;      21
23,1575;      28
23,1775;      28
23,1974;      34
23,2174;      30
23,2373;      27
23,2573;      22
23,2773;      34
23,2972;      26
23,3172;      23
23,3372;      27
23,3571;      29
23,3771;      15
23,3971;      26
23,4170;      22
23,4370;      19
23,4569;      24
23,4769;      27
23,4969;      23
23,5168;      19
23,5368;      25
23,5568;      15
23,5767;      24
23,5967;      22
23,6166;      25
23,6366;      23
23,6566;      23
23,6765;      23
23,6965;      16
23,7165;      17
23,7364;      18
23,7564;      27
23,7764;      24
23,7963;      30
23,8163;      25
23,8362;      26
23,8562;      16
23,8762;      30
23,8961;      25
23,9161;      26
23,9361;      31
23,9560;      31
23,9760;      32
23,9960;      20
24,0159;      28
24,0359;      35
24,0558;      35
24,0758;      37
24,0958;      35
24,1157;      43
24,1357;      55
24,1557;      48
24,1756;      37
24,1956;      45
24,2155;      37
24,2355;      42
24,2555;      43
24,2754;      39
24,2954;      41
24,3154;      28
24,3353;      39
24,3553;      18
24,3753;      32
24,3952;      28
24,4152;      23
24,4351;      22
24,4551;      25
24,4751;      16
24,4950;      18
24,5150;      17
24,5350;      22
24,5549;      20
24,5749;      20
24,5949;      20
24,6148;      13
24,6348;      21
24,6547;      20
24,6747;      15
24,6947;      29
24,7146;      23
24,7346;      29
24,7546;      21
24,7745;      21
24,7945;      21
24,8144;      20
24,8344;      34
24,8544;      30
24,8743;      25
24,8943;      24
24,9143;      22
24,9342;      31
24,9542;      30
24,9742;      23
24,9941;      35
25,0141;      35
25,0340;      37
25,0540;      33
25,0740;      32
25,0939;      30
25,1139;      30
25,1339;      27
25,1538;      30
25,1738;      24
25,1938;      34
25,2137;      25
25,2337;      30
25,2536;      24
25,2736;      30
25,2936;      28
25,3135;      27
25,3335;      21
25,3535;      18
25,3734;      17
25,3934;      22
25,4133;      21
25,4333;      18
25,4533;      16
25,4732;      20
25,4932;      16
25,5132;      28
25,5331;      18
25,5531;      12
25,5731;      24
25,5930;      16
25,6130;      22
25,6329;      15
25,6529;      18
25,6729;      12
25,6928;      20
25,7128;      18
25,7328;      19
25,7527;      20
25,7727;      20
25,7927;      17
25,8126;      12
25,8326;      18
25,8525;      15
25,8725;      15
25,8925;      19
25,9124;      21
25,9324;      14
25,9524;      22
25,9723;      21
25,9923;      24
26,0122;      18
26,0322;      28
26,0522;      21
26,0721;      26
26,0921;      30
26,1121;      22
26,1320;      33
26,1520;      28
26,1720;      24
26,1919;      27
26,2119;      29
26,2318;      23
26,2518;      34
26,2718;      30
26,2917;      31
26,3117;      24
26,3317;      36
26,3516;      30
26,3716;      28
26,3916;      30
26,4115;      37
26,4315;      32
26,4514;      35
26,4714;      31
26,4914;      33
26,5113;      27
26,5313;      23
26,5513;      19
26,5712;      12
26,5912;      23
26,6112;      20
26,6311;      16
26,6511;      17
26,6710;      18
26,6910;      22
26,7110;      14
26,7309;      26
26,7509;      15
26,7709;      13
26,7908;      12
26,8108;      12
26,8307;      24
26,8507;      23
26,8707;      19
26,8906;      21
26,9106;      15
26,9306;      20
26,9505;      19
26,9705;      18
26,9905;      10
27,0104;      14
27,0304;      19
27,0503;      16
27,0703;      18
27,0903;       8
27,1102;      12
27,1302;      18
27,1502;      25
27,1701;       9
27,1901;      12
27,2101;      20
27,2300;      17
27,2500;      20
27,2699;      15
27,2899;      21
27,3099;      14
27,3298;      22
27,3498;      16
27,3698;       9
27,3897;      19
27,4097;      13
27,4296;      12
27,4496;      13
27,4696;      16
27,4895;      14
27,5095;      16
27,5295;       5
27,5494;      14
27,5694;      13
27,5894;      15
27,6093;       6
27,6293;      15
27,6492;      14
27,6692;      12
27,6892;      16
27,7091;       9
27,7291;       9
27,7491;      13
27,7690;      19
27,7890;       5
27,8090;      13
27,8289;      15
27,8489;       6
27,8688;      12
27,8888;       8
27,9088;      18
27,9287;      19
27,9487;       9
27,9687;      13
27,9886;      13
28,0086;      13
28,0285;      11
28,0485;      15
28,0685;      19
28,0884;      14
28,1084;      19
28,1284;      21
28,1483;      14
28,1683;      16
28,1883;      13
28,2082;      14
28,2282;      16
28,2481;      18
28,2681;      14
28,2881;      12
28,3080;      18
28,3280;      14
28,3480;      20
28,3679;      16
28,3879;      18
28,4079;      14
28,4278;      15
28,4478;      17
28,4677;      16
28,4877;      14
28,5077;      22
28,5276;       6
28,5476;      11
28,5676;      12
28,5875;      11
28,6075;      14
28,6274;      13
28,6474;      15
28,6674;      10
28,6873;       9
28,7073;      10
28,7273;       9
28,7472;       7
28,7672;       9
28,7872;       9
28,8071;      10
28,8271;       8
28,8470;       8
28,8670;       6
28,8870;       7
28,9069;       5
28,9269;      18
28,9469;      13
28,9668;      13
28,9868;      14
29,0068;      10
29,0267;      12
29,0467;      11
29,0666;      12
29,0866;       8
29,1066;      13
29,1265;      12
29,1465;      10
29,1665;      13
29,1864;      15
29,2064;      10
29,2263;      17
29,2463;       9
29,2663;       9
29,2862;       9
29,3062;      10
29,3262;       7
29,3461;      11
29,3661;       8
29,3861;      13
29,4060;      10
29,4260;      11
29,4459;       7
29,4659;      14
29,4859;       7
29,5058;       8
29,5258;       5
29,5458;       9
29,5657;       7
29,5857;      16
29,6057;      10
29,6256;      10
29,6456;      10
29,6655;      11
29,6855;      11
29,7055;       9
29,7254;      14
29,7454;      14
29,7654;      10
29,7853;      12
29,8053;       8
29,8253;       8
29,8452;       9
29,8652;       8
29,8851;      15
29,9051;      10
29,9251;      13
29,9450;      11
29,9650;      10
29,9850;      10
30,0049;       9
30,0249;      10
30,0448;      13
30,0648;       7
30,0848;       7
30,1047;      14
30,1247;       5
30,1447;       3
30,1646;       7
30,1846;       6
30,2046;      11
30,2245;      10
30,2445;      10
30,2644;       5
30,2844;      12
30,3044;       6
30,3243;       9
30,3443;       6
30,3643;       8
30,3842;      14
30,4042;       7
30,4242;       9
30,4441;       6
30,4641;       9
30,4840;       7
30,5040;       3
30,5240;       3
30,5439;      14
30,5639;      13
30,5839;       5
30,6038;       7
30,6238;      10
30,6437;      16
30,6637;      12
30,6837;       7
30,7036;       3
30,7236;       5
30,7436;      10
30,7635;       6
30,7835;      12
30,8035;       4
30,8234;       6
30,8434;       9
30,8633;       5
30,8833;       6
30,9033;       9
30,9232;       8
30,9432;       5
30,9632;       7
30,9831;       9
31,0031;       9
31,0231;       7
31,0430;       7
31,0630;       6
31,0829;       3
31,1029;       7
31,1229;       9
31,1428;       9
31,1628;      11
31,1828;      11
31,2027;       9
31,2227;       3
31,2426;       4
31,2626;       7
31,2826;       7
31,3025;       8
31,3225;       5
31,3425;       6
31,3624;       5
31,3824;       8
31,4024;       7
31,4223;       4
31,4423;       4
31,4622;       3
31,4822;       7
31,5022;       8
31,5221;       8
31,5421;      10
31,5621;      10
31,5820;       4
31,6020;       6
31,6220;       6
31,6419;       9
31,6619;       6
31,6818;       8
31,7018;       5
31,7218;       3
31,7417;       7
31,7617;       4
31,7817;       9
31,8016;       4
31,8216;       4
31,8415;       5
31,8615;       6
31,8815;       4
31,9014;       4
31,9214;       5
31,9414;       6
31,9613;       7
31,9813;       7
32,0013;       5
32,0212;       3
32,0412;       6
32,0611;       2
32,0811;       6
32,1011;       6
32,1210;       5
32,1410;       2
32,1610;       4
32,1809;       8
32,2009;       3
32,2209;       4
32,2408;       6
32,2608;       7
32,2807;      10
32,3007;       7
32,3207;       1
32,3406;       4
32,3606;       5
32,3806;       3
32,4005;       4
32,4205;       1
32,4404;       4
32,4604;       5
32,4804;       9
32,5003;       3
32,5203;       4
32,5403;       3
32,5602;       5
32,5802;       2
32,6002;       4
32,6201;       1
32,6401;       6
32,6600;       8
32,6800;       4
32,7000;       2
32,7199;       1
32,7399;       5
32,7599;       8
32,7798;       6
32,7998;       3
32,8198;       3
32,8397;       4
32,8597;       2
32,8796;       1
32,8996;       3
32,9196;       5
32,9395;       6
32,9595;       4
32,9795;       2
32,9994;       5
33,0194;       4
33,0394;       1
33,0593;       3
33,0793;       5
33,0992;       2
33,1192;       0
33,1392;       4
33,1591;       3
33,1791;       5
33,1991;       7
33,2190;       2
33,2390;       4
33,2589;       6
33,2789;       4
33,2989;       3
33,3188;       3
33,3388;       5
33,3588;       6
33,3787;       2
33,3987;       2
33,4187;       3
33,4386;       2
33,4586;       2
33,4785;       3
33,4985;       1
33,5185;       4
33,5384;       6
33,5584;       3
33,5784;       3
33,5983;       2
33,6183;       4
33,6383;       3
33,6582;       5
33,6782;       4
33,6981;       4
33,7181;       5
33,7381;       2
33,7580;       6
33,7780;       4
33,7980;       1
33,8179;       2
33,8379;       3
33,8578;       5
33,8778;       1
33,8978;       2
33,9177;       4
33,9377;       4
33,9577;       3
33,9776;       4
33,9976;       3
34,0176;       2
34,0375;       1
34,0575;       2
34,0774;       4
34,0974;       1
34,1174;       4
34,1373;       6
34,1573;       3
34,1773;       1
34,1972;       3
34,2172;       0
34,2372;       3
34,2571;       2
34,2771;       3
34,2970;       5
34,3170;       2
34,3370;       4
34,3569;       2
34,3769;       4
34,3969;       1
34,4168;       4
34,4368;       3
34,4567;       2
34,4767;       3
34,4967;       3
34,5166;       6
34,5366;       2
34,5566;       1
34,5765;       2
34,5965;       1
34,6165;       2
34,6364;       4
34,6564;       2
34,6763;       1
34,6963;       5
34,7163;       4
34,7362;       0
34,7562;       0
34,7762;       1
34,7961;       1
34,8161;       1
34,8361;       2
34,8560;       1
34,8760;       1
34,8959;       0
34,9159;       2
34,9359;       3
34,9558;       1
34,9758;       0
34,9958;       0
35,0157;       2
35,0357;       2
35,0556;       1
35,0756;       1
35,0956;       1
35,1155;       2
35,1355;       1
35,1555;       4
35,1754;       1
35,1954;       2
35,2154;       2
35,2353;       1
35,2553;       0
35,2752;       1
35,2952;       2
35,3152;       1
35,3351;       1
35,3551;       2
35,3751;       2
35,3950;       0
35,4150;       0
35,4350;       7
35,4549;       0
35,4749;       1
35,4948;       3
35,5148;       1
35,5348;       2
35,5547;       3
35,5747;       1
35,5947;       0
35,6146;       2
35,6346;       1
35,6545;       0
35,6745;       2
35,6945;       1
35,7144;       2
35,7344;       1
35,7544;       1
35,7743;       0
35,7943;       0
35,8143;       0
35,8342;       0
35,8542;       1
35,8741;       2
35,8941;       2
35,9141;       4
35,9340;       2
35,9540;       0
35,9740;       3
35,9939;       0
36,0139;       1
36,0339;       0
36,0538;       1
36,0738;       1
36,0937;       1
36,1137;       1
36,1337;       2
36,1536;       1
36,1736;       1
36,1936;       3
36,2135;       1
36,2335;       3
36,2535;       0
36,2734;       1
36,2934;       0
36,3133;       1
36,3333;       0
36,3533;       0
36,3732;       1
36,3932;       1
36,4132;       1
36,4331;       1
36,4531;       1
36,4730;       2
36,4930;       1
36,5130;       2
36,5329;       0
36,5529;       0
36,5729;       1
36,5928;       2
36,6128;       2
36,6328;       0
36,6527;       0
36,6727;       0
36,6926;       1
36,7126;       0
36,7326;       1
36,7525;       1
36,7725;       0
36,7925;       2
36,8124;       1
36,8324;       2
36,8524;       1
36,8723;       1
36,8923;       1
36,9122;       0
36,9322;       1
36,9522;       0
36,9721;       0
36,9921;       0
37,0121;       0
37,0320;       0
37,0520;       0
37,0719;       0
37,0919;       1
37,1119;       0
37,1318;       1
37,1518;       0
37,1718;       1
37,1917;       0
37,2117;       0
37,2317;       0
37,2516;       1
37,2716;       1
37,2915;       0
37,3115;       0
37,3315;       1
37,3514;       2
37,3714;       0
37,3914;       1
37,4113;       0
37,4313;       0
37,4513;       2
37,4712;       2
37,4912;       0
37,5111;       0
37,5311;       1
37,5511;       2
37,5710;       0
37,5910;       2
37,6110;       0
37,6309;       0
37,6509;       1
37,6708;       0
37,6908;       1
37,7108;       1
37,7307;       0
37,7507;       1
37,7707;       0
37,7906;       0
37,8106;       1
37,8306;       1
37,8505;       0
37,8705;       1
37,8904;       0
37,9104;       0
37,9304;       0
37,9503;       1
37,9703;       0
37,9903;       0
38,0102;       0
38,0302;       3
38,0502;       1
38,0701;       2
38,0901;       2
38,1100;       1
38,1300;       1
38,1500;       2
38,1699;       0
38,1899;       1
38,2099;       1
38,2298;       0
38,2498;       1
38,2697;       0
38,2897;       0
38,3097;       0
38,3296;       0
38,3496;       2
38,3696;       1
38,3895;       0
38,4095;       1
38,4295;       1
38,4494;       0
38,4694;       1
38,4893;       2
38,5093;       1
38,5293;       0
38,5492;       1
38,5692;       0
38,5892;       1
38,6091;       1
38,6291;       0
38,6491;       0
38,6690;       1
38,6890;       0
38,7089;       1
38,7289;       0
38,7489;       0
38,7688;       0
38,7888;       0
38,8088;       0
38,8287;       0
38,8487;       0
38,8686;       0
38,8886;       1
38,9086;       2
38,9285;       0
38,9485;       1
38,9685;       2
38,9884;       0
39,0084;       1
39,0284;       0
39,0483;       0
39,0683;       0
39,0882;       0
39,1082;       1
39,1282;       0
39,1481;       0
39,1681;       1
39,1881;       0
39,2080;       0
39,2280;       0
39,2480;       0
39,2679;       0
39,2879;       0
39,3078;       0
39,3278;       0
39,3478;       0
39,3677;       0
39,3877;       0
39,4077;       0
39,4276;       0
39,4476;       0
39,4676;       0
39,4875;       0
39,5075;       0
39,5274;       0
39,5474;       0
39,5674;       0
39,5873;       0
39,6073;       1
39,6273;       0
39,6472;       0
39,6672;       0
39,6871;       1
39,7071;       0
39,7271;       1
39,7470;       0
39,7670;       0
39,7870;       0
39,8069;       0
39,8269;       0
39,8469;       0
39,8668;       0
39,8868;       0
39,9067;       0
39,9267;       2
39,9467;       0
39,9666;       0
39,9866;       0
40,0066;       1
40,0265;       0
40,0465;       0
40,0665;       0
40,0864;       0
40,1064;       0
40,1263;       0
40,1463;       0
40,1663;       0
40,1862;       0
40,2062;       0
40,2262;       0
40,2461;       0
40,2661;       1
40,2860;       0
40,3060;       0
40,3260;       0
40,3459;       0
40,3659;       0
40,3859;       0
40,4058;       0
40,4258;       0
40,4458;       0
40,4657;       0
40,4857;       0
40,5056;       1
40,5256;       0
40,5456;       0
40,5655;       1
40,5855;       0
40,6055;       0
40,6254;       0
40,6454;       0
40,6654;       0
40,6853;       0
40,7053;       0
40,7252;       0
40,7452;       1
40,7652;       1
40,7851;       0
40,8051;       1
40,8251;       1
40,8450;       0
40,8650;       0
