 0,0000;     202
 0,0200;     199
 0,0399;     130
 0,0599;      94
 0,0799;      60
 0,0998;      28
 0,1198;      12
 0,1397;       8
 0,1597;       3
 0,1797;       2
 0,1996;       0
 0,2196;       1
 0,2396;       0
 0,2595;       2
 0,2795;       0
 0,2995;       0
 0,3194;       0
 0,3394;       0
 0,3594;       1
 0,3793;       0
 0,3993;       1
 0,4192;       0
 0,4392;       0
 0,4592;       0
 0,4791;       0
 0,4991;       1
 0,5191;       1
 0,5390;       5
 0,5590;      11
 0,5790;      28
 0,5989;      60
 0,6189;     125
 0,6388;     178
 0,6588;     203
 0,6788;     224
 0,6987;     236
 0,7187;     210
 0,7387;     182
 0,7586;     209
 0,7786;     199
 0,7986;     207
 0,8185;     189
 0,8385;     211
 0,8585;     176
 0,8784;     181
 0,8984;     189
 0,9183;     203
 0,9383;     175
 0,9583;     172
 0,9782;     171
 0,9982;     194
 1,0182;     186
 1,0381;     182
 1,0581;     172
 1,0781;     181
 1,0980;     158
 1,1180;     161
 1,1379;     170
 1,1579;     186
 1,1779;     159
 1,1978;     164
 1,2178;     137
 1,2378;     156
 1,2577;     174
 1,2777;     154
 1,2977;     160
 1,3176;     161
 1,3376;     139
 1,3576;     139
 1,3775;     156
 1,3975;     141
 1,4174;     160
 1,4374;     159
 1,4574;     151
 1,4773;     127
 1,4973;     169
 1,5173;     152
 1,5372;     133
 1,5572;     152
 1,5772;     144
 1,5971;     173
 1,6171;     143
 1,6370;     145
 1,6570;     179
 1,6770;     163
 1,6969;     206
 1,7169;     222
 1,7369;     198
 1,7568;     193
 1,7768;     180
 1,7968;     182
 1,8167;     176
 1,8367;     162
 1,8567;     202
 1,8766;     178
 1,8966;     149
 1,9165;     143
 1,9365;     140
 1,9565;     169
 1,9764;     156
 1,9964;     169
 2,0164;     168
 2,0363;     172
 2,0563;     173
 2,0763;     135
 2,0962;     165
 2,1162;     156
 2,1361;     173
 2,1561;     158
 2,1761;     162
 2,1960;     166
 2,2160;     181
 2,2360;     190
 2,2559;     178
 2,2759;     193
 2,2959;     208
 2,3158;     236
 2,3358;     219
 2,3558;     210
 2,3757;     235
 2,3957;     196
 2,4156;     217
 2,4356;     210
 2,4556;     218
 2,4755;     225
 2,4955;     248
 2,5155;     267
 2,5354;     337
 2,5554;     402
 2,5754;     444
 2,5953;     543
 2,6153;     650
 2,6352;     751
 2,6552;     794
 2,6752;     853
 2,6951;     884
 2,7151;     918
 2,7351;     778
 2,7550;     819
 2,7750;     769
 2,7950;     765
 2,8149;     753
 2,8349;     804
 2,8549;     748
 2,8748;     785
 2,8948;     814
 2,9147;     745
 2,9347;     737
 2,9547;     692
 2,9746;     608
 2,9946;     597
 3,0146;     546
 3,0345;     449
 3,0545;     405
 3,0745;     349
 3,0944;     312
 3,1144;     255
 3,1343;     279
 3,1543;     266
 3,1743;     288
 3,1942;     253
 3,2142;     262
 3,2342;     275
 3,2541;     285
 3,2741;     300
 3,2941;     318
 3,3140;     294
 3,3340;     311
 3,3540;     279
 3,3739;     290
 3,3939;     242
 3,4138;     230
 3,4338;     258
 3,4538;     236
 3,4737;     192
 3,4937;     224
 3,5137;     264
 3,5336;     296
 3,5536;     288
 3,5736;     345
 3,5935;     372
 3,6135;     423
 3,6334;     467
 3,6534;     469
 3,6734;     515
 3,6933;     516
 3,7133;     502
 3,7333;     436
 3,7532;     447
 3,7732;     368
 3,7932;     350
 3,8131;     288
 3,8331;     277
 3,8531;     265
 3,8730;     261
 3,8930;     277
 3,9129;     280
 3,9329;     283
 3,9529;     290
 3,9728;     313
 3,9928;     291
 4,0128;     298
 4,0327;     286
 4,0527;     316
 4,0727;     294
 4,0926;     278
 4,1126;     244
 4,1325;     259
 4,1525;     248
 4,1725;     263
 4,1924;     238
 4,2124;     252
 4,2324;     267
 4,2523;     278
 4,2723;     271
 4,2923;     278
 4,3122;     256
 4,3322;     260
 4,3522;     287
 4,3721;     262
 4,3921;     295
 4,4120;     307
 4,4320;     314
 4,4520;     336
 4,4719;     353
 4,4919;     370
 4,5119;     395
 4,5318;     377
 4,5518;     376
 4,5718;     332
 4,5917;     343
 4,6117;     347
 4,6316;     311
 4,6516;     302
 4,6716;     308
 4,6915;     310
 4,7115;     309
 4,7315;     322
 4,7514;     308
 4,7714;     325
 4,7914;     358
 4,8113;     335
 4,8313;     352
 4,8513;     361
 4,8712;     365
 4,8912;     397
 4,9111;     381
 4,9311;     375
 4,9511;     402
 4,9710;     440
 4,9910;     342
 5,0110;     390
 5,0309;     356
 5,0509;     360
 5,0709;     374
 5,0908;     352
 5,1108;     321
 5,1307;     322
 5,1507;     340
 5,1707;     374
 5,1906;     308
 5,2106;     353
 5,2306;     352
 5,2505;     397
 5,2705;     365
 5,2905;     413
 5,3104;     370
 5,3304;     388
 5,3504;     411
 5,3703;     388
 5,3903;     401
 5,4102;     432
 5,4302;     443
 5,4502;     439
 5,4701;     453
 5,4901;     439
 5,5101;     436
 5,5300;     462
 5,5500;     438
 5,5700;     455
 5,5899;     477
 5,6099;     461
 5,6298;     442
 5,6498;     405
 5,6698;     451
 5,6897;     475
 5,7097;     462
 5,7297;     488
 5,7496;     439
 5,7696;     475
 5,7896;     451
 5,8095;     503
 5,8295;     467
 5,8495;     485
 5,8694;     478
 5,8894;     431
 5,9093;     449
 5,9293;     447
 5,9493;     486
 5,9692;     450
 5,9892;     529
 6,0092;     483
 6,0291;     442
 6,0491;     485
 6,0691;     509
 6,0890;     483
 6,1090;     503
 6,1289;     557
 6,1489;     583
 6,1689;     654
 6,1888;     691
 6,2088;     801
 6,2288;     929
 6,2487;    1024
 6,2687;    1161
 6,2887;    1278
 6,3086;    1416
 6,3286;    1557
 6,3486;    1611
 6,3685;    1634
 6,3885;    1666
 6,4084;    1632
 6,4284;    1575
 6,4484;    1370
 6,4683;    1209
 6,4883;    1091
 6,5083;     925
 6,5282;     839
 6,5482;     755
 6,5682;     684
 6,5881;     654
 6,6081;     650
 6,6280;     677
 6,6480;     624
 6,6680;     607
 6,6879;     645
 6,7079;     596
 6,7279;     672
 6,7478;     637
 6,7678;     635
 6,7878;     698
 6,8077;     655
 6,8277;     633
 6,8477;     722
 6,8676;     676
 6,8876;     744
 6,9075;     682
 6,9275;     710
 6,9475;     792
 6,9674;     781
 6,9874;     821
 7,0074;     845
 7,0273;     845
 7,0473;     877
 7,0673;     871
 7,0872;     852
 7,1072;     905
 7,1271;     837
 7,1471;     845
 7,1671;     833
 7,1870;     868
 7,2070;     876
 7,2270;     836
 7,2469;     870
 7,2669;     888
 7,2869;     868
 7,3068;     933
 7,3268;     976
 7,3468;    1043
 7,3667;    1082
 7,3867;    1091
 7,4066;    1218
 7,4266;    1182
 7,4466;    1372
 7,4665;    1353
 7,4865;    1387
 7,5065;    1330
 7,5264;    1376
 7,5464;    1295
 7,5664;    1310
 7,5863;    1338
 7,6063;    1352
 7,6262;    1325
 7,6462;    1354
 7,6662;    1402
 7,6861;    1426
 7,7061;    1577
 7,7261;    1754
 7,7460;    2065
 7,7660;    2511
 7,7860;    3478
 7,8059;    4995
 7,8259;    7866
 7,8459;   12823
 7,8658;   21018
 7,8858;   33028
 7,9057;   50416
 7,9257;   72808
 7,9457;  100522
 7,9656;  129568
 7,9856;  158838
 8,0056;  184178
 8,0255;  200735
 8,0455;  208266
 8,0655;  201597
 8,0854;  185382
 8,1054;  159807
 8,1253;  130853
 8,1453;  100648
 8,1653;   72991
 8,1852;   50062
 8,2052;   33240
 8,2252;   20400
 8,2451;   12458
 8,2651;    7591
 8,2851;    4549
 8,3050;    2858
 8,3250;    2091
 8,3450;    1578
 8,3649;    1310
 8,3849;    1180
 8,4048;    1134
 8,4248;    1116
 8,4448;    1158
 8,4647;    1141
 8,4847;    1164
 8,5047;    1298
 8,5246;    1423
 8,5446;    1601
 8,5646;    1733
 8,5845;    2039
 8,6045;    2116
 8,6244;    2313
 8,6444;    2596
 8,6644;    2707
 8,6843;    3107
 8,7043;    3609
 8,7243;    4796
 8,7442;    6422
 8,7642;    8546
 8,7842;   11588
 8,8041;   15444
 8,8241;   19491
 8,8441;   23891
 8,8640;   27549
 8,8840;   30158
 8,9039;   31194
 8,9239;   31046
 8,9439;   29147
 8,9638;   25266
 8,9838;   21605
 9,0038;   16783
 9,0237;   12778
 9,0437;    9313
 9,0637;    6344
 9,0836;    4073
 9,1036;    2642
 9,1235;    1600
 9,1435;    1057
 9,1635;     712
 9,1834;     506
 9,2034;     402
 9,2234;     340
 9,2433;     289
 9,2633;     278
 9,2833;     283
 9,3032;     265
 9,3232;     247
 9,3432;     237
 9,3631;     244
 9,3831;     232
 9,4030;     249
 9,4230;     234
 9,4430;     198
 9,4629;     232
 9,4829;     262
 9,5029;     268
 9,5228;     294
 9,5428;     257
 9,5628;     267
 9,5827;     279
 9,6027;     269
 9,6226;     308
 9,6426;     284
 9,6626;     240
 9,6825;     204
 9,7025;     222
 9,7225;     216
 9,7424;     197
 9,7624;     218
 9,7824;     198
 9,8023;     211
 9,8223;     165
 9,8423;     156
 9,8622;     191
 9,8822;     179
 9,9021;     199
 9,9221;     207
 9,9421;     175
 9,9620;     181
 9,9820;     170
10,0020;     150
10,0219;     173
10,0419;     155
10,0619;     186
10,0818;     185
10,1018;     157
10,1217;     175
10,1417;     162
10,1617;     152
10,1816;     155
10,2016;     159
10,2216;     150
10,2415;     166
10,2615;     138
10,2815;     179
10,3014;     153
10,3214;     197
10,3414;     181
10,3613;     170
10,3813;     182
10,4012;     181
10,4212;     240
10,4412;     236
10,4611;     243
10,4811;     269
10,5011;     298
10,5210;     316
10,5410;     290
10,5610;     287
10,5809;     322
10,6009;     272
10,6208;     245
10,6408;     240
10,6608;     219
10,6807;     232
10,7007;     182
10,7207;     195
10,7406;     174
10,7606;     168
10,7806;     192
10,8005;     180
10,8205;     183
10,8405;     177
10,8604;     187
10,8804;     182
10,9003;     178
10,9203;     193
10,9403;     154
10,9602;     159
10,9802;     141
11,0002;     171
11,0201;     150
11,0401;     150
11,0601;     146
11,0800;     164
11,1000;     163
11,1199;     147
11,1399;     159
11,1599;     160
11,1798;     178
11,1998;     155
11,2198;     132
11,2397;     138
11,2597;     142
11,2797;     129
11,2996;     147
11,3196;     148
11,3396;     145
11,3595;     127
11,3795;     142
11,3994;     147
11,4194;     118
11,4394;     154
11,4593;     149
11,4793;     137
11,4993;     139
11,5192;     133
11,5392;     150
11,5592;     121
11,5791;     142
11,5991;     150
11,6190;     120
11,6390;     168
11,6590;     163
11,6789;     148
11,6989;     175
11,7189;     147
11,7388;     123
11,7588;     163
11,7788;     140
11,7987;     167
11,8187;     170
11,8387;     176
11,8586;     140
11,8786;     138
11,8985;     137
11,9185;     132
11,9385;     142
11,9584;     143
11,9784;     144
11,9984;     151
12,0183;     133
12,0383;     123
12,0583;     138
12,0782;     144
12,0982;     145
12,1182;     131
12,1381;     127
12,1581;     101
12,1780;     115
12,1980;     110
12,2180;     128
12,2379;     121
12,2579;     140
12,2779;     129
12,2978;     124
12,3178;     138
12,3378;     118
12,3577;     111
12,3777;     107
12,3976;     118
12,4176;     128
12,4376;     142
12,4575;     120
12,4775;     137
12,4975;     136
12,5174;     146
12,5374;     160
12,5574;     165
12,5773;     181
12,5973;     156
12,6173;     149
12,6372;     150
12,6572;     185
12,6771;     145
12,6971;     174
12,7171;     148
12,7370;     142
12,7570;     150
12,7770;     132
12,7969;     128
12,8169;     112
12,8369;     131
12,8568;     119
12,8768;     131
12,8967;     108
12,9167;     125
12,9367;     115
12,9566;     121
12,9766;     103
12,9966;     120
13,0165;     109
13,0365;     107
13,0565;     112
13,0764;     140
13,0964;     110
13,1164;     113
13,1363;     103
13,1563;      99
13,1762;     100
13,1962;     118
13,2162;     109
13,2361;     107
13,2561;     107
13,2761;     128
13,2960;     105
13,3160;      99
13,3360;     108
13,3559;     104
13,3759;     101
13,3958;     131
13,4158;     111
13,4358;     104
13,4557;     105
13,4757;     118
13,4957;     101
13,5156;     111
13,5356;     110
13,5556;      93
13,5755;     115
13,5955;      97
13,6155;     101
13,6354;      92
13,6554;      89
13,6753;      97
13,6953;     112
13,7153;     125
13,7352;      99
13,7552;      96
13,7752;      89
13,7951;     116
13,8151;     102
13,8351;     107
13,8550;      92
13,8750;     100
13,8949;      94
13,9149;     108
13,9349;      98
13,9548;     108
13,9748;     102
13,9948;     117
14,0147;     100
14,0347;      93
14,0547;     108
14,0746;     101
14,0946;     101
14,1146;     120
14,1345;      89
14,1545;     111
14,1744;     113
14,1944;     114
14,2144;     124
14,2343;     110
14,2543;     125
14,2743;     122
14,2942;     126
14,3142;     142
14,3342;     128
14,3541;     125
14,3741;     128
14,3940;     136
14,4140;     168
14,4340;     129
14,4539;     162
14,4739;     162
14,4939;     153
14,5138;     143
14,5338;     142
14,5538;     151
14,5737;     126
14,5937;     112
14,6137;     117
14,6336;     110
14,6536;     117
14,6735;     126
14,6935;     107
14,7135;     115
14,7334;     119
14,7534;     119
14,7734;     118
14,7933;     120
14,8133;     125
14,8333;     101
14,8532;      98
14,8732;      96
14,8931;     106
14,9131;     123
14,9331;     123
14,9530;     113
14,9730;      91
14,9930;     113
15,0129;     103
15,0329;     130
15,0529;     114
15,0728;     127
15,0928;     100
15,1128;     110
15,1327;     102
15,1527;     102
15,1726;     112
15,1926;     116
15,2126;     127
15,2325;     133
15,2525;     112
15,2725;     115
15,2924;     114
15,3124;      91
15,3324;     134
15,3523;     138
15,3723;     132
15,3922;     124
15,4122;     119
15,4322;     103
15,4521;     127
15,4721;      94
15,4921;     110
15,5120;     107
15,5320;     123
15,5520;     111
15,5719;     102
15,5919;     116
15,6119;     111
15,6318;     111
15,6518;     121
15,6717;     136
15,6917;     138
15,7117;     125
15,7316;     130
15,7516;     112
15,7716;     142
15,7915;     166
15,8115;     184
15,8315;     223
15,8514;     246
15,8714;     307
15,8913;     441
15,9113;     576
15,9313;     737
15,9512;    1043
15,9712;    1289
15,9912;    1611
16,0111;    1948
16,0311;    2411
16,0511;    2863
16,0710;    3110
16,0910;    3314
16,1110;    3369
16,1309;    3448
16,1509;    3128
16,1708;    2897
16,1908;    2671
16,2108;    2218
16,2307;    1861
16,2507;    1439
16,2707;    1139
16,2906;     904
16,3106;     607
16,3306;     451
16,3505;     385
16,3705;     231
16,3904;     184
16,4104;     168
16,4304;     138
16,4503;     122
16,4703;     120
16,4903;     125
16,5102;     119
16,5302;     108
16,5502;     108
16,5701;     117
16,5901;     126
16,6101;     102
16,6300;     142
16,6500;     157
16,6699;     141
16,6899;     141
16,7099;     178
16,7298;     187
16,7498;     213
16,7698;     296
16,7897;     290
16,8097;     388
16,8297;     452
16,8496;     561
16,8696;     685
16,8895;     734
16,9095;     882
16,9295;     954
16,9494;     969
16,9694;    1024
16,9894;    1055
17,0093;     991
17,0293;     991
17,0493;     887
17,0692;     759
17,0892;     620
17,1092;     549
17,1291;     388
17,1491;     329
17,1690;     272
17,1890;     197
17,2090;     177
17,2289;     126
17,2489;      92
17,2689;      89
17,2888;      79
17,3088;      78
17,3288;      74
17,3487;      60
17,3687;      66
17,3886;      70
17,4086;      62
17,4286;      63
17,4485;      74
17,4685;      75
17,4885;      63
17,5084;      76
17,5284;      69
17,5484;      78
17,5683;      84
17,5883;      79
17,6083;      76
17,6282;      66
17,6482;      88
17,6681;     101
17,6881;      97
17,7081;      94
17,7280;     118
17,7480;     118
17,7680;     119
17,7879;     131
17,8079;     152
17,8279;     143
17,8478;     136
17,8678;     130
17,8877;     111
17,9077;     144
17,9277;     114
17,9476;     109
17,9676;     109
17,9876;     101
18,0075;      82
18,0275;      83
18,0475;      77
18,0674;      68
18,0874;      76
18,1074;      54
18,1273;      61
18,1473;      65
18,1672;      60
18,1872;      60
18,2072;      70
18,2271;      69
18,2471;      56
18,2671;      61
18,2870;      61
18,3070;      67
18,3270;      58
18,3469;      50
18,3669;      58
18,3868;      60
18,4068;      55
18,4268;      73
18,4467;      73
18,4667;      80
18,4867;      93
18,5066;      78
18,5266;      84
18,5466;      96
18,5665;      72
18,5865;      94
18,6065;      79
18,6264;      97
18,6464;      70
18,6663;      90
18,6863;      85
18,7063;      82
18,7262;     110
18,7462;     116
18,7662;     111
18,7861;     129
18,8061;     129
18,8261;     102
18,8460;     119
18,8660;     130
18,8859;     118
18,9059;     139
18,9259;     127
18,9458;     138
18,9658;     158
18,9858;     151
19,0057;     166
19,0257;     154
19,0457;     150
19,0656;     129
19,0856;     151
19,1056;     141
19,1255;     141
19,1455;     145
19,1654;     126
19,1854;     136
19,2054;     142
19,2253;     124
19,2453;      96
19,2653;     136
19,2852;     122
19,3052;     110
19,3252;     112
19,3451;     102
19,3651;     101
19,3850;     108
19,4050;      98
19,4250;      88
19,4449;      86
19,4649;      82
19,4849;      76
19,5048;      76
19,5248;      85
19,5448;      71
19,5647;      67
19,5847;      76
19,6047;      68
19,6246;      64
19,6446;      72
19,6645;      63
19,6845;      52
19,7045;      58
19,7244;      59
19,7444;      53
19,7644;      53
19,7843;      65
19,8043;      48
19,8243;      50
19,8442;      57
19,8642;      70
19,8841;      61
19,9041;      67
19,9241;      74
19,9440;      62
19,9640;     100
19,9840;      97
20,0039;      94
20,0239;     111
20,0439;     126
20,0638;     142
20,0838;     131
20,1038;     163
20,1237;     152
20,1437;     180
20,1636;     157
20,1836;     199
20,2036;     199
20,2235;     171
20,2435;     204
20,2635;     159
20,2834;     142
20,3034;     147
20,3234;     131
20,3433;      98
20,3633;     102
20,3832;      80
20,4032;      79
20,4232;      71
20,4431;      75
20,4631;      48
20,4831;      58
20,5030;      47
20,5230;      53
20,5430;      33
20,5629;      50
20,5829;      50
20,6029;      35
20,6228;      35
20,6428;      45
20,6627;      46
20,6827;      37
20,7027;      40
20,7226;      34
20,7426;      29
20,7626;      47
20,7825;      43
20,8025;      47
20,8225;      57
20,8424;      40
20,8624;      36
20,8823;      40
20,9023;      50
20,9223;      55
20,9422;      59
20,9622;      58
20,9822;      55
21,0021;      55
21,0221;      64
21,0421;      57
21,0620;      72
21,0820;      62
21,1020;      74
21,1219;      83
21,1419;      69
21,1618;      62
21,1818;      77
21,2018;      92
21,2217;      59
21,2417;      59
21,2617;      61
21,2816;      48
21,3016;      59
21,3216;      66
21,3415;      43
21,3615;      55
21,3814;      59
21,4014;      53
21,4214;      59
21,4413;      49
21,4613;      45
21,4813;      50
21,5012;      56
21,5212;      40
21,5412;      40
21,5611;      38
21,5811;      32
21,6011;      45
21,6210;      50
21,6410;      42
21,6609;      45
21,6809;      55
21,7009;      48
21,7208;      41
21,7408;      48
21,7608;      53
21,7807;      38
21,8007;      27
21,8207;      30
21,8406;      43
21,8606;      36
21,8805;      40
21,9005;      40
21,9205;      44
21,9404;      51
21,9604;      33
21,9804;      39
22,0003;      52
22,0203;      46
22,0403;      32
22,0602;      37
22,0802;      53
22,1002;      47
22,1201;      45
22,1401;      46
22,1600;      46
22,1800;      43
22,2000;      47
22,2199;      50
22,2399;      38
22,2599;      34
22,2798;      46
22,2998;      23
22,3198;      36
22,3397;      31
22,3597;      34
22,3796;      29
22,3996;      31
22,4196;      16
22,4395;      30
22,4595;      19
22,4795;      33
22,4994;      37
22,5194;      33
22,5394;      44
22,5593;      29
22,5793;      37
22,5993;      43
22,6192;      34
22,6392;      40
22,6591;      37
22,6791;      43
22,6991;      42
22,7190;      44
22,7390;      41
22,7590;      65
22,7789;      46
22,7989;      42
22,8189;      52
22,8388;      45
22,8588;      36
22,8787;      35
22,8987;      25
22,9187;      34
22,9386;      31
22,9586;      29
22,9786;      31
22,9985;      22
23,0185;      39
23,0385;      35
23,0584;      36
23,0784;      29
23,0984;      22
23,1183;      29
23,1383;      22
23,1582;      37
23,1782;      33
23,1982;      18
23,2181;      35
23,2381;      26
23,2581;      33
23,2780;      28
23,2980;      16
23,3180;      26
23,3379;      37
23,3579;      22
23,3778;      22
23,3978;      37
23,4178;      16
23,4377;      33
23,4577;      23
23,4777;      24
23,4976;      20
23,5176;      21
23,5376;      21
23,5575;      23
23,5775;      19
23,5975;      15
23,6174;      29
23,6374;      30
23,6573;      28
23,6773;      29
23,6973;      28
23,7172;      29
23,7372;      28
23,7572;      31
23,7771;      23
23,7971;      22
23,8171;      21
23,8370;      32
23,8570;      28
23,8769;      33
23,8969;      20
23,9169;      22
23,9368;      27
23,9568;      24
23,9768;      30
23,9967;      30
24,0167;      33
24,0367;      40
24,0566;      36
24,0766;      35
24,0966;      45
24,1165;      39
24,1365;      44
24,1564;      50
24,1764;      38
24,1964;      41
24,2163;      60
24,2363;      42
24,2563;      47
24,2762;      38
24,2962;      35
24,3162;      38
24,3361;      31
24,3561;      33
24,3760;      29
24,3960;      20
24,4160;      28
24,4359;      26
24,4559;      29
24,4759;      27
24,4958;      31
24,5158;      19
24,5358;      18
24,5557;      18
24,5757;      20
24,5957;      19
24,6156;      22
24,6356;      23
24,6555;      22
24,6755;      29
24,6955;      27
24,7154;      20
24,7354;      21
24,7554;      21
24,7753;      24
24,7953;      23
24,8153;      27
24,8352;      23
24,8552;      25
24,8751;      17
24,8951;      33
24,9151;      38
24,9350;      33
24,9550;      21
24,9750;      35
24,9949;      33
25,0149;      35
25,0349;      39
25,0548;      40
25,0748;      29
25,0948;      37
25,1147;      37
25,1347;      39
25,1546;      33
25,1746;      33
25,1946;      23
25,2145;      25
25,2345;      26
25,2545;      28
25,2744;      29
25,2944;      24
25,3144;      16
25,3343;      26
25,3543;      21
25,3742;      29
25,3942;      23
25,4142;      25
25,4341;      22
25,4541;      28
25,4741;      21
25,4940;      24
25,5140;      20
25,5340;      12
25,5539;      16
25,5739;      22
25,5939;      15
25,6138;      12
25,6338;      14
25,6537;      16
25,6737;      20
25,6937;      15
25,7136;       8
25,7336;      14
25,7536;      28
25,7735;      14
25,7935;      15
25,8135;      16
25,8334;      27
25,8534;      24
25,8733;      13
25,8933;      27
25,9133;      13
25,9332;      28
25,9532;      15
25,9732;      19
25,9931;      23
26,0131;      27
26,0331;      20
26,0530;      16
26,0730;      19
26,0930;      22
26,1129;      24
26,1329;      23
26,1528;      24
26,1728;      29
26,1928;      26
26,2127;      27
26,2327;      28
26,2527;      31
26,2726;      27
26,2926;      33
26,3126;      28
26,3325;      46
26,3525;      33
26,3724;      30
26,3924;      30
26,4124;      31
26,4323;      35
26,4523;      30
26,4723;      25
26,4922;      27
26,5122;      27
26,5322;      23
26,5521;      17
26,5721;      24
26,5921;      22
26,6120;      19
26,6320;      17
26,6519;      20
26,6719;      20
26,6919;      19
26,7118;      23
26,7318;      20
26,7518;      19
26,7717;      12
26,7917;      16
26,8117;       9
26,8316;      17
26,8516;      20
26,8715;      17
26,8915;      12
26,9115;      17
26,9314;      14
26,9514;      16
26,9714;      15
26,9913;       8
27,0113;      15
27,0313;      18
27,0512;      14
27,0712;      16
27,0912;      20
27,1111;      11
27,1311;      12
27,1510;      17
27,1710;      14
27,1910;      18
27,2109;      22
27,2309;      13
27,2509;      16
27,2708;      10
27,2908;       8
27,3108;      19
27,3307;      22
27,3507;      12
27,3706;      12
27,3906;      15
27,4106;      13
27,4305;       5
27,4505;      15
27,4705;      14
27,4904;      10
27,5104;      25
27,5304;      13
27,5503;      18
27,5703;      12
27,5903;      20
27,6102;      18
27,6302;      15
27,6501;      13
27,6701;      14
27,6901;      20
27,7100;       7
27,7300;      19
27,7500;      16
27,7699;      10
27,7899;      12
27,8099;      23
27,8298;      15
27,8498;      20
27,8697;       7
27,8897;       8
27,9097;      11
27,9296;      12
27,9496;       7
27,9696;      15
27,9895;       8
28,0095;      13
28,0295;      15
28,0494;      12
28,0694;      19
28,0894;      12
28,1093;      27
28,1293;      16
28,1492;      18
28,1692;      16
28,1892;      20
28,2091;      24
28,2291;       9
28,2491;      10
28,2690;      19
28,2890;      12
28,3090;      15
28,3289;      14
28,3489;      16
28,3688;      12
28,3888;      10
28,4088;      15
28,4287;      13
28,4487;      19
28,4687;      12
28,4886;      13
28,5086;      15
28,5286;      14
28,5485;      16
28,5685;       8
28,5885;      11
28,6084;      19
28,6284;       9
28,6483;      13
28,6683;       8
28,6883;      11
28,7082;      14
28,7282;      12
28,7482;      12
28,7681;      10
28,7881;      15
28,8081;      12
28,8280;       8
28,8480;      11
28,8679;       7
28,8879;      12
28,9079;       6
28,9278;      11
28,9478;      12
28,9678;       9
28,9877;       8
29,0077;      14
29,0277;       6
29,0476;      15
29,0676;       5
29,0876;      15
29,1075;       9
29,1275;      13
29,1474;      11
29,1674;      12
29,1874;      14
29,2073;      14
29,2273;      18
29,2473;       5
29,2672;      12
29,2872;       8
29,3072;      18
29,3271;      14
29,3471;       9
29,3670;      13
29,3870;      13
29,4070;       8
29,4269;      11
29,4469;      13
29,4669;      10
29,4868;      12
29,5068;       9
29,5268;      10
29,5467;      10
29,5667;       6
29,5867;      14
29,6066;      12
29,6266;      11
29,6465;       9
29,6665;      14
29,6865;       8
29,7064;      13
29,7264;      12
29,7464;      13
29,7663;      19
29,7863;      13
29,8063;      11
29,8262;       8
29,8462;      14
29,8661;      13
29,8861;      11
29,9061;       7
29,9260;      11
29,9460;       8
29,9660;       8
29,9859;       7
30,0059;       8
30,0259;       8
30,0458;       3
30,0658;       7
30,0858;       3
30,1057;      10
30,1257;       4
30,1456;       4
30,1656;      12
30,1856;      11
30,2055;       8
30,2255;      14
30,2455;      13
30,2654;      12
30,2854;      10
30,3054;       8
30,3253;      10
30,3453;       7
30,3652;       6
30,3852;       9
30,4052;      10
30,4251;       8
30,4451;       6
30,4651;       7
30,4850;       5
30,5050;       9
30,5250;       8
30,5449;       8
30,5649;       4
30,5849;      12
30,6048;       4
30,6248;      10
30,6447;      11
30,6647;       8
30,6847;       6
30,7046;       6
30,7246;       2
30,7446;       2
30,7645;       5
30,7845;       3
30,8045;       9
30,8244;       8
30,8444;       2
30,8643;      11
30,8843;       9
30,9043;      15
30,9242;       8
30,9442;       5
30,9642;       4
30,9841;       6
31,0041;      10
31,0241;       5
31,0440;       5
31,0640;       7
31,0840;       7
31,1039;       3
31,1239;       6
31,1438;       7
31,1638;       1
31,1838;       7
31,2037;       8
31,2237;       4
31,2437;      12
31,2636;       9
31,2836;       3
31,3036;       6
31,3235;       8
31,3435;       7
31,3634;       7
31,3834;       5
31,4034;       6
31,4233;       8
31,4433;       8
31,4633;       3
31,4832;       6
31,5032;       1
31,5232;      14
31,5431;       8
31,5631;       7
31,5831;      10
31,6030;       4
31,6230;       6
31,6429;       3
31,6629;       3
31,6829;       8
31,7028;       9
31,7228;       9
31,7428;       5
31,7627;       6
31,7827;       5
31,8027;       3
31,8226;       2
31,8426;       5
31,8625;       6
31,8825;       6
31,9025;       3
31,9224;       5
31,9424;       3
31,9624;       6
31,9823;       4
32,0023;       1
32,0223;       5
32,0422;       5
32,0622;       6
32,0822;       8
32,1021;       7
32,1221;       7
32,1420;       7
32,1620;       3
32,1820;      10
32,2019;       6
32,2219;       3
32,2419;       0
32,2618;       0
32,2818;       3
32,3018;       8
32,3217;       5
32,3417;       6
32,3616;       5
32,3816;       7
32,4016;       3
32,4215;       4
32,4415;       6
32,4615;       8
32,4814;       7
32,5014;       3
32,5214;       2
32,5413;       4
32,5613;       7
32,5813;       3
32,6012;       5
32,6212;       5
32,6411;       5
32,6611;       6
32,6811;       4
32,7010;       3
32,7210;       5
32,7410;       1
32,7609;       4
32,7809;       4
32,8009;      11
32,8208;       4
32,8408;       5
32,8607;       2
32,8807;       3
32,9007;       5
32,9206;       6
32,9406;       5
32,9606;       6
32,9805;       4
33,0005;       5
33,0205;       1
33,0404;       4
33,0604;       5
33,0804;       2
33,1003;       2
33,1203;       7
33,1402;       4
33,1602;       2
33,1802;       4
33,2001;       4
33,2201;       4
33,2401;       5
33,2600;       4
33,2800;       6
33,3000;       5
33,3199;       3
33,3399;       2
33,3598;       4
33,3798;       1
33,3998;       5
33,4197;       1
33,4397;       6
33,4597;       3
33,4796;       6
33,4996;       2
33,5196;       1
33,5395;       3
33,5595;       4
33,5795;       5
33,5994;       0
33,6194;       3
33,6393;       4
33,6593;       3
33,6793;       2
33,6992;       3
33,7192;       2
33,7392;       5
33,7591;       3
33,7791;       4
33,7991;       2
33,8190;       5
33,8390;       3
33,8589;       4
33,8789;       1
33,8989;       2
33,9188;       2
33,9388;       5
33,9588;       4
33,9787;       0
33,9987;       5
34,0187;       3
34,0386;       6
34,0586;       3
34,0786;       2
34,0985;       5
34,1185;       0
34,1384;       3
34,1584;       5
34,1784;       5
34,1983;       4
34,2183;       4
34,2383;       1
34,2582;       4
34,2782;       2
34,2982;       3
34,3181;       1
34,3381;       3
34,3580;       3
34,3780;       3
34,3980;       4
34,4179;       2
34,4379;       3
34,4579;       6
34,4778;       5
34,4978;       2
34,5178;       1
34,5377;       3
34,5577;       2
34,5777;       1
34,5976;       1
34,6176;       1
34,6375;       4
34,6575;       3
34,6775;       3
34,6974;       3
34,7174;       2
34,7374;       3
34,7573;       3
34,7773;       2
34,7973;       2
34,8172;       1
34,8372;       2
34,8571;       1
34,8771;       2
34,8971;       1
34,9170;       2
34,9370;       4
34,9570;       1
34,9769;       1
34,9969;       1
35,0169;       1
35,0368;       2
35,0568;       2
35,0768;       2
35,0967;       3
35,1167;       2
35,1366;       2
35,1566;       3
35,1766;       2
35,1965;       3
35,2165;       2
35,2365;       3
35,2564;       0
35,2764;       0
35,2964;       3
35,3163;       0
35,3363;       0
35,3562;       2
35,3762;       1
35,3962;       3
35,4161;       3
35,4361;       4
35,4561;       3
35,4760;       0
35,4960;       2
35,5160;       3
35,5359;       0
35,5559;       1
35,5759;       2
35,5958;       2
35,6158;       1
35,6357;       0
35,6557;       1
35,6757;       3
35,6956;       2
35,7156;       1
35,7356;       1
35,7555;       1
35,7755;       1
35,7955;       0
35,8154;       1
35,8354;       3
35,8554;       3
35,8753;       1
35,8953;       5
35,9152;       1
35,9352;       1
35,9552;       0
35,9751;       0
35,9951;       1
36,0151;       3
36,0350;       2
36,0550;       0
36,0750;       1
36,0949;       1
36,1149;       1
36,1348;       3
36,1548;       1
36,1748;       2
36,1947;       0
36,2147;       1
36,2347;       1
36,2546;       2
36,2746;       0
36,2946;       1
36,3145;       1
36,3345;       0
36,3545;       1
36,3744;       0
36,3944;       1
36,4143;       1
36,4343;       2
36,4543;       0
36,4742;       0
36,4942;       2
36,5142;       0
36,5341;       2
36,5541;       2
36,5741;       0
36,5940;       0
36,6140;       0
36,6339;       0
36,6539;       1
36,6739;       0
36,6938;       0
36,7138;       0
36,7338;       1
36,7537;       0
36,7737;       2
36,7937;       1
36,8136;       0
36,8336;       1
36,8536;       1
36,8735;       1
36,8935;       3
36,9134;       1
36,9334;       3
36,9534;       2
36,9733;       0
36,9933;       1
37,0133;       1
37,0332;       0
37,0532;       0
37,0732;       2
37,0931;       1
37,1131;       3
37,1330;       0
37,1530;       2
37,1730;       0
37,1929;       1
37,2129;       2
37,2329;       2
37,2528;       0
37,2728;       1
37,2928;       0
37,3127;       1
37,3327;       1
37,3527;       1
37,3726;       0
37,3926;       1
37,4125;       2
37,4325;       0
37,4525;       0
37,4724;       0
37,4924;       0
37,5124;       1
37,5323;       0
37,5523;       0
37,5723;       1
37,5922;       2
37,6122;       1
37,6321;       0
37,6521;       2
37,6721;       1
37,6920;       1
37,7120;       1
37,7320;       2
37,7519;       1
37,7719;       0
37,7919;       1
37,8118;       0
37,8318;       1
37,8518;       1
37,8717;       0
37,8917;       0
37,9116;       0
37,9316;       0
37,9516;       2
37,9715;       0
37,9915;       1
38,0115;       1
38,0314;       0
38,0514;       0
38,0714;       0
38,0913;       0
38,1113;       0
38,1312;       0
38,1512;       0
38,1712;       0
38,1911;       0
38,2111;       2
38,2311;       0
38,2510;       1
38,2710;       0
38,2910;       2
38,3109;       0
38,3309;       1
38,3509;       0
38,3708;       0
38,3908;       0
38,4107;       2
38,4307;       0
38,4507;       1
38,4706;       0
38,4906;       0
38,5106;       0
38,5305;       0
38,5505;       1
38,5705;       0
38,5904;       2
38,6104;       0
38,6303;       0
38,6503;       0
38,6703;       1
38,6902;       1
38,7102;       0
38,7302;       0
38,7501;       1
38,7701;       1
38,7901;       1
38,8100;       0
38,8300;       1
38,8500;       1
38,8699;       0
38,8899;       0
38,9098;       0
38,9298;       0
38,9498;       0
38,9697;       0
38,9897;       0
39,0097;       2
39,0296;       0
39,0496;       0
39,0696;       0
39,0895;       1
39,1095;       0
39,1294;       1
39,1494;       0
39,1694;       0
39,1893;       0
39,2093;       1
39,2293;       0
39,2492;       0
39,2692;       0
39,2892;       0
39,3091;       0
39,3291;       0
39,3491;       0
39,3690;       0
39,3890;       0
39,4089;       0
39,4289;       0
39,4489;       0
39,4688;       0
39,4888;       0
39,5088;       1
39,5287;       2
39,5487;       0
39,5687;       0
39,5886;       0
39,6086;       1
39,6285;       0
39,6485;       0
39,6685;       0
39,6884;       0
39,7084;       0
39,7284;       0
39,7483;       0
39,7683;       0
39,7883;       0
39,8082;       0
39,8282;       0
39,8482;       0
39,8681;       1
39,8881;       0
39,9080;       0
39,9280;       0
39,9480;       0
39,9679;       0
39,9879;       1
40,0079;       0
40,0278;       0
40,0478;       0
40,0678;       0
40,0877;       0
40,1077;       0
40,1276;       0
40,1476;       1
40,1676;       0
40,1875;       0
40,2075;       1
40,2275;       0
40,2474;       0
40,2674;       1
40,2874;       1
40,3073;       0
40,3273;       0
40,3473;       0
40,3672;       1
40,3872;       0
40,4071;       0
40,4271;       0
40,4471;       0
40,4670;       0
40,4870;       0
40,5070;       0
40,5269;       0
40,5469;       0
40,5669;       0
40,5868;       0
40,6068;       0
40,6267;       0
40,6467;       0
40,6667;       0
40,6866;       0
40,7066;       0
40,7266;       0
40,7465;       0
40,7665;       1
40,7865;       1
40,8064;       0
40,8264;       1
40,8464;       0
40,8663;       0
