 0,0000;     257
 0,0200;     224
 0,0399;     167
 0,0599;      99
 0,0798;      49
 0,0998;      21
 0,1197;      15
 0,1397;       6
 0,1596;       3
 0,1796;       3
 0,1996;       1
 0,2195;       1
 0,2395;       0
 0,2594;       0
 0,2794;       0
 0,2993;       0
 0,3193;       0
 0,3392;       0
 0,3592;       0
 0,3792;       1
 0,3991;       0
 0,4191;       0
 0,4390;       0
 0,4590;       0
 0,4789;       2
 0,4989;       0
 0,5188;       1
 0,5388;       3
 0,5588;       5
 0,5787;      28
 0,5987;      66
 0,6186;     138
 0,6386;     160
 0,6585;     213
 0,6785;     218
 0,6984;     223
 0,7184;     195
 0,7384;     249
 0,7583;     196
 0,7783;     207
 0,7982;     219
 0,8182;     212
 0,8381;     205
 0,8581;     192
 0,8780;     205
 0,8980;     188
 0,9180;     185
 0,9379;     178
 0,9579;     181
 0,9778;     168
 0,9978;     172
 1,0177;     208
 1,0377;     157
 1,0577;     189
 1,0776;     166
 1,0976;     172
 1,1175;     173
 1,1375;     152
 1,1574;     135
 1,1774;     155
 1,1973;     151
 1,2173;     157
 1,2373;     127
 1,2572;     174
 1,2772;     161
 1,2971;     129
 1,3171;     152
 1,3370;     131
 1,3570;     135
 1,3769;     161
 1,3969;     142
 1,4169;     146
 1,4368;     140
 1,4568;     143
 1,4767;     171
 1,4967;     176
 1,5166;     158
 1,5366;     142
 1,5565;     147
 1,5765;     150
 1,5965;     142
 1,6164;     135
 1,6364;     163
 1,6563;     137
 1,6763;     162
 1,6962;     165
 1,7162;     146
 1,7361;     151
 1,7561;     165
 1,7761;     158
 1,7960;     154
 1,8160;     156
 1,8359;     152
 1,8559;     122
 1,8758;     132
 1,8958;     164
 1,9157;     148
 1,9357;     147
 1,9557;     170
 1,9756;     163
 1,9956;     188
 2,0155;     168
 2,0355;     159
 2,0554;     157
 2,0754;     139
 2,0953;     163
 2,1153;     153
 2,1353;     161
 2,1552;     190
 2,1752;     212
 2,1951;     162
 2,2151;     229
 2,2350;     219
 2,2550;     259
 2,2749;     286
 2,2949;     292
 2,3149;     289
 2,3348;     289
 2,3548;     239
 2,3747;     257
 2,3947;     233
 2,4146;     227
 2,4346;     215
 2,4545;     224
 2,4745;     251
 2,4945;     289
 2,5144;     287
 2,5344;     305
 2,5543;     371
 2,5743;     481
 2,5942;     573
 2,6142;     662
 2,6341;     721
 2,6541;     792
 2,6741;     836
 2,6940;     895
 2,7140;     892
 2,7339;     870
 2,7539;     795
 2,7738;     731
 2,7938;     738
 2,8137;     740
 2,8337;     755
 2,8537;     805
 2,8736;     713
 2,8936;     777
 2,9135;     776
 2,9335;     744
 2,9534;     690
 2,9734;     664
 2,9934;     612
 3,0133;     537
 3,0333;     453
 3,0532;     372
 3,0732;     379
 3,0931;     314
 3,1131;     273
 3,1330;     277
 3,1530;     239
 3,1730;     284
 3,1929;     265
 3,2129;     277
 3,2328;     296
 3,2528;     291
 3,2727;     267
 3,2927;     266
 3,3126;     293
 3,3326;     273
 3,3526;     298
 3,3725;     301
 3,3925;     309
 3,4124;     298
 3,4324;     296
 3,4523;     268
 3,4723;     265
 3,4922;     300
 3,5122;     294
 3,5322;     351
 3,5521;     446
 3,5721;     576
 3,5920;     766
 3,6120;     984
 3,6319;    1148
 3,6519;    1380
 3,6718;    1538
 3,6918;    1571
 3,7118;    1430
 3,7317;    1276
 3,7517;    1135
 3,7716;     893
 3,7916;     647
 3,8115;     506
 3,8315;     440
 3,8514;     359
 3,8714;     325
 3,8914;     323
 3,9113;     341
 3,9313;     362
 3,9512;     409
 3,9712;     427
 3,9911;     410
 4,0111;     432
 4,0310;     458
 4,0510;     430
 4,0710;     395
 4,0909;     332
 4,1109;     338
 4,1308;     292
 4,1508;     293
 4,1707;     294
 4,1907;     277
 4,2106;     261
 4,2306;     272
 4,2506;     269
 4,2705;     268
 4,2905;     273
 4,3104;     268
 4,3304;     277
 4,3503;     271
 4,3703;     258
 4,3902;     296
 4,4102;     326
 4,4302;     278
 4,4501;     356
 4,4701;     353
 4,4900;     379
 4,5100;     336
 4,5299;     315
 4,5499;     337
 4,5698;     333
 4,5898;     322
 4,6098;     326
 4,6297;     325
 4,6497;     315
 4,6696;     316
 4,6896;     314
 4,7095;     322
 4,7295;     313
 4,7495;     311
 4,7694;     276
 4,7894;     301
 4,8093;     342
 4,8293;     300
 4,8492;     332
 4,8692;     329
 4,8891;     293
 4,9091;     319
 4,9291;     303
 4,9490;     312
 4,9690;     359
 4,9889;     328
 5,0089;     327
 5,0288;     324
 5,0488;     325
 5,0687;     327
 5,0887;     308
 5,1087;     327
 5,1286;     330
 5,1486;     296
 5,1685;     327
 5,1885;     374
 5,2084;     358
 5,2284;     348
 5,2483;     344
 5,2683;     390
 5,2883;     365
 5,3082;     369
 5,3282;     395
 5,3481;     389
 5,3681;     383
 5,3880;     414
 5,4080;     400
 5,4279;     412
 5,4479;     447
 5,4679;     434
 5,4878;     413
 5,5078;     393
 5,5277;     434
 5,5477;     398
 5,5676;     452
 5,5876;     381
 5,6075;     395
 5,6275;     449
 5,6475;     402
 5,6674;     424
 5,6874;     430
 5,7073;     451
 5,7273;     483
 5,7472;     477
 5,7672;     480
 5,7871;     491
 5,8071;     529
 5,8271;     574
 5,8470;     614
 5,8670;     662
 5,8869;     612
 5,9069;     654
 5,9268;     607
 5,9468;     605
 5,9667;     571
 5,9867;     552
 6,0067;     510
 6,0266;     536
 6,0466;     494
 6,0665;     517
 6,0865;     504
 6,1064;     512
 6,1264;     534
 6,1463;     632
 6,1663;     626
 6,1863;     771
 6,2062;     848
 6,2262;    1089
 6,2461;    1264
 6,2661;    1425
 6,2860;    1705
 6,3060;    2066
 6,3259;    2504
 6,3459;    2701
 6,3659;    2935
 6,3858;    3162
 6,4058;    3187
 6,4257;    2943
 6,4457;    2739
 6,4656;    2390
 6,4856;    1978
 6,5055;    1602
 6,5255;    1345
 6,5455;    1114
 6,5654;     896
 6,5854;     796
 6,6053;     719
 6,6253;     656
 6,6452;     608
 6,6652;     658
 6,6852;     679
 6,7051;     688
 6,7251;     675
 6,7450;     672
 6,7650;     662
 6,7849;     687
 6,8049;     672
 6,8248;     721
 6,8448;     730
 6,8648;     746
 6,8847;     753
 6,9047;     739
 6,9246;     791
 6,9446;     819
 6,9645;     941
 6,9845;     918
 7,0044;     987
 7,0244;    1085
 7,0444;    1074
 7,0643;    1042
 7,0843;    1112
 7,1042;    1081
 7,1242;    1029
 7,1441;     979
 7,1641;     893
 7,1840;     915
 7,2040;     899
 7,2240;     813
 7,2439;     848
 7,2639;     843
 7,2838;     868
 7,3038;     890
 7,3237;     998
 7,3437;     941
 7,3636;     982
 7,3836;    1079
 7,4036;    1061
 7,4235;    1226
 7,4435;    1317
 7,4634;    1290
 7,4834;    1212
 7,5033;    1301
 7,5233;    1269
 7,5432;    1290
 7,5632;    1227
 7,5832;    1290
 7,6031;    1248
 7,6231;    1248
 7,6430;    1259
 7,6630;    1407
 7,6829;    1407
 7,7029;    1566
 7,7228;    1736
 7,7428;    2042
 7,7628;    2438
 7,7827;    3217
 7,8027;    4532
 7,8226;    7225
 7,8426;   11571
 7,8625;   19024
 7,8825;   30039
 7,9024;   46040
 7,9224;   66493
 7,9424;   93078
 7,9623;  122406
 7,9823;  150749
 8,0022;  175907
 8,0222;  194923
 8,0421;  202756
 8,0621;  198962
 8,0820;  184050
 8,1020;  161720
 8,1220;  132789
 8,1419;  103806
 8,1619;   76800
 8,1818;   53133
 8,2018;   35156
 8,2217;   22409
 8,2417;   13564
 8,2616;    8123
 8,2816;    4981
 8,3016;    3143
 8,3215;    2161
 8,3415;    1684
 8,3614;    1402
 8,3814;    1258
 8,4013;    1278
 8,4213;    1280
 8,4412;    1305
 8,4612;    1553
 8,4812;    1854
 8,5011;    2252
 8,5211;    2767
 8,5410;    3423
 8,5610;    4091
 8,5809;    4769
 8,6009;    5355
 8,6209;    5660
 8,6408;    5908
 8,6608;    6038
 8,6807;    6132
 8,7007;    6238
 8,7206;    6634
 8,7406;    7508
 8,7605;    9219
 8,7805;   11764
 8,8005;   14739
 8,8204;   18665
 8,8404;   22782
 8,8603;   26067
 8,8803;   28970
 8,9002;   30531
 8,9202;   30720
 8,9401;   28899
 8,9601;   25858
 8,9801;   22126
 9,0000;   17811
 9,0200;   13605
 9,0399;    9809
 9,0599;    6844
 9,0798;    4514
 9,0998;    2925
 9,1197;    1803
 9,1397;    1138
 9,1597;     795
 9,1796;     529
 9,1996;     427
 9,2195;     316
 9,2395;     305
 9,2594;     256
 9,2794;     258
 9,2993;     271
 9,3193;     223
 9,3393;     258
 9,3592;     267
 9,3792;     251
 9,3991;     259
 9,4191;     266
 9,4390;     260
 9,4590;     287
 9,4789;     345
 9,4989;     382
 9,5189;     399
 9,5388;     385
 9,5588;     448
 9,5787;     444
 9,5987;     394
 9,6186;     392
 9,6386;     353
 9,6585;     334
 9,6785;     297
 9,6985;     296
 9,7184;     235
 9,7384;     234
 9,7583;     211
 9,7783;     187
 9,7982;     182
 9,8182;     196
 9,8381;     211
 9,8581;     188
 9,8781;     182
 9,8980;     179
 9,9180;     168
 9,9379;     204
 9,9579;     188
 9,9778;     170
 9,9978;     202
10,0177;     168
10,0377;     189
10,0577;     164
10,0776;     161
10,0976;     166
10,1175;     189
10,1375;     184
10,1574;     156
10,1774;     156
10,1973;     154
10,2173;     148
10,2373;     162
10,2572;     149
10,2772;     186
10,2971;     151
10,3171;     134
10,3370;     159
10,3570;     180
10,3769;     145
10,3969;     167
10,4169;     152
10,4368;     164
10,4568;     154
10,4767;     186
10,4967;     184
10,5166;     152
10,5366;     175
10,5566;     181
10,5765;     184
10,5965;     165
10,6164;     194
10,6364;     174
10,6563;     159
10,6763;     170
10,6962;     191
10,7162;     200
10,7362;     183
10,7561;     168
10,7761;     180
10,7960;     182
10,8160;     178
10,8359;     183
10,8559;     164
10,8758;     187
10,8958;     164
10,9158;     177
10,9357;     147
10,9557;     160
10,9756;     167
10,9956;     162
11,0155;     141
11,0355;     137
11,0554;     163
11,0754;     155
11,0954;     153
11,1153;     153
11,1353;     138
11,1552;     148
11,1752;     143
11,1951;     102
11,2151;     129
11,2350;     101
11,2550;     135
11,2750;     144
11,2949;     137
11,3149;     109
11,3348;     146
11,3548;     146
11,3747;     120
11,3947;     140
11,4146;     160
11,4346;     139
11,4546;     140
11,4745;     146
11,4945;     135
11,5144;     143
11,5344;     148
11,5543;     133
11,5743;     123
11,5942;     156
11,6142;     156
11,6342;     170
11,6541;     158
11,6741;     177
11,6940;     176
11,7140;     181
11,7339;     154
11,7539;     182
11,7738;     187
11,7938;     157
11,8138;     167
11,8337;     157
11,8537;     153
11,8736;     164
11,8936;     148
11,9135;     136
11,9335;     121
11,9534;     158
11,9734;     143
11,9934;     122
12,0133;     103
12,0333;     138
12,0532;     121
12,0732;     143
12,0931;     125
12,1131;     125
12,1330;     131
12,1530;     130
12,1730;     122
12,1929;     124
12,2129;     121
12,2328;     132
12,2528;     115
12,2727;     113
12,2927;     116
12,3126;     129
12,3326;     118
12,3526;     121
12,3725;     113
12,3925;     134
12,4124;     111
12,4324;     102
12,4523;     126
12,4723;     127
12,4923;     153
12,5122;     114
12,5322;     130
12,5521;     130
12,5721;     134
12,5920;     120
12,6120;     135
12,6319;     146
12,6519;     113
12,6719;     148
12,6918;     119
12,7118;     121
12,7317;     153
12,7517;     121
12,7716;     129
12,7916;     134
12,8115;     117
12,8315;     108
12,8515;     133
12,8714;     106
12,8914;     108
12,9113;     101
12,9313;     102
12,9512;     119
12,9712;     122
12,9911;     106
13,0111;     108
13,0311;     103
13,0510;     105
13,0710;     113
13,0909;     107
13,1109;     100
13,1308;      96
13,1508;      99
13,1707;     117
13,1907;     106
13,2107;     122
13,2306;     133
13,2506;      92
13,2705;      95
13,2905;     116
13,3104;     115
13,3304;      96
13,3503;      98
13,3703;     120
13,3903;     113
13,4102;     107
13,4302;     106
13,4501;     109
13,4701;     111
13,4900;     131
13,5100;     111
13,5299;     109
13,5499;      97
13,5699;     110
13,5898;     100
13,6098;      98
13,6297;     102
13,6497;     102
13,6696;     109
13,6896;     107
13,7095;     116
13,7295;      99
13,7495;      96
13,7694;      89
13,7894;      98
13,8093;     102
13,8293;      98
13,8492;     102
13,8692;     107
13,8891;     113
13,9091;      98
13,9291;     123
13,9490;     100
13,9690;     111
13,9889;     115
14,0089;     128
14,0288;     105
14,0488;     119
14,0687;     103
14,0887;      95
14,1087;     111
14,1286;     147
14,1486;     111
14,1685;     105
14,1885;     101
14,2084;      92
14,2284;     112
14,2484;     112
14,2683;     134
14,2883;     129
14,3082;     115
14,3282;     155
14,3481;     133
14,3681;     152
14,3880;     173
14,4080;     164
14,4280;     187
14,4479;     176
14,4679;     177
14,4878;     196
14,5078;     181
14,5277;     176
14,5477;     142
14,5676;     162
14,5876;     131
14,6076;     128
14,6275;     138
14,6475;     125
14,6674;     135
14,6874;     102
14,7073;     109
14,7273;     105
14,7472;     107
14,7672;     113
14,7872;      97
14,8071;     129
14,8271;     118
14,8470;      94
14,8670;     110
14,8869;      95
14,9069;     111
14,9268;     109
14,9468;     112
14,9668;      97
14,9867;     101
15,0067;     111
15,0266;     117
15,0466;     131
15,0665;     111
15,0865;     115
15,1064;     108
15,1264;     126
15,1464;     128
15,1663;     113
15,1863;     121
15,2062;     134
15,2262;     119
15,2461;     121
15,2661;     133
15,2860;     151
15,3060;     117
15,3260;     124
15,3459;     113
15,3659;     106
15,3858;     117
15,4058;     132
15,4257;     103
15,4457;     107
15,4656;     121
15,4856;     124
15,5056;     107
15,5255;      93
15,5455;     117
15,5654;     110
15,5854;     112
15,6053;     118
15,6253;     120
15,6452;     100
15,6652;     113
15,6852;     120
15,7051;     119
15,7251;     142
15,7450;     138
15,7650;     134
15,7849;     152
15,8049;     186
15,8248;     205
15,8448;     226
15,8648;     292
15,8847;     368
15,9047;     503
15,9246;     687
15,9446;     907
15,9645;    1195
15,9845;    1463
16,0044;    1826
16,0244;    2206
16,0444;    2540
16,0643;    2844
16,0843;    3077
16,1042;    3301
16,1242;    3323
16,1441;    3156
16,1641;    2857
16,1841;    2621
16,2040;    2275
16,2240;    1956
16,2439;    1524
16,2639;    1223
16,2838;     935
16,3038;     675
16,3237;     525
16,3437;     408
16,3637;     262
16,3836;     205
16,4036;     179
16,4235;     159
16,4435;     123
16,4634;      99
16,4834;     130
16,5033;     123
16,5233;     134
16,5433;     144
16,5632;     174
16,5832;     173
16,6031;     218
16,6231;     192
16,6430;     241
16,6630;     259
16,6829;     271
16,7029;     260
16,7229;     265
16,7428;     316
16,7628;     381
16,7827;     366
16,8027;     405
16,8226;     497
16,8426;     575
16,8625;     607
16,8825;     695
16,9025;     813
16,9224;     913
16,9424;     975
16,9623;     987
16,9823;    1087
17,0022;    1009
17,0222;     889
17,0421;     828
17,0621;     686
17,0821;     652
17,1020;     562
17,1220;     403
17,1419;     358
17,1619;     266
17,1818;     200
17,2018;     181
17,2217;     145
17,2417;     109
17,2617;     100
17,2816;      91
17,3016;      76
17,3215;      50
17,3415;      58
17,3614;      69
17,3814;      72
17,4013;      57
17,4213;      77
17,4413;      79
17,4612;      73
17,4812;      74
17,5011;      77
17,5211;      94
17,5410;      94
17,5610;      86
17,5809;      80
17,6009;      77
17,6209;     100
17,6408;      97
17,6608;     103
17,6807;     104
17,7007;     100
17,7206;     112
17,7406;      99
17,7605;     124
17,7805;     128
17,8005;     123
17,8204;     129
17,8404;     140
17,8603;     147
17,8803;     116
17,9002;     123
17,9202;      99
17,9401;     101
17,9601;      91
17,9801;     107
18,0000;      92
18,0200;      81
18,0399;      74
18,0599;      79
18,0798;      70
18,0998;      58
18,1198;      51
18,1397;      70
18,1597;      59
18,1796;      60
18,1996;      70
18,2195;      62
18,2395;      64
18,2594;      64
18,2794;      61
18,2994;      65
18,3193;      64
18,3393;      61
18,3592;      77
18,3792;      72
18,3991;      68
18,4191;      72
18,4390;      63
18,4590;      73
18,4790;      77
18,4989;      71
18,5189;      78
18,5388;      72
18,5588;      74
18,5787;     100
18,5987;      93
18,6186;      84
18,6386;      89
18,6586;      82
18,6785;      99
18,6985;      87
18,7184;      76
18,7384;     100
18,7583;     105
18,7783;     106
18,7982;     118
18,8182;      90
18,8382;     109
18,8581;     120
18,8781;     124
18,8980;     131
18,9180;     126
18,9379;     132
18,9579;     137
18,9778;     121
18,9978;     138
19,0178;     126
19,0377;     146
19,0577;     145
19,0776;     145
19,0976;     149
19,1175;     148
19,1375;     134
19,1574;     141
19,1774;     127
19,1974;     146
19,2173;     130
19,2373;     118
19,2572;     111
19,2772;     105
19,2971;     116
19,3171;     116
19,3370;     106
19,3570;      90
19,3770;      68
19,3969;     107
19,4169;      94
19,4368;      74
19,4568;      88
19,4767;      80
19,4967;      69
19,5166;      81
19,5366;      76
19,5566;      69
19,5765;      60
19,5965;      59
19,6164;      62
19,6364;      44
19,6563;      50
19,6763;      55
19,6962;      64
19,7162;      49
19,7362;      50
19,7561;      49
19,7761;      53
19,7960;      60
19,8160;      62
19,8359;      50
19,8559;      50
19,8758;      64
19,8958;      65
19,9158;      69
19,9357;      65
19,9557;      65
19,9756;      91
19,9956;     114
20,0155;     109
20,0355;     111
20,0555;     126
20,0754;     138
20,0954;     148
20,1153;     150
20,1353;     185
20,1552;     182
20,1752;     194
20,1951;     188
20,2151;     163
20,2351;     194
20,2550;     163
20,2750;     179
20,2949;     140
20,3149;     127
20,3348;     132
20,3548;      96
20,3747;     105
20,3947;      79
20,4147;      66
20,4346;      57
20,4546;      57
20,4745;      51
20,4945;      49
20,5144;      50
20,5344;      42
20,5543;      39
20,5743;      42
20,5943;      54
20,6142;      34
20,6342;      48
20,6541;      41
20,6741;      48
20,6940;      37
20,7140;      44
20,7339;      35
20,7539;      44
20,7739;      47
20,7938;      39
20,8138;      29
20,8337;      33
20,8537;      51
20,8736;      55
20,8936;      51
20,9135;      52
20,9335;      49
20,9535;      55
20,9734;      53
20,9934;      63
21,0133;      50
21,0333;      74
21,0532;      65
21,0732;      65
21,0931;      60
21,1131;      67
21,1331;      86
21,1530;      72
21,1730;      68
21,1929;      62
21,2129;      75
21,2328;      60
21,2528;      58
21,2727;      64
21,2927;      55
21,3127;      61
21,3326;      37
21,3526;      62
21,3725;      49
21,3925;      51
21,4124;      54
21,4324;      46
21,4523;      43
21,4723;      39
21,4923;      46
21,5122;      46
21,5322;      40
21,5521;      48
21,5721;      46
21,5920;      43
21,6120;      48
21,6319;      51
21,6519;      40
21,6719;      46
21,6918;      26
21,7118;      29
21,7317;      39
21,7517;      45
21,7716;      49
21,7916;      39
21,8115;      38
21,8315;      38
21,8515;      38
21,8714;      36
21,8914;      41
21,9113;      33
21,9313;      39
21,9512;      33
21,9712;      38
21,9912;      36
22,0111;      33
22,0311;      24
22,0510;      30
22,0710;      34
22,0909;      31
22,1109;      37
22,1308;      29
22,1508;      32
22,1708;      32
22,1907;      33
22,2107;      27
22,2306;      25
22,2506;      27
22,2705;      17
22,2905;      41
22,3104;      32
22,3304;      26
22,3504;      34
22,3703;      41
22,3903;      36
22,4102;      35
22,4302;      43
22,4501;      38
22,4701;      26
22,4900;      28
22,5100;      41
22,5300;      37
22,5499;      26
22,5699;      39
22,5898;      35
22,6098;      30
22,6297;      53
22,6497;      43
22,6696;      64
22,6896;      33
22,7096;      47
22,7295;      55
22,7495;      46
22,7694;      53
22,7894;      46
22,8093;      37
22,8293;      41
22,8492;      47
22,8692;      39
22,8892;      33
22,9091;      35
22,9291;      32
22,9490;      31
22,9690;      31
22,9889;      32
23,0089;      39
23,0288;      27
23,0488;      26
23,0688;      33
23,0887;      35
23,1087;      27
23,1286;      38
23,1486;      22
23,1685;      32
23,1885;      21
23,2084;      28
23,2284;      27
23,2484;      32
23,2683;      24
23,2883;      39
23,3082;      27
23,3282;      28
23,3481;      25
23,3681;      24
23,3880;      28
23,4080;      25
23,4280;      25
23,4479;      20
23,4679;      19
23,4878;      17
23,5078;      17
23,5277;      16
23,5477;      21
23,5676;      23
23,5876;      20
23,6076;      25
23,6275;      21
23,6475;      31
23,6674;      19
23,6874;      18
23,7073;      26
23,7273;      22
23,7473;      36
23,7672;      37
23,7872;      23
23,8071;      16
23,8271;      22
23,8470;      24
23,8670;      18
23,8869;      32
23,9069;      31
23,9269;      27
23,9468;      26
23,9668;      30
23,9867;      27
24,0067;      32
24,0266;      35
24,0466;      28
24,0665;      40
24,0865;      37
24,1065;      32
24,1264;      39
24,1464;      43
24,1663;      41
24,1863;      44
24,2062;      44
24,2262;      36
24,2461;      45
24,2661;      43
24,2861;      28
24,3060;      34
24,3260;      31
24,3459;      34
24,3659;      23
24,3858;      29
24,4058;      22
24,4257;      26
24,4457;      28
24,4657;      23
24,4856;      29
24,5056;      29
24,5255;      17
24,5455;      20
24,5654;      22
24,5854;      23
24,6053;      28
24,6253;      19
24,6453;      19
24,6652;      19
24,6852;      18
24,7051;      16
24,7251;      20
24,7450;      17
24,7650;      34
24,7849;      31
24,8049;      21
24,8249;      23
24,8448;      17
24,8648;      35
24,8847;      36
24,9047;      26
24,9246;      29
24,9446;      30
24,9645;      35
24,9845;      56
25,0045;      39
25,0244;      35
25,0444;      59
25,0643;      48
25,0843;      53
25,1042;      49
25,1242;      43
25,1441;      47
25,1641;      52
25,1841;      54
25,2040;      40
25,2240;      49
25,2439;      41
25,2639;      44
25,2838;      45
25,3038;      31
25,3237;      40
25,3437;      39
25,3637;      35
25,3836;      25
25,4036;      35
25,4235;      37
25,4435;      29
25,4634;      22
25,4834;      36
25,5033;      21
25,5233;      27
25,5433;      27
25,5632;      15
25,5832;      21
25,6031;      21
25,6231;      16
25,6430;      19
25,6630;      18
25,6830;      17
25,7029;      21
25,7229;      17
25,7428;      13
25,7628;      18
25,7827;      17
25,8027;      14
25,8226;      20
25,8426;      14
25,8626;      17
25,8825;      19
25,9025;      16
25,9224;      18
25,9424;      20
25,9623;      18
25,9823;      19
26,0022;      17
26,0222;      13
26,0422;      12
26,0621;      17
26,0821;      13
26,1020;      20
26,1220;      21
26,1419;      20
26,1619;      19
26,1818;      16
26,2018;      16
26,2218;      15
26,2417;      10
26,2617;      14
26,2816;      10
26,3016;      12
26,3215;      16
26,3415;      14
26,3614;      20
26,3814;      16
26,4014;      13
26,4213;      14
26,4413;      13
26,4612;      11
26,4812;      17
26,5011;      20
26,5211;      18
26,5410;       9
26,5610;       8
26,5810;      23
26,6009;      14
26,6209;      13
26,6408;      14
26,6608;      15
26,6807;      16
26,7007;      16
26,7206;      11
26,7406;      22
26,7606;      17
26,7805;      15
26,8005;      10
26,8204;      11
26,8404;      20
26,8603;      11
26,8803;      11
26,9002;      27
26,9202;      17
26,9402;      13
26,9601;      15
26,9801;      18
27,0000;      18
27,0200;      17
27,0399;      22
27,0599;      20
27,0798;      20
27,0998;      11
27,1198;      15
27,1397;      21
27,1597;      16
27,1796;      12
27,1996;      14
27,2195;      18
27,2395;      16
27,2594;      19
27,2794;      15
27,2994;      16
27,3193;      13
27,3393;      16
27,3592;      18
27,3792;      18
27,3991;      18
27,4191;      16
27,4390;      12
27,4590;      16
27,4790;      13
27,4989;      11
27,5189;      13
27,5388;      13
27,5588;      11
27,5787;      20
27,5987;      14
27,6187;      16
27,6386;      12
27,6586;      10
27,6785;      14
27,6985;      16
27,7184;      10
27,7384;      12
27,7583;       7
27,7783;      13
27,7983;      14
27,8182;       8
27,8382;      18
27,8581;      11
27,8781;      12
27,8980;      11
27,9180;      14
27,9379;      18
27,9579;      13
27,9779;      14
27,9978;       9
28,0178;      14
28,0377;       9
28,0577;      20
28,0776;      16
28,0976;      15
28,1175;      13
28,1375;      13
28,1575;      12
28,1774;      14
28,1974;       7
28,2173;      23
28,2373;      10
28,2572;      14
28,2772;      15
28,2971;      18
28,3171;      21
28,3371;      19
28,3570;      17
28,3770;      19
28,3969;      18
28,4169;      10
28,4368;      16
28,4568;      14
28,4767;      14
28,4967;      14
28,5167;      20
28,5366;      14
28,5566;      22
28,5765;      21
28,5965;      15
28,6164;      12
28,6364;      13
28,6563;      14
28,6763;      14
28,6963;       9
28,7162;      11
28,7362;       8
28,7561;      11
28,7761;      11
28,7960;      13
28,8160;      14
28,8359;      10
28,8559;       4
28,8759;      13
28,8958;      11
28,9158;      13
28,9357;      12
28,9557;      12
28,9756;       5
28,9956;      14
29,0155;       7
29,0355;      13
29,0555;      14
29,0754;       9
29,0954;       7
29,1153;      13
29,1353;      15
29,1552;      13
29,1752;       9
29,1951;      18
29,2151;       6
29,2351;      17
29,2550;       9
29,2750;      15
29,2949;      15
29,3149;       7
29,3348;      10
29,3548;      10
29,3747;       8
29,3947;      17
29,4147;       9
29,4346;      13
29,4546;       6
29,4745;       7
29,4945;       9
29,5144;      13
29,5344;       6
29,5544;      10
29,5743;       9
29,5943;      10
29,6142;      11
29,6342;      16
29,6541;       3
29,6741;      10
29,6940;       8
29,7140;      14
29,7340;      13
29,7539;       9
29,7739;       7
29,7938;      13
29,8138;       8
29,8337;       8
29,8537;       9
29,8736;       7
29,8936;       9
29,9136;       9
29,9335;       5
29,9535;      10
29,9734;      16
29,9934;       5
30,0133;      12
30,0333;      10
30,0532;       9
30,0732;      10
30,0932;      10
30,1131;       4
30,1331;       8
30,1530;       5
30,1730;      12
30,1929;       7
30,2129;       5
30,2328;       8
30,2528;       8
30,2728;      12
30,2927;       9
30,3127;       5
30,3326;       5
30,3526;       6
30,3725;       4
30,3925;       9
30,4124;      10
30,4324;       5
30,4524;       5
30,4723;       6
30,4923;       5
30,5122;       7
30,5322;       9
30,5521;       8
30,5721;       3
30,5920;       7
30,6120;      10
30,6320;       6
30,6519;       6
30,6719;      13
30,6918;      10
30,7118;       8
30,7317;       6
30,7517;       9
30,7716;       6
30,7916;       6
30,8116;       4
30,8315;       8
30,8515;       3
30,8714;       9
30,8914;       5
30,9113;       7
30,9313;       2
30,9512;       5
30,9712;       4
30,9912;       8
31,0111;       9
31,0311;       4
31,0510;       4
31,0710;       2
31,0909;       7
31,1109;      16
31,1308;      12
31,1508;       6
31,1708;       4
31,1907;       7
31,2107;       4
31,2306;       5
31,2506;      11
31,2705;       5
31,2905;      12
31,3105;       6
31,3304;       6
31,3504;       7
31,3703;       9
31,3903;       7
31,4102;      11
31,4302;       7
31,4501;       8
31,4701;       7
31,4901;       3
31,5100;       9
31,5300;       8
31,5499;       5
31,5699;       7
31,5898;       5
31,6098;       5
31,6297;       6
31,6497;      11
31,6697;       5
31,6896;      10
31,7096;      12
31,7295;       9
31,7495;       6
31,7694;       4
31,7894;       5
31,8093;       7
31,8293;       2
31,8493;       9
31,8692;       8
31,8892;       9
31,9091;       2
31,9291;       4
31,9490;       2
31,9690;       9
31,9889;       2
32,0089;       2
32,0289;       5
32,0488;       4
32,0688;       3
32,0887;       8
32,1087;       6
32,1286;       5
32,1486;       6
32,1685;       5
32,1885;       4
32,2085;       5
32,2284;       3
32,2484;       4
32,2683;       4
32,2883;       4
32,3082;       0
32,3282;       4
32,3481;       1
32,3681;       3
32,3881;       3
32,4080;       4
32,4280;       6
32,4479;       6
32,4679;       5
32,4878;       4
32,5078;       4
32,5277;       6
32,5477;       3
32,5677;       5
32,5876;       6
32,6076;       2
32,6275;       1
32,6475;       5
32,6674;       2
32,6874;       8
32,7073;       3
32,7273;       6
32,7473;       7
32,7672;       5
32,7872;       5
32,8071;       3
32,8271;       3
32,8470;       7
32,8670;       3
32,8869;       4
32,9069;       2
32,9269;       4
32,9468;       0
32,9668;       6
32,9867;       4
33,0067;       7
33,0266;       8
33,0466;       4
33,0665;       6
33,0865;       2
33,1065;       7
33,1264;       3
33,1464;       5
33,1663;       3
33,1863;       4
33,2062;       0
33,2262;       4
33,2462;       0
33,2661;       6
33,2861;       3
33,3060;       5
33,3260;       4
33,3459;       8
33,3659;       3
33,3858;       3
33,4058;       4
33,4258;       4
33,4457;       5
33,4657;       3
33,4856;       3
33,5056;       5
33,5255;       3
33,5455;       4
33,5654;       6
33,5854;       5
33,6054;       7
33,6253;       5
33,6453;       5
33,6652;       2
33,6852;       2
33,7051;       6
33,7251;       2
33,7450;       3
33,7650;       2
33,7850;       2
33,8049;       4
33,8249;       2
33,8448;       4
33,8648;       4
33,8847;       3
33,9047;       4
33,9246;       2
33,9446;       5
33,9646;       4
33,9845;       1
34,0045;       5
34,0244;       2
34,0444;       2
34,0643;       1
34,0843;       2
34,1042;       2
34,1242;       1
34,1442;       3
34,1641;       0
34,1841;       1
34,2040;       2
34,2240;       2
34,2439;       4
34,2639;       1
34,2838;       4
34,3038;       1
34,3238;       1
34,3437;       1
34,3637;       1
34,3836;       1
34,4036;       1
34,4235;       1
34,4435;       2
34,4634;       2
34,4834;       1
34,5034;       3
34,5233;       1
34,5433;       3
34,5632;       6
34,5832;       4
34,6031;       1
34,6231;       1
34,6430;       4
34,6630;       4
34,6830;       3
34,7029;       1
34,7229;       2
34,7428;       0
34,7628;       2
34,7827;       2
34,8027;       1
34,8226;       1
34,8426;       1
34,8626;       4
34,8825;       0
34,9025;       0
34,9224;       5
34,9424;       2
34,9623;       0
34,9823;       4
35,0022;       1
35,0222;       1
35,0422;       1
35,0621;       2
35,0821;       2
35,1020;       1
35,1220;       2
35,1419;       2
35,1619;       1
35,1819;       2
35,2018;       1
35,2218;       1
35,2417;       1
35,2617;       4
35,2816;       1
35,3016;       1
35,3215;       1
35,3415;       0
35,3615;       1
35,3814;       1
35,4014;       2
35,4213;       0
35,4413;       3
35,4612;       1
35,4812;       1
35,5011;       2
35,5211;       2
35,5411;       0
35,5610;       4
35,5810;       1
35,6009;       3
35,6209;       1
35,6408;       1
35,6608;       1
35,6807;       0
35,7007;       2
35,7207;       1
35,7406;       0
35,7606;       1
35,7805;       1
35,8005;       1
35,8204;       0
35,8404;       2
35,8603;       1
35,8803;       0
35,9003;       0
35,9202;       1
35,9402;       2
35,9601;       2
35,9801;       0
36,0000;       0
36,0200;       0
36,0399;       2
36,0599;       5
36,0799;       1
36,0998;       3
36,1198;       0
36,1397;       2
36,1597;       1
36,1796;       2
36,1996;       2
36,2195;       3
36,2395;       1
36,2595;       3
36,2794;       2
36,2994;       0
36,3193;       1
36,3393;       2
36,3592;       0
36,3792;       0
36,3991;       1
36,4191;       2
36,4391;       1
36,4590;       0
36,4790;       3
36,4989;       2
36,5189;       0
36,5388;       1
36,5588;       0
36,5787;       0
36,5987;       1
36,6187;       0
36,6386;       0
36,6586;       0
36,6785;       2
36,6985;       1
36,7184;       1
36,7384;       1
36,7583;       2
36,7783;       2
36,7983;       2
36,8182;       0
36,8382;       2
36,8581;       0
36,8781;       0
36,8980;       0
36,9180;       1
36,9379;       2
36,9579;       0
36,9779;       0
36,9978;       1
37,0178;       1
37,0377;       3
37,0577;       0
37,0776;       0
37,0976;       1
37,1176;       2
37,1375;       2
37,1575;       3
37,1774;       0
37,1974;       1
37,2173;       4
37,2373;       2
37,2572;       0
37,2772;       1
37,2972;       0
37,3171;       0
37,3371;       0
37,3570;       0
37,3770;       0
37,3969;       0
37,4169;       2
37,4368;       2
37,4568;       0
37,4768;       1
37,4967;       1
37,5167;       3
37,5366;       2
37,5566;       2
37,5765;       1
37,5965;       0
37,6164;       0
37,6364;       0
37,6564;       1
37,6763;       1
37,6963;       1
37,7162;       1
37,7362;       1
37,7561;       0
37,7761;       1
37,7960;       0
37,8160;       3
37,8360;       0
37,8559;       0
37,8759;       1
37,8958;       0
37,9158;       0
37,9357;       0
37,9557;       0
37,9756;       0
37,9956;       0
38,0156;       1
38,0355;       0
38,0555;       1
38,0754;       2
38,0954;       2
38,1153;       0
38,1353;       0
38,1552;       1
38,1752;       1
38,1952;       0
38,2151;       0
38,2351;       1
38,2550;       0
38,2750;       2
38,2949;       1
38,3149;       0
38,3348;       0
38,3548;       0
38,3748;       1
38,3947;       0
38,4147;       1
38,4346;       0
38,4546;       0
38,4745;       1
38,4945;       0
38,5144;       0
38,5344;       0
38,5544;       0
38,5743;       0
38,5943;       1
38,6142;       0
38,6342;       2
38,6541;       2
38,6741;       1
38,6940;       0
38,7140;       0
38,7340;       2
38,7539;       0
38,7739;       0
38,7938;       1
38,8138;       0
38,8337;       0
38,8537;       0
38,8736;       0
38,8936;       0
38,9136;       1
38,9335;       2
38,9535;       0
38,9734;       0
38,9934;       0
39,0133;       0
39,0333;       0
39,0533;       0
39,0732;       0
39,0932;       1
39,1131;       0
39,1331;       0
39,1530;       0
39,1730;       0
39,1929;       0
39,2129;       0
39,2329;       0
39,2528;       1
39,2728;       0
39,2927;       0
39,3127;       1
39,3326;       0
39,3526;       0
39,3725;       0
39,3925;       0
39,4125;       2
39,4324;       1
39,4524;       0
39,4723;       0
39,4923;       0
39,5122;       0
39,5322;       0
39,5521;       0
39,5721;       0
39,5921;       0
39,6120;       0
39,6320;       0
39,6519;       1
39,6719;       0
39,6918;       0
39,7118;       0
39,7317;       0
39,7517;       0
39,7717;       1
39,7916;       1
39,8116;       0
39,8315;       0
39,8515;       0
39,8714;       0
39,8914;       1
39,9113;       0
39,9313;       1
39,9513;       0
39,9712;       1
39,9912;       0
40,0111;       0
40,0311;       0
40,0510;       1
40,0710;       0
40,0909;       0
40,1109;       0
40,1309;       0
40,1508;       0
40,1708;       0
40,1907;       0
40,2107;       2
40,2306;       0
40,2506;       1
40,2705;       1
40,2905;       0
40,3105;       0
40,3304;       0
40,3504;       0
40,3703;       0
40,3903;       0
40,4102;       0
40,4302;       0
40,4501;       0
40,4701;       0
40,4901;       0
40,5100;       1
40,5300;       0
40,5499;       0
40,5699;       0
40,5898;       0
40,6098;       0
40,6297;       1
40,6497;       0
40,6697;       1
40,6896;       0
40,7096;       0
40,7295;       1
40,7495;       0
40,7694;       0
40,7894;       0
40,8094;       0
40,8293;       1
40,8493;       1
