 0,0000;     254
 0,0200;     190
 0,0400;     146
 0,0600;      97
 0,0800;      69
 0,1000;      31
 0,1200;      10
 0,1400;       7
 0,1600;       4
 0,1800;       0
 0,2000;       1
 0,2199;       0
 0,2399;       0
 0,2599;       0
 0,2799;       0
 0,2999;       0
 0,3199;       1
 0,3399;       0
 0,3599;       0
 0,3799;       1
 0,3999;       0
 0,4199;       0
 0,4399;       0
 0,4599;       0
 0,4799;       0
 0,4999;       0
 0,5199;       0
 0,5399;       1
 0,5599;       9
 0,5799;      24
 0,5999;      79
 0,6198;     142
 0,6398;     173
 0,6598;     218
 0,6798;     238
 0,6998;     206
 0,7198;     211
 0,7398;     218
 0,7598;     208
 0,7798;     243
 0,7998;     209
 0,8198;     178
 0,8398;     210
 0,8598;     177
 0,8798;     191
 0,8998;     220
 0,9198;     198
 0,9398;     203
 0,9598;     177
 0,9798;     177
 0,9998;     187
 1,0198;     173
 1,0397;     181
 1,0597;     166
 1,0797;     171
 1,0997;     167
 1,1197;     169
 1,1397;     173
 1,1597;     187
 1,1797;     149
 1,1997;     165
 1,2197;     166
 1,2397;     158
 1,2597;     168
 1,2797;     147
 1,2997;     151
 1,3197;     143
 1,3397;     158
 1,3597;     150
 1,3797;     140
 1,3997;     166
 1,4197;     147
 1,4396;     171
 1,4596;     155
 1,4796;     154
 1,4996;     149
 1,5196;     159
 1,5396;     173
 1,5596;     150
 1,5796;     146
 1,5996;     157
 1,6196;     154
 1,6396;     150
 1,6596;     146
 1,6796;     169
 1,6996;     176
 1,7196;     185
 1,7396;     195
 1,7596;     189
 1,7796;     173
 1,7996;     165
 1,8196;     155
 1,8396;     127
 1,8595;     150
 1,8795;     154
 1,8995;     145
 1,9195;     147
 1,9395;     167
 1,9595;     169
 1,9795;     170
 1,9995;     152
 2,0195;     170
 2,0395;     150
 2,0595;     201
 2,0795;     174
 2,0995;     151
 2,1195;     166
 2,1395;     188
 2,1595;     182
 2,1795;     196
 2,1995;     209
 2,2195;     222
 2,2395;     257
 2,2594;     261
 2,2794;     284
 2,2994;     305
 2,3194;     332
 2,3394;     332
 2,3594;     293
 2,3794;     288
 2,3994;     227
 2,4194;     249
 2,4394;     238
 2,4594;     268
 2,4794;     301
 2,4994;     302
 2,5194;     351
 2,5394;     403
 2,5594;     510
 2,5794;     611
 2,5994;     733
 2,6194;     808
 2,6394;     880
 2,6593;     967
 2,6793;     989
 2,6993;     995
 2,7193;     887
 2,7393;     891
 2,7593;     824
 2,7793;     772
 2,7993;     746
 2,8193;     765
 2,8393;     782
 2,8593;     755
 2,8793;     780
 2,8993;     822
 2,9193;     746
 2,9393;     705
 2,9593;     684
 2,9793;     669
 2,9993;     555
 3,0193;     543
 3,0393;     489
 3,0593;     383
 3,0792;     331
 3,0992;     300
 3,1192;     288
 3,1392;     275
 3,1592;     275
 3,1792;     315
 3,1992;     286
 3,2192;     309
 3,2392;     342
 3,2592;     363
 3,2792;     379
 3,2992;     350
 3,3192;     343
 3,3392;     362
 3,3592;     325
 3,3792;     330
 3,3992;     279
 3,4192;     270
 3,4392;     263
 3,4592;     254
 3,4791;     252
 3,4991;     260
 3,5191;     262
 3,5391;     280
 3,5591;     316
 3,5791;     334
 3,5991;     313
 3,6191;     398
 3,6391;     425
 3,6591;     450
 3,6791;     485
 3,6991;     485
 3,7191;     450
 3,7391;     417
 3,7591;     406
 3,7791;     339
 3,7991;     340
 3,8191;     309
 3,8391;     301
 3,8591;     251
 3,8791;     255
 3,8990;     281
 3,9190;     256
 3,9390;     284
 3,9590;     267
 3,9790;     300
 3,9990;     314
 4,0190;     325
 4,0390;     298
 4,0590;     286
 4,0790;     272
 4,0990;     244
 4,1190;     283
 4,1390;     253
 4,1590;     274
 4,1790;     261
 4,1990;     245
 4,2190;     248
 4,2390;     254
 4,2590;     269
 4,2790;     253
 4,2989;     274
 4,3189;     266
 4,3389;     265
 4,3589;     297
 4,3789;     287
 4,3989;     326
 4,4189;     356
 4,4389;     358
 4,4589;     360
 4,4789;     376
 4,4989;     414
 4,5189;     421
 4,5389;     401
 4,5589;     387
 4,5789;     369
 4,5989;     338
 4,6189;     349
 4,6389;     369
 4,6589;     309
 4,6789;     364
 4,6989;     315
 4,7188;     344
 4,7388;     325
 4,7588;     319
 4,7788;     311
 4,7988;     351
 4,8188;     315
 4,8388;     331
 4,8588;     361
 4,8788;     340
 4,8988;     324
 4,9188;     309
 4,9388;     309
 4,9588;     356
 4,9788;     368
 4,9988;     353
 5,0188;     362
 5,0388;     305
 5,0588;     341
 5,0788;     376
 5,0988;     358
 5,1187;     347
 5,1387;     354
 5,1587;     360
 5,1787;     367
 5,1987;     367
 5,2187;     358
 5,2387;     352
 5,2587;     399
 5,2787;     398
 5,2987;     376
 5,3187;     384
 5,3387;     393
 5,3587;     416
 5,3787;     382
 5,3987;     416
 5,4187;     428
 5,4387;     413
 5,4587;     410
 5,4787;     421
 5,4987;     429
 5,5187;     401
 5,5386;     439
 5,5586;     375
 5,5786;     419
 5,5986;     455
 5,6186;     394
 5,6386;     449
 5,6586;     392
 5,6786;     439
 5,6986;     433
 5,7186;     442
 5,7386;     476
 5,7586;     460
 5,7786;     450
 5,7986;     461
 5,8186;     444
 5,8386;     455
 5,8586;     508
 5,8786;     473
 5,8986;     463
 5,9186;     485
 5,9385;     555
 5,9585;     503
 5,9785;     465
 5,9985;     499
 6,0185;     490
 6,0385;     475
 6,0585;     506
 6,0785;     515
 6,0985;     564
 6,1185;     526
 6,1385;     615
 6,1585;     660
 6,1785;     855
 6,1985;     975
 6,2185;    1236
 6,2385;    1625
 6,2585;    2174
 6,2785;    2913
 6,2985;    3806
 6,3185;    4835
 6,3385;    5847
 6,3584;    6790
 6,3784;    7352
 6,3984;    7720
 6,4184;    7569
 6,4384;    7029
 6,4584;    6082
 6,4784;    4954
 6,4984;    3820
 6,5184;    2881
 6,5384;    2105
 6,5584;    1466
 6,5784;    1122
 6,5984;     850
 6,6184;     789
 6,6384;     680
 6,6584;     753
 6,6784;     655
 6,6984;     672
 6,7184;     648
 6,7384;     721
 6,7583;     693
 6,7783;     721
 6,7983;     681
 6,8183;     706
 6,8383;     688
 6,8583;     727
 6,8783;     789
 6,8983;     805
 6,9183;     918
 6,9383;    1067
 6,9583;    1184
 6,9783;    1400
 6,9983;    1531
 7,0183;    1687
 7,0383;    1646
 7,0583;    1763
 7,0783;    1717
 7,0983;    1613
 7,1183;    1557
 7,1383;    1351
 7,1583;    1271
 7,1782;    1102
 7,1982;    1062
 7,2182;     949
 7,2382;     950
 7,2582;     892
 7,2782;     895
 7,2982;     880
 7,3182;     924
 7,3382;    1011
 7,3582;    1001
 7,3782;    1110
 7,3982;    1184
 7,4182;    1242
 7,4382;    1253
 7,4582;    1341
 7,4782;    1350
 7,4982;    1377
 7,5182;    1370
 7,5382;    1304
 7,5582;    1317
 7,5781;    1277
 7,5981;    1295
 7,6181;    1217
 7,6381;    1303
 7,6581;    1334
 7,6781;    1404
 7,6981;    1465
 7,7181;    1675
 7,7381;    1823
 7,7581;    2167
 7,7781;    2779
 7,7981;    4059
 7,8181;    6052
 7,8381;    9722
 7,8581;   16151
 7,8781;   25437
 7,8981;   39859
 7,9181;   59012
 7,9381;   83342
 7,9581;  109448
 7,9780;  138404
 7,9980;  163984
 8,0180;  182705
 8,0380;  193045
 8,0580;  191237
 8,0780;  180216
 8,0980;  158966
 8,1180;  132242
 8,1380;  103908
 8,1580;   76504
 8,1780;   53830
 8,1980;   35698
 8,2180;   22734
 8,2380;   13560
 8,2580;    8168
 8,2780;    4887
 8,2980;    3106
 8,3180;    2170
 8,3380;    1534
 8,3580;    1309
 8,3780;    1076
 8,3979;    1078
 8,4179;    1022
 8,4379;     978
 8,4579;     926
 8,4779;     986
 8,4979;     969
 8,5179;    1061
 8,5379;    1055
 8,5579;    1108
 8,5779;    1150
 8,5979;    1282
 8,6179;    1362
 8,6379;    1502
 8,6579;    1806
 8,6779;    2126
 8,6979;    2637
 8,7179;    3635
 8,7379;    5087
 8,7579;    7186
 8,7779;    9916
 8,7978;   13326
 8,8178;   16819
 8,8378;   20950
 8,8578;   24989
 8,8778;   28004
 8,8978;   29650
 8,9178;   29572
 8,9378;   28202
 8,9578;   25082
 8,9778;   21671
 8,9978;   17441
 9,0178;   13364
 9,0378;    9645
 9,0578;    6641
 9,0778;    4477
 9,0978;    2783
 9,1178;    1802
 9,1378;    1087
 9,1578;     759
 9,1778;     501
 9,1978;     382
 9,2177;     312
 9,2377;     312
 9,2577;     281
 9,2777;     267
 9,2977;     246
 9,3177;     239
 9,3377;     247
 9,3577;     232
 9,3777;     239
 9,3977;     221
 9,4177;     226
 9,4377;     238
 9,4577;     241
 9,4777;     240
 9,4977;     216
 9,5177;     215
 9,5377;     215
 9,5577;     218
 9,5777;     216
 9,5977;     216
 9,6176;     209
 9,6376;     188
 9,6576;     191
 9,6776;     193
 9,6976;     202
 9,7176;     175
 9,7376;     180
 9,7576;     182
 9,7776;     192
 9,7976;     186
 9,8176;     171
 9,8376;     187
 9,8576;     191
 9,8776;     183
 9,8976;     186
 9,9176;     183
 9,9376;     193
 9,9576;     214
 9,9776;     200
 9,9976;     201
10,0176;     171
10,0375;     190
10,0575;     211
10,0775;     165
10,0975;     173
10,1175;     164
10,1375;     167
10,1575;     179
10,1775;     165
10,1975;     157
10,2175;     172
10,2375;     157
10,2575;     175
10,2775;     170
10,2975;     169
10,3175;     188
10,3375;     174
10,3575;     183
10,3775;     213
10,3975;     255
10,4175;     243
10,4374;     317
10,4574;     336
10,4774;     337
10,4974;     368
10,5174;     412
10,5374;     371
10,5574;     441
10,5774;     411
10,5974;     378
10,6174;     355
10,6374;     325
10,6574;     288
10,6774;     299
10,6974;     259
10,7174;     240
10,7374;     219
10,7574;     199
10,7774;     167
10,7974;     183
10,8174;     182
10,8374;     166
10,8573;     164
10,8773;     163
10,8973;     160
10,9173;     176
10,9373;     159
10,9573;     182
10,9773;     177
10,9973;     157
11,0173;     143
11,0373;     166
11,0573;     127
11,0773;     144
11,0973;     147
11,1173;     135
11,1373;     140
11,1573;     134
11,1773;     113
11,1973;     140
11,2173;     161
11,2373;     158
11,2572;     169
11,2772;     138
11,2972;     156
11,3172;     138
11,3372;     147
11,3572;     140
11,3772;     160
11,3972;     127
11,4172;     156
11,4372;     153
11,4572;     154
11,4772;     141
11,4972;     144
11,5172;     150
11,5372;     139
11,5572;     147
11,5772;     135
11,5972;     156
11,6172;     125
11,6372;     167
11,6572;     142
11,6771;     147
11,6971;     152
11,7171;     162
11,7371;     160
11,7571;     174
11,7771;     154
11,7971;     158
11,8171;     171
11,8371;     166
11,8571;     153
11,8771;     167
11,8971;     149
11,9171;     177
11,9371;     179
11,9571;     156
11,9771;     151
11,9971;     152
12,0171;     142
12,0371;     143
12,0571;     123
12,0770;     103
12,0970;     125
12,1170;     141
12,1370;     119
12,1570;     115
12,1770;     127
12,1970;     113
12,2170;     122
12,2370;     127
12,2570;     133
12,2770;     121
12,2970;     119
12,3170;     127
12,3370;     133
12,3570;     124
12,3770;     122
12,3970;     141
12,4170;     144
12,4370;     119
12,4570;     140
12,4769;     148
12,4969;     165
12,5169;     194
12,5369;     204
12,5569;     230
12,5769;     251
12,5969;     213
12,6169;     223
12,6369;     222
12,6569;     269
12,6769;     226
12,6969;     214
12,7169;     191
12,7369;     175
12,7569;     191
12,7769;     139
12,7969;     137
12,8169;     140
12,8369;     143
12,8569;     116
12,8769;      98
12,8968;     117
12,9168;     104
12,9368;     118
12,9568;     118
12,9768;     137
12,9968;     112
13,0168;     125
13,0368;     131
13,0568;     117
13,0768;     116
13,0968;      99
13,1168;     121
13,1368;     103
13,1568;     125
13,1768;     109
13,1968;     103
13,2168;      78
13,2368;     111
13,2568;     131
13,2768;     111
13,2967;     120
13,3167;     125
13,3367;     128
13,3567;     113
13,3767;     128
13,3967;     110
13,4167;     102
13,4367;     109
13,4567;     131
13,4767;     112
13,4967;     111
13,5167;     111
13,5367;     114
13,5567;      95
13,5767;      92
13,5967;     107
13,6167;     104
13,6367;     115
13,6567;      96
13,6767;     105
13,6967;     121
13,7166;     100
13,7366;     111
13,7566;     100
13,7766;     112
13,7966;     103
13,8166;      91
13,8366;     105
13,8566;     104
13,8766;     105
13,8966;     114
13,9166;     107
13,9366;     108
13,9566;     100
13,9766;     110
13,9966;      78
14,0166;     109
14,0366;     104
14,0566;     122
14,0766;     103
14,0966;     110
14,1165;     108
14,1365;      90
14,1565;      98
14,1765;     100
14,1965;     107
14,2165;      95
14,2365;     119
14,2565;     146
14,2765;     146
14,2965;     149
14,3165;     203
14,3365;     202
14,3565;     206
14,3765;     244
14,3965;     303
14,4165;     289
14,4365;     308
14,4565;     315
14,4765;     292
14,4965;     313
14,5165;     278
14,5364;     271
14,5564;     239
14,5764;     205
14,5964;     205
14,6164;     175
14,6364;     187
14,6564;     146
14,6764;     126
14,6964;     125
14,7164;     116
14,7364;     143
14,7564;     103
14,7764;     123
14,7964;     101
14,8164;     112
14,8364;     106
14,8564;     109
14,8764;      90
14,8964;     101
14,9164;     102
14,9363;     119
14,9563;     126
14,9763;     114
14,9963;     115
15,0163;     121
15,0363;     122
15,0563;     121
15,0763;     138
15,0963;     154
15,1163;     155
15,1363;     161
15,1563;     135
15,1763;     145
15,1963;     135
15,2163;     144
15,2363;     138
15,2563;     141
15,2763;     119
15,2963;     140
15,3163;     137
15,3363;     131
15,3562;     147
15,3762;     110
15,3962;     137
15,4162;     143
15,4362;     136
15,4562;     136
15,4762;     124
15,4962;     132
15,5162;     122
15,5362;     122
15,5562;     105
15,5762;      97
15,5962;     111
15,6162;     111
15,6362;     132
15,6562;     113
15,6762;     115
15,6962;     129
15,7162;     136
15,7362;     142
15,7561;     125
15,7761;     126
15,7961;     137
15,8161;     155
15,8361;     213
15,8561;     239
15,8761;     313
15,8961;     408
15,9161;     534
15,9361;     707
15,9561;     970
15,9761;    1168
15,9961;    1562
16,0161;    1870
16,0361;    2131
16,0561;    2562
16,0761;    2810
16,0961;    2844
16,1161;    2877
16,1361;    2829
16,1561;    2648
16,1760;    2401
16,1960;    2161
16,2160;    1749
16,2360;    1535
16,2560;    1257
16,2760;     938
16,2960;     636
16,3160;     492
16,3360;     370
16,3560;     289
16,3760;     206
16,3960;     157
16,4160;     149
16,4360;     102
16,4560;     105
16,4760;      90
16,4960;      96
16,5160;      90
16,5360;     103
16,5560;     113
16,5759;     105
16,5959;      95
16,6159;     115
16,6359;     101
16,6559;     107
16,6759;     104
16,6959;     126
16,7159;     155
16,7359;     156
16,7559;     192
16,7759;     237
16,7959;     266
16,8159;     353
16,8359;     409
16,8559;     492
16,8759;     594
16,8959;     661
16,9159;     746
16,9359;     854
16,9559;     905
16,9758;     831
16,9958;     921
17,0158;     878
17,0358;     800
17,0558;     736
17,0758;     604
17,0958;     519
17,1158;     419
17,1358;     353
17,1558;     268
17,1758;     193
17,1958;     178
17,2158;     134
17,2358;     123
17,2558;      93
17,2758;      78
17,2958;      57
17,3158;      64
17,3358;      60
17,3558;      77
17,3758;      71
17,3957;      52
17,4157;      75
17,4357;      78
17,4557;      61
17,4757;      61
17,4957;      68
17,5157;      71
17,5357;      73
17,5557;      58
17,5757;      53
17,5957;      51
17,6157;      80
17,6357;      66
17,6557;      69
17,6757;      76
17,6957;      80
17,7157;      95
17,7357;     104
17,7557;     100
17,7757;      95
17,7956;     108
17,8156;     127
17,8356;     144
17,8556;     119
17,8756;     137
17,8956;     114
17,9156;     104
17,9356;     114
17,9556;      99
17,9756;      86
17,9956;      79
18,0156;      90
18,0356;      64
18,0556;      81
18,0756;      60
18,0956;      64
18,1156;      56
18,1356;      74
18,1556;      69
18,1756;      54
18,1956;      67
18,2155;      65
18,2355;      75
18,2555;      51
18,2755;      65
18,2955;      75
18,3155;      71
18,3355;      68
18,3555;      70
18,3755;      58
18,3955;      67
18,4155;      85
18,4355;      69
18,4555;      67
18,4755;      75
18,4955;      77
18,5155;      82
18,5355;      85
18,5555;      72
18,5755;      81
18,5955;      90
18,6154;      80
18,6354;     107
18,6554;     104
18,6754;     112
18,6954;     101
18,7154;     113
18,7354;     117
18,7554;     108
18,7754;     122
18,7954;     101
18,8154;     112
18,8354;     121
18,8554;     119
18,8754;     119
18,8954;     120
18,9154;     134
18,9354;     135
18,9554;     143
18,9754;     148
18,9954;     175
19,0154;     140
19,0353;     177
19,0553;     155
19,0753;     145
19,0953;     135
19,1153;     157
19,1353;     150
19,1553;     141
19,1753;     139
19,1953;     127
19,2153;     139
19,2353;     138
19,2553;      99
19,2753;     129
19,2953;     109
19,3153;     119
19,3353;     116
19,3553;      97
19,3753;     101
19,3953;      85
19,4153;      96
19,4352;      71
19,4552;      88
19,4752;      69
19,4952;      69
19,5152;      76
19,5352;      71
19,5552;      74
19,5752;      72
19,5952;      69
19,6152;      82
19,6352;      58
19,6552;      72
19,6752;      65
19,6952;      53
19,7152;      68
19,7352;      70
19,7552;      47
19,7752;      47
19,7952;      45
19,8152;      52
19,8352;      50
19,8551;      42
19,8751;      51
19,8951;      62
19,9151;      67
19,9351;      77
19,9551;      83
19,9751;      92
19,9951;      91
20,0151;     108
20,0351;     120
20,0551;     106
20,0751;     145
20,0951;     144
20,1151;     143
20,1351;     187
20,1551;     216
20,1751;     194
20,1951;     179
20,2151;     199
20,2351;     184
20,2550;     169
20,2750;     176
20,2950;     157
20,3150;     138
20,3350;     112
20,3550;     122
20,3750;      75
20,3950;      83
20,4150;      58
20,4350;      72
20,4550;      60
20,4750;      65
20,4950;      41
20,5150;      54
20,5350;      35
20,5550;      53
20,5750;      32
20,5950;      45
20,6150;      48
20,6350;      42
20,6550;      44
20,6749;      30
20,6949;      47
20,7149;      52
20,7349;      43
20,7549;      49
20,7749;      39
20,7949;      44
20,8149;      49
20,8349;      37
20,8549;      48
20,8749;      28
20,8949;      49
20,9149;      40
20,9349;      61
20,9549;      52
20,9749;      51
20,9949;      64
21,0149;      52
21,0349;      71
21,0549;      77
21,0748;      70
21,0948;      72
21,1148;      74
21,1348;      74
21,1548;      71
21,1748;      79
21,1948;      70
21,2148;      89
21,2348;      65
21,2548;      83
21,2748;      54
21,2948;      71
21,3148;      47
21,3348;      58
21,3548;      55
21,3748;      50
21,3948;      41
21,4148;      57
21,4348;      52
21,4548;      41
21,4748;      42
21,4947;      60
21,5147;      44
21,5347;      45
21,5547;      42
21,5747;      56
21,5947;      41
21,6147;      42
21,6347;      44
21,6547;      36
21,6747;      43
21,6947;      33
21,7147;      45
21,7347;      36
21,7547;      33
21,7747;      46
21,7947;      41
21,8147;      39
21,8347;      32
21,8547;      40
21,8747;      35
21,8946;      39
21,9146;      43
21,9346;      53
21,9546;      44
21,9746;      45
21,9946;      56
22,0146;      50
22,0346;      50
22,0546;      53
22,0746;      36
22,0946;      49
22,1146;      51
22,1346;      38
22,1546;      51
22,1746;      54
22,1946;      44
22,2146;      47
22,2346;      42
22,2546;      54
22,2746;      25
22,2945;      35
22,3145;      46
22,3345;      37
22,3545;      38
22,3745;      30
22,3945;      31
22,4145;      32
22,4345;      35
22,4545;      30
22,4745;      32
22,4945;      37
22,5145;      29
22,5345;      37
22,5545;      44
22,5745;      37
22,5945;      43
22,6145;      42
22,6345;      43
22,6545;      54
22,6745;      49
22,6945;      39
22,7144;      50
22,7344;      52
22,7544;      54
22,7744;      48
22,7944;      45
22,8144;      47
22,8344;      43
22,8544;      48
22,8744;      41
22,8944;      33
22,9144;      31
22,9344;      31
22,9544;      30
22,9744;      37
22,9944;      24
23,0144;      27
23,0344;      29
23,0544;      28
23,0744;      34
23,0944;      20
23,1143;      20
23,1343;      37
23,1543;      22
23,1743;      32
23,1943;      32
23,2143;      25
23,2343;      25
23,2543;      34
23,2743;      29
23,2943;      32
23,3143;      39
23,3343;      29
23,3543;      17
23,3743;      25
23,3943;      22
23,4143;      22
23,4343;      14
23,4543;      21
23,4743;      22
23,4943;      29
23,5143;      23
23,5342;      34
23,5542;      17
23,5742;      24
23,5942;      19
23,6142;      23
23,6342;      20
23,6542;      23
23,6742;      31
23,6942;      29
23,7142;      21
23,7342;      27
23,7542;      17
23,7742;      27
23,7942;      25
23,8142;      19
23,8342;      26
23,8542;      27
23,8742;      33
23,8942;      26
23,9142;      29
23,9341;      36
23,9541;      22
23,9741;      32
23,9941;      23
24,0141;      31
24,0341;      26
24,0541;      41
24,0741;      37
24,0941;      38
24,1141;      40
24,1341;      45
24,1541;      32
24,1741;      42
24,1941;      43
24,2141;      44
24,2341;      42
24,2541;      42
24,2741;      38
24,2941;      37
24,3141;      36
24,3341;      26
24,3540;      25
24,3740;      34
24,3940;      33
24,4140;      14
24,4340;      26
24,4540;      27
24,4740;      20
24,4940;      25
24,5140;      21
24,5340;      23
24,5540;      18
24,5740;      22
24,5940;      19
24,6140;      18
24,6340;      26
24,6540;      18
24,6740;      13
24,6940;      21
24,7140;      19
24,7340;      19
24,7539;      17
24,7739;      29
24,7939;      15
24,8139;      22
24,8339;      24
24,8539;      27
24,8739;      31
24,8939;      18
24,9139;      19
24,9339;      37
24,9539;      19
24,9739;      22
24,9939;      44
25,0139;      29
25,0339;      28
25,0539;      27
25,0739;      27
25,0939;      39
25,1139;      27
25,1339;      26
25,1539;      33
25,1738;      28
25,1938;      23
25,2138;      32
25,2338;      29
25,2538;      36
25,2738;      28
25,2938;      28
25,3138;      27
25,3338;      33
25,3538;      33
25,3738;      21
25,3938;      18
25,4138;      27
25,4338;      18
25,4538;      27
25,4738;       7
25,4938;      16
25,5138;      15
25,5338;      20
25,5538;      22
25,5737;      26
25,5937;      19
25,6137;      16
25,6337;      16
25,6537;      24
25,6737;      14
25,6937;      19
25,7137;      17
25,7337;      13
25,7537;      12
25,7737;      15
25,7937;      25
25,8137;      19
25,8337;      23
25,8537;      23
25,8737;      15
25,8937;      19
25,9137;      15
25,9337;      19
25,9537;      23
25,9737;      21
25,9936;      25
26,0136;      28
26,0336;      13
26,0536;      21
26,0736;      28
26,0936;      19
26,1136;      20
26,1336;      24
26,1536;      24
26,1736;      18
26,1936;      26
26,2136;      28
26,2336;      32
26,2536;      31
26,2736;      27
26,2936;      26
26,3136;      18
26,3336;      29
26,3536;      24
26,3736;      17
26,3935;      21
26,4135;      31
26,4335;      30
26,4535;      25
26,4735;      22
26,4935;      20
26,5135;      22
26,5335;      18
26,5535;      22
26,5735;      18
26,5935;      22
26,6135;      24
26,6335;      20
26,6535;      19
26,6735;      14
26,6935;      10
26,7135;       5
26,7335;      13
26,7535;      16
26,7735;      17
26,7934;      16
26,8134;      18
26,8334;      17
26,8534;      12
26,8734;      15
26,8934;      14
26,9134;      13
26,9334;      17
26,9534;      15
26,9734;      15
26,9934;      20
27,0134;      25
27,0334;      19
27,0534;      18
27,0734;      15
27,0934;      15
27,1134;      22
27,1334;      15
27,1534;      15
27,1734;      16
27,1934;      21
27,2133;      22
27,2333;      17
27,2533;      12
27,2733;      11
27,2933;      21
27,3133;       8
27,3333;      15
27,3533;      11
27,3733;      18
27,3933;      15
27,4133;       9
27,4333;      21
27,4533;      11
27,4733;      13
27,4933;      12
27,5133;       9
27,5333;      12
27,5533;      15
27,5733;      19
27,5933;      17
27,6132;       9
27,6332;      12
27,6532;      12
27,6732;      14
27,6932;      13
27,7132;      17
27,7332;       7
27,7532;      13
27,7732;       8
27,7932;      20
27,8132;       7
27,8332;      15
27,8532;       9
27,8732;      10
27,8932;      11
27,9132;      12
27,9332;      12
27,9532;      14
27,9732;       9
27,9932;      15
28,0132;      19
28,0331;       9
28,0531;      14
28,0731;      13
28,0931;      15
28,1131;      18
28,1331;      10
28,1531;       9
28,1731;      14
28,1931;      16
28,2131;      12
28,2331;      14
28,2531;      11
28,2731;      16
28,2931;      16
28,3131;      18
28,3331;      16
28,3531;      15
28,3731;      14
28,3931;      13
28,4131;      16
28,4330;      18
28,4530;      18
28,4730;      20
28,4930;      11
28,5130;       9
28,5330;       5
28,5530;      19
28,5730;      13
28,5930;      12
28,6130;       9
28,6330;      13
28,6530;      11
28,6730;       9
28,6930;      16
28,7130;      11
28,7330;       9
28,7530;      11
28,7730;      13
28,7930;       8
28,8130;      16
28,8330;      10
28,8529;       6
28,8729;      13
28,8929;      17
28,9129;      12
28,9329;      10
28,9529;      13
28,9729;       7
28,9929;       6
29,0129;       6
29,0329;      16
29,0529;       9
29,0729;       7
29,0929;      11
29,1129;      16
29,1329;      14
29,1529;      10
29,1729;      16
29,1929;      14
29,2129;       8
29,2329;      11
29,2528;      12
29,2728;       7
29,2928;       8
29,3128;      10
29,3328;      11
29,3528;      10
29,3728;      15
29,3928;       9
29,4128;      11
29,4328;       5
29,4528;      11
29,4728;      11
29,4928;       7
29,5128;      12
29,5328;       9
29,5528;      15
29,5728;       8
29,5928;       8
29,6128;      16
29,6328;       9
29,6528;       9
29,6727;      13
29,6927;      12
29,7127;      10
29,7327;      13
29,7527;      14
29,7727;      12
29,7927;      13
29,8127;      11
29,8327;       8
29,8527;      16
29,8727;      14
29,8927;      15
29,9127;       7
29,9327;       8
29,9527;       8
29,9727;       5
29,9927;      11
30,0127;       5
30,0327;       5
30,0527;       8
30,0726;       9
30,0926;       7
30,1126;      10
30,1326;      12
30,1526;       4
30,1726;       7
30,1926;       9
30,2126;      14
30,2326;       8
30,2526;       9
30,2726;      14
30,2926;      10
30,3126;      13
30,3326;      10
30,3526;      12
30,3726;      10
30,3926;       7
30,4126;       7
30,4326;       8
30,4526;      15
30,4726;       5
30,4925;       5
30,5125;      10
30,5325;      12
30,5525;      10
30,5725;       3
30,5925;       6
30,6125;       6
30,6325;       9
30,6525;      10
30,6725;       7
30,6925;       9
30,7125;       6
30,7325;       6
30,7525;       5
30,7725;       1
30,7925;      11
30,8125;       7
30,8325;       9
30,8525;      12
30,8725;      10
30,8924;       2
30,9124;      13
30,9324;       9
30,9524;       3
30,9724;       4
30,9924;       8
31,0124;       5
31,0324;      10
31,0524;       6
31,0724;       9
31,0924;      10
31,1124;       8
31,1324;       5
31,1524;       5
31,1724;       8
31,1924;       7
31,2124;       6
31,2324;       4
31,2524;       6
31,2724;       6
31,2923;       8
31,3123;       4
31,3323;       9
31,3523;       6
31,3723;       8
31,3923;       7
31,4123;       9
31,4323;       6
31,4523;       7
31,4723;       6
31,4923;       6
31,5123;       5
31,5323;       7
31,5523;       4
31,5723;       6
31,5923;      11
31,6123;       9
31,6323;       9
31,6523;       7
31,6723;       6
31,6923;       2
31,7122;       4
31,7322;       5
31,7522;       5
31,7722;       4
31,7922;       5
31,8122;       6
31,8322;       6
31,8522;      12
31,8722;       6
31,8922;       5
31,9122;       6
31,9322;       6
31,9522;       5
31,9722;       2
31,9922;       4
32,0122;       7
32,0322;       7
32,0522;       1
32,0722;      10
32,0922;       6
32,1121;       4
32,1321;       9
32,1521;       9
32,1721;       3
32,1921;       5
32,2121;       3
32,2321;       6
32,2521;       5
32,2721;       4
32,2921;       6
32,3121;       5
32,3321;       6
32,3521;       2
32,3721;       7
32,3921;       4
32,4121;       6
32,4321;       1
32,4521;       8
32,4721;       2
32,4921;       5
32,5121;       4
32,5320;       4
32,5520;       8
32,5720;       3
32,5920;       3
32,6120;      10
32,6320;       4
32,6520;       6
32,6720;       5
32,6920;       6
32,7120;       4
32,7320;       0
32,7520;       3
32,7720;       6
32,7920;       3
32,8120;       3
32,8320;       4
32,8520;       0
32,8720;       4
32,8920;       3
32,9120;       2
32,9319;       6
32,9519;       2
32,9719;       3
32,9919;       5
33,0119;       4
33,0319;       5
33,0519;       3
33,0719;       2
33,0919;       2
33,1119;       3
33,1319;       2
33,1519;       5
33,1719;       5
33,1919;       5
33,2119;       3
33,2319;       2
33,2519;       5
33,2719;       1
33,2919;       2
33,3119;       1
33,3319;       1
33,3518;       2
33,3718;       6
33,3918;       9
33,4118;       7
33,4318;       5
33,4518;       3
33,4718;       6
33,4918;       5
33,5118;       4
33,5318;       2
33,5518;       4
33,5718;       4
33,5918;       1
33,6118;       4
33,6318;       3
33,6518;       4
33,6718;       1
33,6918;       3
33,7118;       4
33,7318;       4
33,7517;       4
33,7717;       3
33,7917;       4
33,8117;       3
33,8317;       1
33,8517;       2
33,8717;       5
33,8917;       4
33,9117;       1
33,9317;       1
33,9517;       3
33,9717;       2
33,9917;       2
34,0117;       3
34,0317;       1
34,0517;       4
34,0717;       3
34,0917;       3
34,1117;       3
34,1317;       3
34,1517;       4
34,1716;       2
34,1916;       5
34,2116;       3
34,2316;       3
34,2516;       3
34,2716;       1
34,2916;       3
34,3116;       2
34,3316;       2
34,3516;       0
34,3716;       1
34,3916;       2
34,4116;       2
34,4316;       3
34,4516;       3
34,4716;       5
34,4916;       5
34,5116;       1
34,5316;       5
34,5516;       2
34,5715;       1
34,5915;       2
34,6115;       0
34,6315;       1
34,6515;       5
34,6715;       0
34,6915;       2
34,7115;       0
34,7315;       2
34,7515;       1
34,7715;       1
34,7915;       1
34,8115;       3
34,8315;       3
34,8515;       1
34,8715;       1
34,8915;       3
34,9115;       1
34,9315;       2
34,9515;       2
34,9715;       1
34,9914;       1
35,0114;       0
35,0314;       2
35,0514;       2
35,0714;       3
35,0914;       2
35,1114;       1
35,1314;       2
35,1514;       2
35,1714;       0
35,1914;       2
35,2114;       1
35,2314;       0
35,2514;       1
35,2714;       1
35,2914;       3
35,3114;       2
35,3314;       1
35,3514;       3
35,3714;       0
35,3913;       1
35,4113;       0
35,4313;       1
35,4513;       0
35,4713;       2
35,4913;       1
35,5113;       1
35,5313;       0
35,5513;       0
35,5713;       0
35,5913;       1
35,6113;       1
35,6313;       1
35,6513;       1
35,6713;       0
35,6913;       1
35,7113;       1
35,7313;       2
35,7513;       1
35,7713;       4
35,7913;       0
35,8112;       1
35,8312;       1
35,8512;       2
35,8712;       1
35,8912;       2
35,9112;       3
35,9312;       2
35,9512;       3
35,9712;       3
35,9912;       1
36,0112;       1
36,0312;       2
36,0512;       0
36,0712;       1
36,0912;       2
36,1112;       1
36,1312;       1
36,1512;       0
36,1712;       2
36,1912;       3
36,2111;       0
36,2311;       1
36,2511;       0
36,2711;       0
36,2911;       0
36,3111;       4
36,3311;       1
36,3511;       1
36,3711;       2
36,3911;       1
36,4111;       0
36,4311;       1
36,4511;       1
36,4711;       0
36,4911;       0
36,5111;       0
36,5311;       2
36,5511;       1
36,5711;       0
36,5911;       2
36,6110;       0
36,6310;       2
36,6510;       1
36,6710;       1
36,6910;       0
36,7110;       2
36,7310;       0
36,7510;       0
36,7710;       1
36,7910;       0
36,8110;       0
36,8310;       1
36,8510;       1
36,8710;       2
36,8910;       0
36,9110;       0
36,9310;       2
36,9510;       0
36,9710;       1
36,9910;       0
37,0110;       0
37,0309;       1
37,0509;       2
37,0709;       2
37,0909;       0
37,1109;       0
37,1309;       0
37,1509;       0
37,1709;       1
37,1909;       2
37,2109;       1
37,2309;       2
37,2509;       0
37,2709;       0
37,2909;       1
37,3109;       0
37,3309;       0
37,3509;       1
37,3709;       3
37,3909;       0
37,4109;       0
37,4308;       0
37,4508;       0
37,4708;       0
37,4908;       0
37,5108;       1
37,5308;       0
37,5508;       0
37,5708;       1
37,5908;       0
37,6108;       0
37,6308;       1
37,6508;       1
37,6708;       1
37,6908;       0
37,7108;       0
37,7308;       0
37,7508;       0
37,7708;       0
37,7908;       0
37,8108;       1
37,8308;       1
37,8507;       1
37,8707;       1
37,8907;       0
37,9107;       0
37,9307;       1
37,9507;       2
37,9707;       0
37,9907;       1
38,0107;       2
38,0307;       1
38,0507;       1
38,0707;       1
38,0907;       0
38,1107;       1
38,1307;       0
38,1507;       1
38,1707;       0
38,1907;       0
38,2107;       0
38,2307;       1
38,2506;       0
38,2706;       0
38,2906;       0
38,3106;       1
38,3306;       0
38,3506;       0
38,3706;       0
38,3906;       1
38,4106;       0
38,4306;       0
38,4506;       1
38,4706;       0
38,4906;       0
38,5106;       0
38,5306;       0
38,5506;       2
38,5706;       2
38,5906;       0
38,6106;       1
38,6306;       0
38,6506;       0
38,6705;       0
38,6905;       0
38,7105;       1
38,7305;       0
38,7505;       0
38,7705;       1
38,7905;       0
38,8105;       0
38,8305;       0
38,8505;       0
38,8705;       0
38,8905;       1
38,9105;       1
38,9305;       0
38,9505;       1
38,9705;       2
38,9905;       0
39,0105;       0
39,0305;       0
39,0505;       0
39,0704;       0
39,0904;       1
39,1104;       0
39,1304;       0
39,1504;       0
39,1704;       0
39,1904;       0
39,2104;       0
39,2304;       1
39,2504;       0
39,2704;       0
39,2904;       0
39,3104;       0
39,3304;       0
39,3504;       0
39,3704;       1
39,3904;       1
39,4104;       0
39,4304;       0
39,4504;       0
39,4704;       0
39,4903;       0
39,5103;       0
39,5303;       0
39,5503;       0
39,5703;       0
39,5903;       0
39,6103;       0
39,6303;       0
39,6503;       0
39,6703;       0
39,6903;       0
39,7103;       0
39,7303;       0
39,7503;       0
39,7703;       0
39,7903;       0
39,8103;       0
39,8303;       0
39,8503;       0
39,8703;       1
39,8902;       0
39,9102;       0
39,9302;       0
39,9502;       1
39,9702;       0
39,9902;       0
40,0102;       0
40,0302;       0
40,0502;       1
40,0702;       0
40,0902;       0
40,1102;       0
40,1302;       0
40,1502;       0
40,1702;       0
40,1902;       0
40,2102;       1
40,2302;       0
40,2502;       1
40,2702;       0
40,2902;       0
40,3101;       0
40,3301;       0
40,3501;       0
40,3701;       0
40,3901;       0
40,4101;       0
40,4301;       0
40,4501;       0
40,4701;       0
40,4901;       1
40,5101;       1
40,5301;       0
40,5501;       0
40,5701;       0
40,5901;       0
40,6101;       0
40,6301;       0
40,6501;       0
40,6701;       0
40,6901;       1
40,7100;       0
40,7300;       0
40,7500;       0
40,7700;       0
40,7900;       0
40,8100;       0
40,8300;       0
40,8500;       1
40,8700;       1
40,8900;       0
40,9100;       0
40,9300;       0
