0; 0000;     477 
0; 0200;     425 
0; 0400;     335 
0; 0600;     204 
0; 0799;      97 
0; 0999;      52 
0; 1199;      25 
0; 1399;       8 
0; 1599;       0 
0; 1799;       2 
0; 1999;       0 
0; 2198;       1 
0; 2398;       0 
0; 2598;       0 
0; 2798;       0 
0; 2998;       0 
0; 3198;       0 
0; 3398;       0 
0; 3597;       1 
0; 3797;       1 
0; 3997;       0 
0; 4197;       0 
0; 4397;       0 
0; 4597;       0 
0; 4797;       2 
0; 4996;       0 
0; 5196;       2 
0; 5396;       0 
0; 5596;       3 
0; 5796;      17 
0; 5996;      63 
0; 6195;     165 
0; 6395;     296 
0; 6595;     341 
0; 6795;     345 
0; 6995;     348 
0; 7195;     341 
0; 7395;     347 
0; 7594;     312 
0; 7794;     317 
0; 7994;     329 
0; 8194;     330 
0; 8394;     344 
0; 8594;     375 
0; 8794;     323 
0; 8993;     337 
0; 9193;     321 
0; 9393;     345 
0; 9593;     366 
0; 9793;     358 
0; 9993;     332 
1; 0193;     317 
1; 0392;     315 
1; 0592;     304 
1; 0792;     330 
1; 0992;     303 
1; 1192;     311 
1; 1392;     335 
1; 1592;     355 
1; 1791;     344 
1; 1991;     367 
1; 2191;     394 
1; 2391;     407 
1; 2591;     374 
1; 2791;     392 
1; 2991;     391 
1; 3190;     372 
1; 3390;     354 
1; 3590;     368 
1; 3790;     326 
1; 3990;     387 
1; 4190;     374 
1; 4390;     420 
1; 4589;     395 
1; 4789;     347 
1; 4989;     340 
1; 5189;     328 
1; 5389;     302 
1; 5589;     348 
1; 5788;     325 
1; 5988;     329 
1; 6188;     340 
1; 6388;     327 
1; 6588;     331 
1; 6788;     316 
1; 6988;     319 
1; 7187;     316 
1; 7387;     312 
1; 7587;     338 
1; 7787;     324 
1; 7987;     273 
1; 8187;     300 
1; 8387;     262 
1; 8586;     288 
1; 8786;     244 
1; 8986;     265 
1; 9186;     263 
1; 9386;     233 
1; 9586;     236 
1; 9786;     253 
1; 9985;     268 
2; 0185;     254 
2; 0385;     270 
2; 0585;     263 
2; 0785;     268 
2; 0985;     271 
2; 1185;     268 
2; 1384;     264 
2; 1584;     311 
2; 1784;     309 
2; 1984;     294 
2; 2184;     363 
2; 2384;     384 
2; 2584;     487 
2; 2783;     505 
2; 2983;     511 
2; 3183;     497 
2; 3383;     502 
2; 3583;     482 
2; 3783;     446 
2; 3983;     426 
2; 4182;     368 
2; 4382;     386 
2; 4582;     386 
2; 4782;     463 
2; 4982;     472 
2; 5182;     591 
2; 5381;     765 
2; 5581;    1002 
2; 5781;    1265 
2; 5981;    1579 
2; 6181;    1791 
2; 6381;    2001 
2; 6581;    2098 
2; 6780;    2063 
2; 6980;    1993 
2; 7180;    1905 
2; 7380;    1762 
2; 7580;    1639 
2; 7780;    1587 
2; 7980;    1596 
2; 8179;    1774 
2; 8379;    1946 
2; 8579;    2328 
2; 8779;    2932 
2; 8979;    3922 
2; 9179;    4861 
2; 9379;    5934 
2; 9578;    6803 
2; 9778;    7247 
2; 9978;    7273 
3; 0178;    6611 
3; 0378;    6066 
3; 0578;    5206 
3; 0778;    4420 
3; 0977;    4343 
3; 1177;    4221 
3; 1377;    4538 
3; 1577;    4419 
3; 1777;    4432 
3; 1977;    4022 
3; 2177;    3434 
3; 2376;    3018 
3; 2576;    2548 
3; 2776;    2105 
3; 2976;    1815 
3; 3176;    1628 
3; 3376;    1377 
3; 3576;    1280 
3; 3775;    1130 
3; 3975;     934 
3; 4175;     858 
3; 4375;     719 
3; 4575;     597 
3; 4775;     548 
3; 4974;     481 
3; 5174;     453 
3; 5374;     440 
3; 5574;     490 
3; 5774;     422 
3; 5974;     469 
3; 6174;     437 
3; 6373;     504 
3; 6573;     531 
3; 6773;     567 
3; 6973;     580 
3; 7173;     568 
3; 7373;     549 
3; 7573;     484 
3; 7772;     416 
3; 7972;     395 
3; 8172;     323 
3; 8372;     247 
3; 8572;     247 
3; 8772;     220 
3; 8972;     215 
3; 9171;     214 
3; 9371;     204 
3; 9571;     222 
3; 9771;     225 
3; 9971;     219 
4; 0171;     227 
4; 0371;     242 
4; 0570;     222 
4; 0770;     213 
4; 0970;     205 
4; 1170;     192 
4; 1370;     195 
4; 1570;     198 
4; 1770;     180 
4; 1969;     198 
4; 2169;     200 
4; 2369;     230 
4; 2569;     198 
4; 2769;     212 
4; 2969;     197 
4; 3169;     188 
4; 3368;     206 
4; 3568;     233 
4; 3768;     220 
4; 3968;     229 
4; 4168;     272 
4; 4368;     285 
4; 4567;     266 
4; 4767;     284 
4; 4967;     274 
4; 5167;     284 
4; 5367;     302 
4; 5567;     293 
4; 5767;     257 
4; 5966;     249 
4; 6166;     253 
4; 6366;     234 
4; 6566;     226 
4; 6766;     248 
4; 6966;     248 
4; 7166;     261 
4; 7365;     246 
4; 7565;     263 
4; 7765;     260 
4; 7965;     255 
4; 8165;     247 
4; 8365;     272 
4; 8565;     286 
4; 8764;     306 
4; 8964;     313 
4; 9164;     308 
4; 9364;     332 
4; 9564;     283 
4; 9764;     276 
4; 9964;     304 
5; 0163;     311 
5; 0363;     310 
5; 0563;     298 
5; 0763;     312 
5; 0963;     297 
5; 1163;     335 
5; 1363;     301 
5; 1562;     300 
5; 1762;     319 
5; 1962;     297 
5; 2162;     287 
5; 2362;     332 
5; 2562;     294 
5; 2762;     287 
5; 2961;     300 
5; 3161;     346 
5; 3361;     351 
5; 3561;     326 
5; 3761;     321 
5; 3961;     301 
5; 4160;     373 
5; 4360;     330 
5; 4560;     333 
5; 4760;     375 
5; 4960;     370 
5; 5160;     369 
5; 5360;     373 
5; 5559;     392 
5; 5759;     430 
5; 5959;     422 
5; 6159;     413 
5; 6359;     391 
5; 6559;     424 
5; 6759;     406 
5; 6958;     403 
5; 7158;     388 
5; 7358;     442 
5; 7558;     446 
5; 7758;     441 
5; 7958;     453 
5; 8158;     429 
5; 8357;     461 
5; 8557;     473 
5; 8757;     455 
5; 8957;     436 
5; 9157;     469 
5; 9357;     441 
5; 9557;     441 
5; 9756;     429 
5; 9956;     440 
6; 0156;     437 
6; 0356;     477 
6; 0556;     460 
6; 0756;     439 
6; 0956;     455 
6; 1155;     445 
6; 1355;     453 
6; 1555;     458 
6; 1755;     493 
6; 1955;     455 
6; 2155;     493 
6; 2355;     482 
6; 2554;     518 
6; 2754;     571 
6; 2954;     619 
6; 3154;     718 
6; 3354;     775 
6; 3554;     806 
6; 3754;     841 
6; 3953;     909 
6; 4153;     841 
6; 4353;     828 
6; 4553;     804 
6; 4753;     654 
6; 4953;     611 
6; 5152;     560 
6; 5352;     534 
6; 5552;     442 
6; 5752;     462 
6; 5952;     407 
6; 6152;     405 
6; 6352;     407 
6; 6551;     413 
6; 6751;     376 
6; 6951;     404 
6; 7151;     434 
6; 7351;     381 
6; 7551;     401 
6; 7751;     402 
6; 7950;     412 
6; 8150;     416 
6; 8350;     412 
6; 8550;     454 
6; 8750;     456 
6; 8950;     442 
6; 9150;     429 
6; 9349;     472 
6; 9549;     450 
6; 9749;     439 
6; 9949;     485 
7; 0149;     491 
7; 0349;     480 
7; 0549;     489 
7; 0748;     524 
7; 0948;     582 
7; 1148;     506 
7; 1348;     521 
7; 1548;     516 
7; 1748;     520 
7; 1948;     539 
7; 2147;     579 
7; 2347;     571 
7; 2547;     666 
7; 2747;     687 
7; 2947;     774 
7; 3147;     782 
7; 3347;     824 
7; 3546;     873 
7; 3746;     945 
7; 3946;    1090 
7; 4146;    1184 
7; 4346;    1227 
7; 4546;    1308 
7; 4745;    1294 
7; 4945;    1271 
7; 5145;    1237 
7; 5345;    1058 
7; 5545;     994 
7; 5745;     912 
7; 5945;     820 
7; 6144;     719 
7; 6344;     673 
7; 6544;     641 
7; 6744;     605 
7; 6944;     534 
7; 7144;     639 
7; 7344;     603 
7; 7543;     584 
7; 7743;     579 
7; 7943;     669 
7; 8143;     681 
7; 8343;     792 
7; 8543;     945 
7; 8743;    1262 
7; 8942;    1713 
7; 9142;    2502 
7; 9342;    3368 
7; 9542;    4542 
7; 9742;    5527 
7; 9942;    6813 
8; 0142;    7668 
8; 0341;    8414 
8; 0541;    8441 
8; 0741;    8203 
8; 0941;    7434 
8; 1141;    6353 
8; 1341;    5148 
8; 1541;    3947 
8; 1740;    2872 
8; 1940;    2131 
8; 2140;    1500 
8; 2340;    1094 
8; 2540;     860 
8; 2740;     697 
8; 2940;     664 
8; 3139;     609 
8; 3339;     592 
8; 3539;     537 
8; 3739;     557 
8; 3939;     502 
8; 4139;     497 
8; 4338;     494 
8; 4538;     489 
8; 4738;     493 
8; 4938;     529 
8; 5138;     505 
8; 5338;     497 
8; 5538;     487 
8; 5737;     508 
8; 5937;     511 
8; 6137;     547 
8; 6337;     515 
8; 6537;     516 
8; 6737;     520 
8; 6937;     571 
8; 7136;     623 
8; 7336;     572 
8; 7536;     650 
8; 7736;     786 
8; 7936;     942 
8; 8136;    1070 
8; 8336;    1269 
8; 8535;    1470 
8; 8735;    1586 
8; 8935;    1747 
8; 9135;    1799 
8; 9335;    1638 
8; 9535;    1562 
8; 9735;    1486 
8; 9934;    1201 
9; 0134;    1052 
9; 0334;     870 
9; 0534;     754 
9; 0734;     603 
9; 0934;     547 
9; 1134;     522 
9; 1333;     490 
9; 1533;     453 
9; 1733;     441 
9; 1933;     453 
9; 2133;     465 
9; 2333;     427 
9; 2533;     463 
9; 2732;     450 
9; 2932;     445 
9; 3132;     422 
9; 3332;     450 
9; 3532;     436 
9; 3732;     427 
9; 3931;     445 
9; 4131;     412 
9; 4331;     405 
9; 4531;     416 
9; 4731;     427 
9; 4931;     425 
9; 5131;     459 
9; 5330;     513 
9; 5530;     543 
9; 5730;     595 
9; 5930;     671 
9; 6130;     760 
9; 6330;     866 
9; 6530;     961 
9; 6729;     963 
9; 6929;    1138 
9; 7129;    1133 
9; 7329;    1146 
9; 7529;    1135 
9; 7729;     986 
9; 7929;     966 
9; 8128;     854 
9; 8328;     803 
9; 8528;     730 
9; 8728;     687 
9; 8928;     553 
9; 9128;     528 
9; 9328;     507 
9; 9527;     493 
9; 9727;     519 
9; 9927;     509 
10; 0127;     502 
10; 0327;     495 
10; 0527;     490 
10; 0727;     489 
10; 0926;     484 
10; 1126;     473 
10; 1326;     495 
10; 1526;     477 
10; 1726;     501 
10; 1926;     494 
10; 2126;     498 
10; 2325;     502 
10; 2525;     514 
10; 2725;     508 
10; 2925;     532 
10; 3125;     544 
10; 3325;     571 
10; 3524;     577 
10; 3724;     728 
10; 3924;     740 
10; 4124;     823 
10; 4324;    1023 
10; 4524;    1080 
10; 4724;    1265 
10; 4923;    1410 
10; 5123;    1514 
10; 5323;    1679 
10; 5523;    1720 
10; 5723;    1657 
10; 5923;    1623 
10; 6123;    1487 
10; 6322;    1414 
10; 6522;    1262 
10; 6722;    1020 
10; 6922;     892 
10; 7122;     756 
10; 7322;     671 
10; 7522;     576 
10; 7721;     544 
10; 7921;     562 
10; 8121;     518 
10; 8321;     526 
10; 8521;     513 
10; 8721;     515 
10; 8921;     504 
10; 9120;     488 
10; 9320;     497 
10; 9520;     491 
10; 9720;     498 
10; 9920;     486 
11; 0120;     478 
11; 0320;     455 
11; 0519;     477 
11; 0719;     433 
11; 0919;     502 
11; 1119;     462 
11; 1319;     463 
11; 1519;     417 
11; 1719;     456 
11; 1918;     437 
11; 2118;     478 
11; 2318;     483 
11; 2518;     521 
11; 2718;     512 
11; 2918;     530 
11; 3118;     582 
11; 3317;     664 
11; 3517;     657 
11; 3717;     739 
11; 3917;     778 
11; 4117;     876 
11; 4317;     887 
11; 4516;     963 
11; 4716;     917 
11; 4916;     962 
11; 5116;     888 
11; 5316;     868 
11; 5516;     771 
11; 5716;     795 
11; 5915;     725 
11; 6115;     745 
11; 6315;     688 
11; 6515;     579 
11; 6715;     572 
11; 6915;     554 
11; 7115;     525 
11; 7314;     509 
11; 7514;     503 
11; 7714;     503 
11; 7914;     502 
11; 8114;     573 
11; 8314;     540 
11; 8514;     597 
11; 8713;     595 
11; 8913;     639 
11; 9113;     697 
11; 9313;     660 
11; 9513;     593 
11; 9713;     591 
11; 9913;     599 
12; 0112;     595 
12; 0312;     518 
12; 0512;     513 
12; 0712;     472 
12; 0912;     445 
12; 1112;     428 
12; 1312;     441 
12; 1511;     428 
12; 1711;     402 
12; 1911;     406 
12; 2111;     419 
12; 2311;     471 
12; 2511;     457 
12; 2711;     474 
12; 2910;     482 
12; 3110;     403 
12; 3310;     457 
12; 3510;     407 
12; 3710;     467 
12; 3910;     502 
12; 4109;     505 
12; 4309;     568 
12; 4509;     585 
12; 4709;     637 
12; 4909;     747 
12; 5109;     851 
12; 5309;     956 
12; 5508;    1146 
12; 5708;    1352 
12; 5908;    1403 
12; 6108;    1473 
12; 6308;    1527 
12; 6508;    1485 
12; 6708;    1418 
12; 6907;    1351 
12; 7107;    1297 
12; 7307;    1100 
12; 7507;     933 
12; 7707;     847 
12; 7907;     761 
12; 8107;     608 
12; 8306;     570 
12; 8506;     513 
12; 8706;     524 
12; 8906;     484 
12; 9106;     499 
12; 9306;     466 
12; 9506;     456 
12; 9705;     479 
12; 9905;     465 
13; 0105;     495 
13; 0305;     466 
13; 0505;     470 
13; 0705;     505 
13; 0905;     439 
13; 1104;     453 
13; 1304;     422 
13; 1504;     410 
13; 1704;     418 
13; 1904;     383 
13; 2104;     361 
13; 2304;     433 
13; 2503;     428 
13; 2703;     450 
13; 2903;     452 
13; 3103;     457 
13; 3303;     474 
13; 3503;     499 
13; 3702;     451 
13; 3902;     469 
13; 4102;     453 
13; 4302;     489 
13; 4502;     449 
13; 4702;     418 
13; 4902;     416 
13; 5101;     372 
13; 5301;     371 
13; 5501;     376 
13; 5701;     354 
13; 5901;     344 
13; 6101;     352 
13; 6301;     359 
13; 6500;     314 
13; 6700;     334 
13; 6900;     317 
13; 7100;     329 
13; 7300;     323 
13; 7500;     332 
13; 7700;     320 
13; 7899;     323 
13; 8099;     340 
13; 8299;     327 
13; 8499;     317 
13; 8699;     338 
13; 8899;     339 
13; 9099;     321 
13; 9298;     323 
13; 9498;     302 
13; 9698;     322 
13; 9898;     320 
14; 0098;     272 
14; 0298;     315 
14; 0498;     314 
14; 0697;     288 
14; 0897;     280 
14; 1097;     314 
14; 1297;     280 
14; 1497;     312 
14; 1697;     306 
14; 1897;     301 
14; 2096;     297 
14; 2296;     317 
14; 2496;     281 
14; 2696;     314 
14; 2896;     302 
14; 3096;     300 
14; 3295;     290 
14; 3495;     307 
14; 3695;     277 
14; 3895;     250 
14; 4095;     301 
14; 4295;     298 
14; 4495;     291 
14; 4694;     272 
14; 4894;     262 
14; 5094;     335 
14; 5294;     291 
14; 5494;     296 
14; 5694;     311 
14; 5894;     293 
14; 6093;     337 
14; 6293;     372 
14; 6493;     366 
14; 6693;     354 
14; 6893;     360 
14; 7093;     401 
14; 7293;     479 
14; 7492;     438 
14; 7692;     429 
14; 7892;     503 
14; 8092;     457 
14; 8292;     409 
14; 8492;     415 
14; 8692;     377 
14; 8891;     359 
14; 9091;     349 
14; 9291;     370 
14; 9491;     345 
14; 9691;     288 
14; 9891;     308 
15; 0091;     312 
15; 0290;     311 
15; 0490;     309 
15; 0690;     311 
15; 0890;     299 
15; 1090;     313 
15; 1290;     325 
15; 1490;     344 
15; 1689;     332 
15; 1889;     323 
15; 2089;     289 
15; 2289;     347 
15; 2489;     327 
15; 2689;     317 
15; 2888;     355 
15; 3088;     309 
15; 3288;     288 
15; 3488;     283 
15; 3688;     258 
15; 3888;     270 
15; 4088;     287 
15; 4287;     259 
15; 4487;     239 
15; 4687;     273 
15; 4887;     264 
15; 5087;     257 
15; 5287;     242 
15; 5487;     216 
15; 5686;     259 
15; 5886;     257 
15; 6086;     232 
15; 6286;     239 
15; 6486;     260 
15; 6686;     262 
15; 6886;     257 
15; 7085;     237 
15; 7285;     247 
15; 7485;     240 
15; 7685;     246 
15; 7885;     263 
15; 8085;     235 
15; 8285;     247 
15; 8484;     231 
15; 8684;     231 
15; 8884;     238 
15; 9084;     221 
15; 9284;     246 
15; 9484;     219 
15; 9684;     214 
15; 9883;     227 
16; 0083;     225 
16; 0283;     242 
16; 0483;     225 
16; 0683;     258 
16; 0883;     252 
16; 1083;     239 
16; 1282;     208 
16; 1482;     238 
16; 1682;     239 
16; 1882;     216 
16; 2082;     221 
16; 2282;     206 
16; 2481;     214 
16; 2681;     222 
16; 2881;     228 
16; 3081;     207 
16; 3281;     237 
16; 3481;     242 
16; 3681;     200 
16; 3880;     230 
16; 4080;     213 
16; 4280;     191 
16; 4480;     214 
16; 4680;     206 
16; 4880;     241 
16; 5080;     226 
16; 5279;     210 
16; 5479;     234 
16; 5679;     196 
16; 5879;     222 
16; 6079;     231 
16; 6279;     245 
16; 6479;     212 
16; 6678;     209 
16; 6878;     204 
16; 7078;     221 
16; 7278;     208 
16; 7478;     223 
16; 7678;     229 
16; 7878;     192 
16; 8077;     196 
16; 8277;     185 
16; 8477;     200 
16; 8677;     223 
16; 8877;     224 
16; 9077;     211 
16; 9277;     209 
16; 9476;     221 
16; 9676;     211 
16; 9876;     227 
17; 0076;     223 
17; 0276;     202 
17; 0476;     183 
17; 0676;     209 
17; 0875;     227 
17; 1075;     192 
17; 1275;     193 
17; 1475;     188 
17; 1675;     202 
17; 1875;     227 
17; 2075;     205 
17; 2274;     215 
17; 2474;     188 
17; 2674;     207 
17; 2874;     228 
17; 3074;     195 
17; 3274;     160 
17; 3473;     206 
17; 3673;     194 
17; 3873;     214 
17; 4073;     194 
17; 4273;     173 
17; 4473;     199 
17; 4673;     185 
17; 4872;     207 
17; 5072;     221 
17; 5272;     178 
17; 5472;     208 
17; 5672;     201 
17; 5872;     193 
17; 6072;     203 
17; 6271;     206 
17; 6471;     178 
17; 6671;     190 
17; 6871;     197 
17; 7071;     168 
17; 7271;     180 
17; 7471;     185 
17; 7670;     175 
17; 7870;     200 
17; 8070;     221 
17; 8270;     189 
17; 8470;     205 
17; 8670;     203 
17; 8870;     211 
17; 9069;     202 
17; 9269;     198 
17; 9469;     235 
17; 9669;     202 
17; 9869;     193 
18; 0069;     206 
18; 0269;     219 
18; 0468;     218 
18; 0668;     169 
18; 0868;     197 
18; 1068;     213 
18; 1268;     217 
18; 1468;     209 
18; 1668;     165 
18; 1867;     221 
18; 2067;     222 
18; 2267;     181 
18; 2467;     200 
18; 2667;     211 
18; 2867;     202 
18; 3066;     214 
18; 3266;     191 
18; 3466;     210 
18; 3666;     206 
18; 3866;     218 
18; 4066;     222 
18; 4266;     200 
18; 4465;     218 
18; 4665;     201 
18; 4865;     243 
18; 5065;     221 
18; 5265;     246 
18; 5465;     227 
18; 5665;     251 
18; 5864;     232 
18; 6064;     232 
18; 6264;     242 
18; 6464;     248 
18; 6664;     253 
18; 6864;     277 
18; 7064;     292 
18; 7263;     268 
18; 7463;     299 
18; 7663;     279 
18; 7863;     276 
18; 8063;     297 
18; 8263;     315 
18; 8463;     283 
18; 8662;     290 
18; 8862;     306 
18; 9062;     295 
18; 9262;     333 
18; 9462;     329 
18; 9662;     321 
18; 9862;     344 
19; 0061;     375 
19; 0261;     374 
19; 0461;     380 
19; 0661;     369 
19; 0861;     388 
19; 1061;     368 
19; 1261;     402 
19; 1460;     358 
19; 1660;     358 
19; 1860;     336 
19; 2060;     344 
19; 2260;     328 
19; 2460;     333 
19; 2659;     313 
19; 2859;     294 
19; 3059;     315 
19; 3259;     329 
19; 3459;     295 
19; 3659;     287 
19; 3859;     296 
19; 4058;     246 
19; 4258;     254 
19; 4458;     243 
19; 4658;     222 
19; 4858;     265 
19; 5058;     225 
19; 5258;     213 
19; 5457;     220 
19; 5657;     231 
19; 5857;     238 
19; 6057;     192 
19; 6257;     204 
19; 6457;     206 
19; 6657;     181 
19; 6856;     215 
19; 7056;     214 
19; 7256;     213 
19; 7456;     206 
19; 7656;     198 
19; 7856;     184 
19; 8056;     214 
19; 8255;     210 
19; 8455;     211 
19; 8655;     242 
19; 8855;     218 
19; 9055;     235 
19; 9255;     274 
19; 9455;     308 
19; 9654;     333 
19; 9854;     376 
20; 0054;     440 
20; 0254;     467 
20; 0454;     530 
20; 0654;     604 
20; 0854;     627 
20; 1053;     748 
20; 1253;     813 
20; 1453;     741 
20; 1653;     798 
20; 1853;     841 
20; 2053;     842 
20; 2252;     823 
20; 2452;     885 
20; 2652;     801 
20; 2852;     715 
20; 3052;     693 
20; 3252;     630 
20; 3452;     555 
20; 3651;     479 
20; 3851;     458 
20; 4051;     412 
20; 4251;     362 
20; 4451;     359 
20; 4651;     307 
20; 4851;     249 
20; 5050;     301 
20; 5250;     242 
20; 5450;     234 
20; 5650;     225 
20; 5850;     239 
20; 6050;     239 
20; 6250;     235 
20; 6449;     244 
20; 6649;     229 
20; 6849;     227 
20; 7049;     237 
20; 7249;     237 
20; 7449;     244 
20; 7649;     235 
20; 7848;     264 
20; 8048;     268 
20; 8248;     255 
20; 8448;     258 
20; 8648;     307 
20; 8848;     270 
20; 9048;     333 
20; 9247;     289 
20; 9447;     331 
20; 9647;     351 
20; 9847;     355 
21; 0047;     379 
21; 0247;     372 
21; 0447;     431 
21; 0646;     468 
21; 0846;     445 
21; 1046;     466 
21; 1246;     474 
21; 1446;     464 
21; 1646;     501 
21; 1845;     431 
21; 2045;     503 
21; 2245;     456 
21; 2445;     465 
21; 2645;     472 
21; 2845;     447 
21; 3045;     400 
21; 3244;     407 
21; 3444;     361 
21; 3644;     354 
21; 3844;     372 
21; 4044;     340 
21; 4244;     320 
21; 4444;     293 
21; 4643;     302 
21; 4843;     319 
21; 5043;     325 
21; 5243;     341 
21; 5443;     316 
21; 5643;     322 
21; 5843;     339 
21; 6042;     361 
21; 6242;     371 
21; 6442;     406 
21; 6642;     423 
21; 6842;     529 
21; 7042;     634 
21; 7242;     796 
21; 7441;    1020 
21; 7641;    1333 
21; 7841;    1738 
21; 8041;    2388 
21; 8241;    3162 
21; 8441;    4035 
21; 8641;    5226 
21; 8840;    6583 
21; 9040;    8162 
21; 9240;    9878 
21; 9440;   11644 
21; 9640;   13619 
21; 9840;   15039 
22; 0040;   17065 
22; 0239;   18953 
22; 0439;   20771 
22; 0639;   22180 
22; 0839;   23580 
22; 1039;   24850 
22; 1239;   25623 
22; 1438;   25854 
22; 1638;   26104 
22; 1838;   25630 
22; 2038;   24250 
22; 2238;   22716 
22; 2438;   20555 
22; 2638;   18519 
22; 2837;   15915 
22; 3037;   13432 
22; 3237;   11062 
22; 3437;    8791 
22; 3637;    6781 
22; 3837;    4975 
22; 4037;    3848 
22; 4236;    2733 
22; 4436;    1910 
22; 4636;    1325 
22; 4836;    1011 
22; 5036;     667 
22; 5236;     502 
22; 5436;     419 
22; 5635;     329 
22; 5835;     302 
22; 6035;     286 
22; 6235;     258 
22; 6435;     235 
22; 6635;     213 
22; 6835;     245 
22; 7034;     234 
22; 7234;     221 
22; 7434;     228 
22; 7634;     228 
22; 7834;     225 
22; 8034;     217 
22; 8234;     195 
22; 8433;     168 
22; 8633;     161 
22; 8833;     178 
22; 9033;     153 
22; 9233;     166 
22; 9433;     142 
22; 9633;     125 
22; 9832;     152 
23; 0032;     127 
23; 0232;     137 
23; 0432;     105 
23; 0632;     119 
23; 0832;     118 
23; 1032;     120 
23; 1231;     121 
23; 1431;     125 
23; 1631;     130 
23; 1831;     126 
23; 2031;     118 
23; 2231;     110 
23; 2430;     118 
23; 2630;     118 
23; 2830;     110 
23; 3030;     112 
23; 3230;     112 
23; 3430;     118 
23; 3630;     102 
23; 3829;      72 
23; 4029;     115 
23; 4229;      99 
23; 4429;     118 
23; 4629;      95 
23; 4829;      96 
23; 5029;      99 
23; 5228;      71 
23; 5428;      67 
23; 5628;      88 
23; 5828;      91 
23; 6028;      93 
23; 6228;      91 
23; 6428;     101 
23; 6627;     112 
23; 6827;      91 
23; 7027;     114 
23; 7227;     104 
23; 7427;     121 
23; 7627;     116 
23; 7827;     121 
23; 8026;     117 
23; 8226;     132 
23; 8426;     114 
23; 8626;     135 
23; 8826;     118 
23; 9026;     116 
23; 9226;     110 
23; 9425;     111 
23; 9625;     129 
23; 9825;     105 
24; 0025;     116 
24; 0225;     103 
24; 0425;      91 
24; 0625;     103 
24; 0824;      97 
24; 1024;      97 
24; 1224;     105 
24; 1424;     101 
24; 1624;      85 
24; 1824;      81 
24; 2023;     104 
24; 2223;      92 
24; 2423;      87 
24; 2623;      77 
24; 2823;      79 
24; 3023;     103 
24; 3223;      99 
24; 3422;      90 
24; 3622;     100 
24; 3822;      95 
24; 4022;      97 
24; 4222;     101 
24; 4422;     112 
24; 4622;     118 
24; 4821;      94 
24; 5021;      95 
24; 5221;     124 
24; 5421;     109 
24; 5621;     122 
24; 5821;     140 
24; 6021;     155 
24; 6220;     168 
24; 6420;     224 
24; 6620;     270 
24; 6820;     413 
24; 7020;     467 
24; 7220;     667 
24; 7420;     830 
24; 7619;    1058 
24; 7819;    1388 
24; 8019;    1825 
24; 8219;    2252 
24; 8419;    2661 
24; 8619;    3082 
24; 8819;    3453 
24; 9018;    3859 
24; 9218;    4176 
24; 9418;    4390 
24; 9618;    4297 
24; 9818;    4446 
25; 0018;    4171 
25; 0218;    3869 
25; 0417;    3492 
25; 0617;    3157 
25; 0817;    2699 
25; 1017;    2238 
25; 1217;    1931 
25; 1417;    1539 
25; 1616;    1176 
25; 1816;     928 
25; 2016;     768 
25; 2216;     595 
25; 2416;     463 
25; 2616;     424 
25; 2816;     386 
25; 3015;     402 
25; 3215;     419 
25; 3415;     484 
25; 3615;     504 
25; 3815;     628 
25; 4015;     654 
25; 4215;     700 
25; 4414;     713 
25; 4614;     731 
25; 4814;     741 
25; 5014;     755 
25; 5214;     710 
25; 5414;     623 
25; 5614;     595 
25; 5813;     548 
25; 6013;     439 
25; 6213;     427 
25; 6413;     342 
25; 6613;     270 
25; 6813;     180 
25; 7013;     156 
25; 7212;      98 
25; 7412;      92 
25; 7612;      75 
25; 7812;      43 
25; 8012;      27 
25; 8212;      30 
25; 8412;      25 
25; 8611;      26 
25; 8811;      28 
25; 9011;      18 
25; 9211;      22 
25; 9411;      19 
25; 9611;      19 
25; 9811;      22 
26; 0010;      24 
26; 0210;      17 
26; 0410;      19 
26; 0610;      16 
26; 0810;      14 
26; 1010;      10 
26; 1209;      16 
26; 1409;      18 
26; 1609;      13 
26; 1809;      18 
26; 2009;       9 
26; 2209;      22 
26; 2409;      18 
26; 2608;      20 
26; 2808;      13 
26; 3008;      20 
26; 3208;      22 
26; 3408;       8 
26; 3608;      24 
26; 3808;      18 
26; 4007;      19 
26; 4207;      10 
26; 4407;      17 
26; 4607;      17 
26; 4807;      20 
26; 5007;      16 
26; 5207;      16 
26; 5406;      15 
26; 5606;      15 
26; 5806;      15 
26; 6006;      11 
26; 6206;      13 
26; 6406;      17 
26; 6606;      11 
26; 6805;      13 
26; 7005;      19 
26; 7205;      17 
26; 7405;      16 
26; 7605;      16 
26; 7805;      13 
26; 8005;      14 
26; 8204;      10 
26; 8404;       7 
26; 8604;      12 
26; 8804;      13 
26; 9004;       9 
26; 9204;      21 
26; 9404;      14 
26; 9603;       8 
26; 9803;       7 
27; 0003;      12 
27; 0203;      15 
27; 0403;      11 
27; 0603;      17 
27; 0802;       9 
27; 1002;      10 
27; 1202;      17 
27; 1402;      14 
27; 1602;      14 
27; 1802;      21 
27; 2002;      15 
27; 2201;      18 
27; 2401;      16 
27; 2601;       8 
27; 2801;      16 
27; 3001;      15 
27; 3201;      11 
27; 3401;       9 
27; 3600;      16 
27; 3800;      15 
27; 4000;      15 
27; 4200;      15 
27; 4400;      10 
27; 4600;      14 
27; 4800;      15 
27; 4999;      11 
27; 5199;      16 
27; 5399;      19 
27; 5599;      20 
27; 5799;      16 
27; 5999;      18 
27; 6199;      20 
27; 6398;      15 
27; 6598;      11 
27; 6798;      14 
27; 6998;      18 
27; 7198;      14 
27; 7398;      15 
27; 7598;      23 
27; 7797;      20 
27; 7997;      15 
27; 8197;      15 
27; 8397;      23 
27; 8597;      18 
27; 8797;      19 
27; 8997;      11 
27; 9196;      18 
27; 9396;      11 
27; 9596;      15 
27; 9796;      23 
27; 9996;      17 
28; 0196;      14 
28; 0396;      19 
28; 0595;      16 
28; 0795;      14 
28; 0995;      18 
28; 1195;      25 
28; 1395;      19 
28; 1595;      15 
28; 1794;       9 
28; 1994;      18 
28; 2194;      20 
28; 2394;      17 
28; 2594;      18 
28; 2794;       9 
28; 2994;      11 
28; 3193;      16 
28; 3393;      10 
28; 3593;      13 
28; 3793;       6 
28; 3993;      13 
28; 4193;      22 
28; 4393;      13 
28; 4592;      15 
28; 4792;      17 
28; 4992;      16 
28; 5192;      13 
28; 5392;      19 
28; 5592;      11 
28; 5792;      18 
28; 5991;      14 
28; 6191;      23 
28; 6391;      15 
28; 6591;      14 
28; 6791;       4 
28; 6991;      15 
28; 7191;       9 
28; 7390;      12 
28; 7590;      15 
28; 7790;      15 
28; 7990;      13 
28; 8190;      14 
28; 8390;      11 
28; 8590;      13 
28; 8789;      15 
28; 8989;       9 
28; 9189;      10 
28; 9389;      11 
28; 9589;       6 
28; 9789;      17 
28; 9989;      11 
29; 0188;      10 
29; 0388;      19 
29; 0588;       4 
29; 0788;      10 
29; 0988;      12 
29; 1188;      14 
29; 1387;       8 
29; 1587;       8 
29; 1787;       5 
29; 1987;      12 
29; 2187;      10 
29; 2387;       9 
29; 2587;      10 
29; 2786;       9 
29; 2986;      10 
29; 3186;      10 
29; 3386;      10 
29; 3586;      13 
29; 3786;       7 
29; 3986;      13 
29; 4185;       9 
29; 4385;      14 
29; 4585;      16 
29; 4785;      10 
29; 4985;      14 
29; 5185;      12 
29; 5385;      15 
29; 5584;      13 
29; 5784;      18 
29; 5984;      12 
29; 6184;      14 
29; 6384;       9 
29; 6584;      14 
29; 6784;      12 
29; 6983;      13 
29; 7183;      15 
29; 7383;      11 
29; 7583;       8 
29; 7783;       9 
29; 7983;      10 
29; 8183;      10 
29; 8382;      12 
29; 8582;      14 
29; 8782;      14 
29; 8982;      17 
29; 9182;      12 
29; 9382;       8 
29; 9582;      17 
29; 9781;      21 
29; 9981;      14 
30; 0181;      14 
30; 0381;      25 
30; 0581;      17 
30; 0781;      19 
30; 0980;      22 
30; 1180;      28 
30; 1380;      21 
30; 1580;      27 
30; 1780;      25 
30; 1980;      33 
30; 2180;      19 
30; 2379;      24 
30; 2579;      21 
30; 2779;      22 
30; 2979;      30 
30; 3179;      27 
30; 3379;      17 
30; 3579;      22 
30; 3778;      17 
30; 3978;      16 
30; 4178;      15 
30; 4378;      15 
30; 4578;      10 
30; 4778;      14 
30; 4978;       7 
30; 5177;      12 
30; 5377;      11 
30; 5577;      13 
30; 5777;       7 
30; 5977;       6 
30; 6177;      13 
30; 6377;       7 
30; 6576;       6 
30; 6776;       8 
30; 6976;      11 
30; 7176;      14 
30; 7376;      12 
30; 7576;       6 
30; 7776;      11 
30; 7975;      10 
30; 8175;       9 
30; 8375;       6 
30; 8575;      12 
30; 8775;       9 
30; 8975;      11 
30; 9175;      14 
30; 9374;       7 
30; 9574;      10 
30; 9774;      11 
30; 9974;       6 
31; 0174;      13 
31; 0374;       2 
31; 0573;       7 
31; 0773;       6 
31; 0973;       9 
31; 1173;      15 
31; 1373;      10 
31; 1573;      10 
31; 1773;      10 
31; 1972;       5 
31; 2172;       8 
31; 2372;      10 
31; 2572;       9 
31; 2772;      10 
31; 2972;      11 
31; 3172;       6 
31; 3371;       7 
31; 3571;       8 
31; 3771;       9 
31; 3971;      10 
31; 4171;      13 
31; 4371;       8 
31; 4571;       4 
31; 4770;       3 
31; 4970;      10 
31; 5170;       8 
31; 5370;      10 
31; 5570;      12 
31; 5770;       9 
31; 5970;       7 
31; 6169;       7 
31; 6369;      11 
31; 6569;      12 
31; 6769;       6 
31; 6969;       7 
31; 7169;       9 
31; 7369;       9 
31; 7568;       5 
31; 7768;       9 
31; 7968;       8 
31; 8168;       9 
31; 8368;       5 
31; 8568;       5 
31; 8768;       6 
31; 8967;      11 
31; 9167;       5 
31; 9367;       7 
31; 9567;       5 
31; 9767;       8 
31; 9967;       4 
32; 0166;       8 
32; 0366;      10 
32; 0566;       5 
32; 0766;       8 
32; 0966;       3 
32; 1166;      12 
32; 1366;      11 
32; 1565;       3 
32; 1765;      10 
32; 1965;       6 
32; 2165;       5 
32; 2365;       8 
32; 2565;       4 
32; 2765;       8 
32; 2964;       9 
32; 3164;       5 
32; 3364;       8 
32; 3564;       6 
32; 3764;      10 
32; 3964;       6 
32; 4164;       9 
32; 4363;       7 
32; 4563;       7 
32; 4763;       9 
32; 4963;       9 
32; 5163;       8 
32; 5363;       7 
32; 5563;       4 
32; 5762;       6 
32; 5962;       8 
32; 6162;       7 
32; 6362;      11 
32; 6562;       5 
32; 6762;       8 
32; 6962;       7 
32; 7161;      10 
32; 7361;      15 
32; 7561;      13 
32; 7761;      10 
32; 7961;       9 
32; 8161;      10 
32; 8361;       9 
32; 8560;      11 
32; 8760;      14 
32; 8960;       5 
32; 9160;      10 
32; 9360;      10 
32; 9560;       7 
32; 9759;       7 
32; 9959;      10 
33; 0159;      12 
33; 0359;       5 
33; 0559;       4 
33; 0759;       8 
33; 0959;      10 
33; 1158;       5 
33; 1358;       5 
33; 1558;       9 
33; 1758;       7 
33; 1958;       5 
33; 2158;       0 
33; 2358;       4 
33; 2557;       9 
33; 2757;       5 
33; 2957;       4 
33; 3157;       4 
33; 3357;       3 
33; 3557;       5 
33; 3757;       3 
33; 3956;       7 
33; 4156;       6 
33; 4356;       3 
33; 4556;       8 
33; 4756;       4 
33; 4956;       8 
33; 5156;       4 
33; 5355;       9 
33; 5555;       5 
33; 5755;       8 
33; 5955;       6 
33; 6155;       7 
33; 6355;       5 
33; 6555;      10 
33; 6754;       3 
33; 6954;       8 
33; 7154;       5 
33; 7354;       7 
33; 7554;       1 
33; 7754;       9 
33; 7954;       0 
33; 8153;       1 
33; 8353;       4 
33; 8553;       4 
33; 8753;       6 
33; 8953;       2 
33; 9153;       6 
33; 9353;       5 
33; 9552;       5 
33; 9752;       5 
33; 9952;       7 
34; 0152;       6 
34; 0352;       1 
34; 0552;       5 
34; 0751;       8 
34; 0951;       5 
34; 1151;       3 
34; 1351;       4 
34; 1551;       3 
34; 1751;       4 
34; 1951;       4 
34; 2150;       3 
34; 2350;       4 
34; 2550;       3 
34; 2750;       7 
34; 2950;       5 
34; 3150;       4 
34; 3350;       3 
34; 3549;       8 
34; 3749;       5 
34; 3949;       4 
34; 4149;       6 
34; 4349;       4 
34; 4549;       4 
34; 4749;       5 
34; 4948;       3 
34; 5148;       2 
34; 5348;       3 
34; 5548;       1 
34; 5748;       5 
34; 5948;       2 
34; 6148;       3 
34; 6347;       3 
34; 6547;       6 
34; 6747;       3 
34; 6947;       3 
34; 7147;       3 
34; 7347;       6 
34; 7547;       9 
34; 7746;       4 
34; 7946;       8 
34; 8146;       4 
34; 8346;       6 
34; 8546;       9 
34; 8746;       6 
34; 8946;       3 
34; 9145;       3 
34; 9345;       4 
34; 9545;       4 
34; 9745;       4 
34; 9945;       1 
35; 0145;       5 
35; 0344;       4 
35; 0544;       4 
35; 0744;       4 
35; 0944;       2 
35; 1144;       2 
35; 1344;       3 
35; 1544;       3 
35; 1743;       4 
35; 1943;       5 
35; 2143;       5 
35; 2343;       3 
35; 2543;       2 
35; 2743;       2 
35; 2943;       5 
35; 3142;       2 
35; 3342;       2 
35; 3542;       2 
35; 3742;       1 
35; 3942;       3 
35; 4142;       5 
35; 4342;       4 
35; 4541;       3 
35; 4741;       7 
35; 4941;       0 
35; 5141;       2 
35; 5341;       1 
35; 5541;       1 
35; 5741;       2 
35; 5940;       3 
35; 6140;       4 
35; 6340;       1 
35; 6540;       3 
35; 6740;       3 
35; 6940;       2 
35; 7140;       4 
35; 7339;       3 
35; 7539;       4 
35; 7739;       1 
35; 7939;       3 
35; 8139;       2 
35; 8339;       4 
35; 8539;       1 
35; 8738;       4 
35; 8938;       3 
35; 9138;       5 
35; 9338;       2 
35; 9538;       4 
35; 9738;       4 
35; 9937;       5 
36; 0137;       4 
36; 0337;       1 
36; 0537;       5 
36; 0737;       2 
36; 0937;       3 
36; 1137;       3 
36; 1336;       2 
36; 1536;       2 
36; 1736;       3 
36; 1936;       1 
36; 2136;       1 
36; 2336;       1 
36; 2536;       3 
36; 2735;       1 
36; 2935;       2 
36; 3135;       2 
36; 3335;       2 
36; 3535;       1 
36; 3735;       5 
36; 3935;       0 
36; 4134;       1 
36; 4334;       3 
36; 4534;       4 
36; 4734;       0 
36; 4934;       1 
36; 5134;       1 
36; 5334;       2 
36; 5533;       3 
36; 5733;       1 
36; 5933;       3 
36; 6133;       0 
36; 6333;       3 
36; 6533;       2 
36; 6733;       1 
36; 6932;       3 
36; 7132;       0 
36; 7332;       2 
36; 7532;       2 
36; 7732;       2 
36; 7932;       3 
36; 8132;       3 
36; 8331;       3 
36; 8531;       1 
36; 8731;       1 
36; 8931;       3 
36; 9131;       1 
36; 9331;       0 
36; 9530;       4 
36; 9730;       4 
36; 9930;       3 
37; 0130;       1 
37; 0330;       4 
37; 0530;       1 
37; 0730;       2 
37; 0929;       2 
37; 1129;       0 
37; 1329;       3 
37; 1529;       0 
37; 1729;       1 
37; 1929;       0 
37; 2129;       2 
37; 2328;       1 
37; 2528;       0 
37; 2728;       0 
37; 2928;       1 
37; 3128;       6 
37; 3328;       3 
37; 3528;       1 
37; 3727;       1 
37; 3927;       1 
37; 4127;       3 
37; 4327;       3 
37; 4527;       2 
37; 4727;       2 
37; 4927;       2 
37; 5126;       0 
37; 5326;       1 
37; 5526;       3 
37; 5726;       2 
37; 5926;       1 
37; 6126;       0 
37; 6326;       1 
37; 6525;       1 
37; 6725;       2 
37; 6925;       1 
37; 7125;       3 
37; 7325;       2 
37; 7525;       3 
37; 7725;       0 
37; 7924;       2 
37; 8124;       0 
37; 8324;       0 
37; 8524;       2 
37; 8724;       2 
37; 8924;       1 
37; 9123;       0 
37; 9323;       4 
37; 9523;       2 
37; 9723;       0 
37; 9923;       1 
38; 0123;       1 
38; 0323;       3 
38; 0522;       3 
38; 0722;       0 
38; 0922;       1 
38; 1122;       3 
38; 1322;       4 
38; 1522;       0 
38; 1722;       1 
38; 1921;       1 
38; 2121;       1 
38; 2321;       1 
38; 2521;       0 
38; 2721;       0 
38; 2921;       0 
38; 3121;       1 
38; 3320;       0 
38; 3520;       1 
38; 3720;       1 
38; 3920;       1 
38; 4120;       3 
38; 4320;       3 
38; 4520;       2 
38; 4719;       2 
38; 4919;       2 
38; 5119;       1 
38; 5319;       3 
38; 5519;       2 
38; 5719;       2 
38; 5919;       2 
38; 6118;       2 
38; 6318;       0 
38; 6518;       1 
38; 6718;       1 
38; 6918;       1 
38; 7118;       0 
38; 7318;       0 
38; 7517;       3 
38; 7717;       0 
38; 7917;       0 
38; 8117;       0 
38; 8317;       0 
38; 8517;       2 
38; 8716;       1 
38; 8916;       1 
38; 9116;       3 
38; 9316;       0 
38; 9516;       2 
38; 9716;       0 
38; 9916;       1 
39; 0115;       2 
39; 0315;       1 
39; 0515;       3 
39; 0715;       1 
39; 0915;       1 
39; 1115;       0 
39; 1315;       0 
39; 1514;       0 
39; 1714;       2 
39; 1914;       0 
39; 2114;       1 
39; 2314;       2 
39; 2514;       1 
39; 2714;       2 
39; 2913;       1 
39; 3113;       0 
39; 3313;       2 
39; 3513;       1 
39; 3713;       2 
39; 3913;       0 
39; 4113;       0 
39; 4312;       0 
39; 4512;       0 
39; 4712;       1 
39; 4912;       1 
39; 5112;       0 
39; 5312;       1 
39; 5512;       0 
39; 5711;       0 
39; 5911;       0 
39; 6111;       1 
39; 6311;       1 
39; 6511;       2 
39; 6711;       0 
39; 6911;       1 
39; 7110;       1 
39; 7310;       1 
39; 7510;       3 
39; 7710;       1 
39; 7910;       1 
39; 8110;       0 
39; 8310;       1 
39; 8509;       1 
39; 8709;       1 
39; 8909;       1 
39; 9109;       1 
39; 9309;       1 
39; 9509;       0 
39; 9708;       2 
39; 9908;       2 
40; 0108;       0 
40; 0308;       1 
40; 0508;       0 
40; 0708;       2 
40; 0908;       1 
40; 1107;       1 
40; 1307;       1 
40; 1507;       1 
40; 1707;       0 
40; 1907;       1 
40; 2107;       1 
40; 2307;       0 
40; 2506;       1 
40; 2706;       0 
40; 2906;       1 
40; 3106;       2 
40; 3306;       3 
40; 3506;       1 
40; 3706;       0 
40; 3905;       0 
40; 4105;       0 
40; 4305;       1 
40; 4505;       0 
40; 4705;       0 
40; 4905;       1 
40; 5105;       1 
40; 5304;       0 
40; 5504;       1 
40; 5704;       1 
40; 5904;       0 
40; 6104;       1 
40; 6304;       0 
40; 6504;       1 
40; 6703;       0 
40; 6903;       0 
40; 7103;       0 
40; 7303;       2 
40; 7503;       1 
40; 7703;       1 
40; 7903;       0 
40; 8102;       1 
40; 8302;       1 
40; 8502;       1 
40; 8702;       1 
40; 8902;       1 
40; 9102;       1 
