0; 0000;     255 
0; 0200;     212 
0; 0400;     179 
0; 0600;     109 
0; 0800;      55 
0; 1000;      37 
0; 1200;      19 
0; 1400;       8 
0; 1600;       1 
0; 1800;       2 
0; 2000;       1 
0; 2200;       1 
0; 2400;       0 
0; 2600;       0 
0; 2800;       1 
0; 3000;       1 
0; 3200;       0 
0; 3400;       0 
0; 3600;       0 
0; 3800;       0 
0; 4000;       0 
0; 4200;       0 
0; 4400;       0 
0; 4600;       0 
0; 4800;       0 
0; 5000;       1 
0; 5200;       0 
0; 5400;       4 
0; 5600;      12 
0; 5800;      25 
0; 6000;      72 
0; 6200;     108 
0; 6400;     167 
0; 6600;     228 
0; 6800;     220 
0; 7000;     243 
0; 7200;     190 
0; 7400;     220 
0; 7600;     201 
0; 7800;     194 
0; 8000;     219 
0; 8200;     218 
0; 8400;     198 
0; 8600;     181 
0; 8800;     196 
0; 9000;     192 
0; 9200;     201 
0; 9400;     195 
0; 9600;     181 
0; 9800;     186 
1; 0001;     202 
1; 0201;     215 
1; 0401;     176 
1; 0601;     164 
1; 0801;     169 
1; 1001;     181 
1; 1201;     155 
1; 1401;     177 
1; 1601;     164 
1; 1801;     169 
1; 2001;     163 
1; 2201;     163 
1; 2401;     162 
1; 2601;     154 
1; 2801;     158 
1; 3001;     148 
1; 3201;     158 
1; 3401;     137 
1; 3601;     174 
1; 3801;     154 
1; 4001;     150 
1; 4201;     147 
1; 4401;     148 
1; 4601;     147 
1; 4801;     178 
1; 5001;     176 
1; 5201;     147 
1; 5401;     146 
1; 5601;     142 
1; 5801;     153 
1; 6001;     153 
1; 6201;     173 
1; 6401;     176 
1; 6601;     180 
1; 6801;     172 
1; 7001;     180 
1; 7201;     169 
1; 7401;     168 
1; 7601;     189 
1; 7801;     182 
1; 8001;     176 
1; 8201;     166 
1; 8401;     162 
1; 8601;     172 
1; 8801;     157 
1; 9001;     143 
1; 9201;     155 
1; 9401;     159 
1; 9601;     162 
1; 9801;     188 
2; 0001;     168 
2; 0201;     171 
2; 0401;     173 
2; 0601;     161 
2; 0801;     167 
2; 1001;     170 
2; 1201;     159 
2; 1401;     174 
2; 1601;     183 
2; 1801;     164 
2; 2001;     205 
2; 2201;     199 
2; 2401;     177 
2; 2601;     228 
2; 2801;     211 
2; 3001;     244 
2; 3201;     228 
2; 3401;     241 
2; 3601;     243 
2; 3801;     223 
2; 4001;     242 
2; 4201;     235 
2; 4401;     249 
2; 4601;     215 
2; 4801;     286 
2; 5001;     280 
2; 5201;     357 
2; 5401;     380 
2; 5601;     481 
2; 5801;     629 
2; 6001;     735 
2; 6201;     824 
2; 6401;     909 
2; 6601;     903 
2; 6801;     971 
2; 7001;     933 
2; 7201;     994 
2; 7401;     886 
2; 7601;     840 
2; 7801;     759 
2; 8001;     809 
2; 8201;     787 
2; 8401;     768 
2; 8601;     795 
2; 8801;     799 
2; 9001;     779 
2; 9201;     785 
2; 9401;     754 
2; 9602;     694 
2; 9802;     728 
3; 0002;     582 
3; 0202;     504 
3; 0402;     439 
3; 0602;     383 
3; 0802;     343 
3; 1002;     297 
3; 1202;     290 
3; 1402;     259 
3; 1602;     296 
3; 1802;     257 
3; 2002;     296 
3; 2202;     280 
3; 2402;     280 
3; 2602;     274 
3; 2802;     311 
3; 3002;     308 
3; 3202;     325 
3; 3402;     360 
3; 3602;     365 
3; 3802;     323 
3; 4002;     379 
3; 4202;     349 
3; 4402;     338 
3; 4602;     374 
3; 4802;     341 
3; 5002;     344 
3; 5202;     290 
3; 5402;     376 
3; 5602;     369 
3; 5802;     472 
3; 6002;     529 
3; 6202;     636 
3; 6402;     716 
3; 6602;     770 
3; 6802;     854 
3; 7002;     849 
3; 7202;     760 
3; 7402;     637 
3; 7602;     626 
3; 7802;     517 
3; 8002;     436 
3; 8202;     360 
3; 8402;     323 
3; 8602;     305 
3; 8802;     313 
3; 9002;     302 
3; 9202;     325 
3; 9402;     308 
3; 9602;     324 
3; 9802;     323 
4; 0002;     350 
4; 0202;     329 
4; 0402;     356 
4; 0602;     309 
4; 0802;     289 
4; 1002;     287 
4; 1202;     306 
4; 1402;     304 
4; 1602;     284 
4; 1802;     263 
4; 2002;     269 
4; 2202;     279 
4; 2402;     267 
4; 2602;     257 
4; 2802;     277 
4; 3002;     266 
4; 3202;     278 
4; 3402;     269 
4; 3602;     298 
4; 3802;     317 
4; 4002;     299 
4; 4202;     356 
4; 4402;     355 
4; 4602;     336 
4; 4802;     363 
4; 5002;     366 
4; 5202;     434 
4; 5402;     400 
4; 5602;     359 
4; 5802;     399 
4; 6002;     428 
4; 6202;     386 
4; 6402;     392 
4; 6602;     379 
4; 6802;     351 
4; 7002;     353 
4; 7202;     335 
4; 7402;     374 
4; 7602;     321 
4; 7802;     347 
4; 8002;     338 
4; 8202;     349 
4; 8402;     338 
4; 8602;     368 
4; 8802;     364 
4; 9002;     365 
4; 9202;     371 
4; 9403;     395 
4; 9603;     366 
4; 9803;     373 
5; 0003;     368 
5; 0203;     382 
5; 0403;     347 
5; 0603;     347 
5; 0803;     361 
5; 1003;     342 
5; 1203;     358 
5; 1403;     362 
5; 1603;     368 
5; 1803;     361 
5; 2003;     393 
5; 2203;     375 
5; 2403;     355 
5; 2603;     389 
5; 2803;     391 
5; 3003;     402 
5; 3203;     389 
5; 3403;     406 
5; 3603;     449 
5; 3803;     430 
5; 4003;     417 
5; 4203;     442 
5; 4403;     437 
5; 4603;     461 
5; 4803;     451 
5; 5003;     460 
5; 5203;     414 
5; 5403;     428 
5; 5603;     466 
5; 5803;     389 
5; 6003;     458 
5; 6203;     468 
5; 6403;     448 
5; 6603;     401 
5; 6803;     464 
5; 7003;     463 
5; 7203;     438 
5; 7403;     458 
5; 7603;     449 
5; 7803;     478 
5; 8003;     525 
5; 8203;     500 
5; 8403;     505 
5; 8603;     490 
5; 8803;     505 
5; 9003;     517 
5; 9203;     551 
5; 9403;     515 
5; 9603;     504 
5; 9803;     533 
6; 0003;     501 
6; 0203;     506 
6; 0403;     573 
6; 0603;     578 
6; 0803;     571 
6; 1003;     598 
6; 1203;     648 
6; 1403;     713 
6; 1603;     825 
6; 1803;    1007 
6; 2003;    1269 
6; 2203;    1819 
6; 2403;    2657 
6; 2603;    3699 
6; 2803;    5485 
6; 3003;    7687 
6; 3203;   10106 
6; 3403;   12334 
6; 3603;   14623 
6; 3803;   16233 
6; 4003;   16973 
6; 4203;   16564 
6; 4403;   15067 
6; 4603;   12952 
6; 4803;   10357 
6; 5003;    7946 
6; 5203;    5634 
6; 5403;    3821 
6; 5603;    2639 
6; 5803;    1712 
6; 6003;    1211 
6; 6203;     964 
6; 6403;     812 
6; 6603;     750 
6; 6803;     703 
6; 7003;     692 
6; 7203;     665 
6; 7403;     687 
6; 7603;     689 
6; 7803;     742 
6; 8003;     728 
6; 8203;     741 
6; 8403;     803 
6; 8603;     923 
6; 8803;     959 
6; 9004;    1159 
6; 9204;    1317 
6; 9404;    1563 
6; 9604;    1889 
6; 9804;    2215 
7; 0004;    2441 
7; 0204;    2875 
7; 0404;    2996 
7; 0604;    3128 
7; 0804;    3119 
7; 1004;    2866 
7; 1204;    2483 
7; 1404;    2110 
7; 1604;    1847 
7; 1804;    1480 
7; 2004;    1291 
7; 2204;    1110 
7; 2404;     993 
7; 2604;     899 
7; 2804;     863 
7; 3004;     897 
7; 3204;     881 
7; 3404;     944 
7; 3604;     960 
7; 3804;     988 
7; 4004;    1189 
7; 4204;    1159 
7; 4404;    1201 
7; 4604;    1253 
7; 4804;    1281 
7; 5004;    1272 
7; 5204;    1222 
7; 5404;    1168 
7; 5604;    1178 
7; 5804;    1129 
7; 6004;    1113 
7; 6204;    1127 
7; 6404;    1127 
7; 6604;    1240 
7; 6804;    1254 
7; 7004;    1406 
7; 7204;    1432 
7; 7404;    1563 
7; 7604;    1880 
7; 7804;    2380 
7; 8004;    3407 
7; 8204;    5180 
7; 8404;    8355 
7; 8604;   13502 
7; 8804;   21960 
7; 9004;   33916 
7; 9204;   49652 
7; 9404;   70288 
7; 9604;   92598 
7; 9804;  116504 
8; 0004;  137488 
8; 0204;  153741 
8; 0404;  160980 
8; 0604;  159739 
8; 0804;  149450 
8; 1004;  131670 
8; 1204;  108803 
8; 1404;   85207 
8; 1604;   62911 
8; 1804;   43871 
8; 2004;   29233 
8; 2204;   18510 
8; 2404;   11261 
8; 2604;    6614 
8; 2804;    4247 
8; 3004;    2740 
8; 3204;    1974 
8; 3404;    1617 
8; 3604;    1404 
8; 3804;    1396 
8; 4004;    1507 
8; 4204;    1877 
8; 4404;    2452 
8; 4604;    3560 
8; 4804;    5003 
8; 5004;    6971 
8; 5204;    9747 
8; 5404;   12845 
8; 5604;   16428 
8; 5804;   19705 
8; 6004;   22591 
8; 6204;   24711 
8; 6404;   25003 
8; 6604;   24659 
8; 6804;   22926 
8; 7004;   20395 
8; 7204;   17819 
8; 7404;   15916 
8; 7604;   14404 
8; 7804;   14065 
8; 8004;   15126 
8; 8204;   16992 
8; 8404;   19412 
8; 8604;   21989 
8; 8805;   24003 
8; 9005;   25082 
8; 9205;   24914 
8; 9405;   23846 
8; 9605;   21042 
8; 9805;   18039 
9; 0005;   14520 
9; 0205;   10994 
9; 0405;    8044 
9; 0605;    5551 
9; 0805;    3542 
9; 1005;    2354 
9; 1205;    1508 
9; 1405;     962 
9; 1605;     672 
9; 1805;     504 
9; 2005;     397 
9; 2205;     374 
9; 2405;     328 
9; 2605;     308 
9; 2805;     303 
9; 3005;     308 
9; 3205;     297 
9; 3405;     278 
9; 3605;     294 
9; 3805;     356 
9; 4005;     399 
9; 4205;     493 
9; 4405;     582 
9; 4605;     661 
9; 4805;     821 
9; 5005;     985 
9; 5205;    1115 
9; 5405;    1247 
9; 5605;    1305 
9; 5805;    1287 
9; 6005;    1294 
9; 6205;    1210 
9; 6405;    1021 
9; 6605;     877 
9; 6805;     779 
9; 7005;     618 
9; 7205;     524 
9; 7405;     385 
9; 7605;     364 
9; 7805;     265 
9; 8005;     242 
9; 8205;     212 
9; 8405;     196 
9; 8605;     205 
9; 8805;     179 
9; 9005;     185 
9; 9205;     195 
9; 9405;     176 
9; 9605;     187 
9; 9805;     201 
10; 0005;     190 
10; 0205;     180 
10; 0405;     198 
10; 0605;     195 
10; 0805;     195 
10; 1005;     178 
10; 1205;     174 
10; 1405;     188 
10; 1605;     166 
10; 1805;     202 
10; 2005;     176 
10; 2205;     137 
10; 2405;     165 
10; 2605;     171 
10; 2805;     169 
10; 3005;     165 
10; 3205;     175 
10; 3405;     200 
10; 3605;     222 
10; 3805;     242 
10; 4005;     250 
10; 4205;     308 
10; 4405;     358 
10; 4605;     419 
10; 4805;     443 
10; 5005;     507 
10; 5205;     502 
10; 5405;     583 
10; 5605;     601 
10; 5805;     579 
10; 6005;     508 
10; 6205;     471 
10; 6405;     428 
10; 6605;     401 
10; 6805;     323 
10; 7005;     266 
10; 7205;     240 
10; 7405;     250 
10; 7605;     209 
10; 7805;     194 
10; 8005;     198 
10; 8205;     175 
10; 8406;     194 
10; 8606;     170 
10; 8806;     166 
10; 9006;     177 
10; 9206;     193 
10; 9406;     190 
10; 9606;     187 
10; 9806;     167 
11; 0006;     154 
11; 0206;     163 
11; 0406;     148 
11; 0606;     177 
11; 0806;     154 
11; 1006;     148 
11; 1206;     156 
11; 1406;     153 
11; 1606;     192 
11; 1806;     171 
11; 2006;     143 
11; 2206;     164 
11; 2406;     153 
11; 2606;     152 
11; 2806;     150 
11; 3006;     171 
11; 3206;     160 
11; 3406;     160 
11; 3606;     147 
11; 3806;     162 
11; 4006;     134 
11; 4206;     157 
11; 4406;     158 
11; 4606;     116 
11; 4806;     144 
11; 5006;     153 
11; 5206;     150 
11; 5406;     160 
11; 5606;     153 
11; 5806;     146 
11; 6006;     149 
11; 6206;     167 
11; 6406;     160 
11; 6606;     189 
11; 6806;     158 
11; 7006;     175 
11; 7206;     182 
11; 7406;     182 
11; 7606;     159 
11; 7806;     173 
11; 8006;     145 
11; 8206;     156 
11; 8406;     157 
11; 8606;     166 
11; 8806;     153 
11; 9006;     128 
11; 9206;     155 
11; 9406;     156 
11; 9606;     134 
11; 9806;     153 
12; 0006;     145 
12; 0206;     120 
12; 0406;     159 
12; 0606;     117 
12; 0806;     143 
12; 1006;     123 
12; 1206;     143 
12; 1406;     152 
12; 1606;     126 
12; 1806;     159 
12; 2006;     130 
12; 2206;     176 
12; 2406;     146 
12; 2606;     153 
12; 2806;     148 
12; 3006;     117 
12; 3206;     139 
12; 3406;     140 
12; 3606;     139 
12; 3806;     137 
12; 4006;     177 
12; 4206;     162 
12; 4406;     173 
12; 4606;     179 
12; 4806;     171 
12; 5006;     220 
12; 5206;     248 
12; 5406;     299 
12; 5606;     321 
12; 5806;     331 
12; 6006;     378 
12; 6206;     343 
12; 6406;     372 
12; 6606;     383 
12; 6806;     307 
12; 7006;     329 
12; 7206;     302 
12; 7406;     258 
12; 7606;     235 
12; 7806;     228 
12; 8006;     207 
12; 8207;     181 
12; 8407;     187 
12; 8607;     156 
12; 8807;     171 
12; 9007;     160 
12; 9207;     147 
12; 9407;     145 
12; 9607;     133 
12; 9807;     131 
13; 0007;     140 
13; 0207;     111 
13; 0407;     138 
13; 0607;     116 
13; 0807;     131 
13; 1007;     145 
13; 1207;     132 
13; 1407;     110 
13; 1607;     106 
13; 1807;     116 
13; 2007;     114 
13; 2207;     107 
13; 2407;     118 
13; 2607;     110 
13; 2807;     129 
13; 3007;     126 
13; 3207;     128 
13; 3407;     118 
13; 3607;     107 
13; 3807;     116 
13; 4007;     130 
13; 4207;     129 
13; 4407;     119 
13; 4607;     127 
13; 4807;     120 
13; 5007;     127 
13; 5207;     115 
13; 5407;     131 
13; 5607;     119 
13; 5807;     120 
13; 6007;     116 
13; 6207;     113 
13; 6407;     124 
13; 6607;      92 
13; 6807;     109 
13; 7007;     113 
13; 7207;     108 
13; 7407;     128 
13; 7607;     112 
13; 7807;     120 
13; 8007;     119 
13; 8207;     106 
13; 8407;     105 
13; 8607;      97 
13; 8807;     100 
13; 9007;     125 
13; 9207;     118 
13; 9407;     122 
13; 9607;     102 
13; 9807;     134 
14; 0007;      96 
14; 0207;     109 
14; 0407;     103 
14; 0607;     109 
14; 0807;      89 
14; 1007;     127 
14; 1207;      91 
14; 1407;     119 
14; 1607;     102 
14; 1807;     119 
14; 2007;     129 
14; 2207;     151 
14; 2407;     129 
14; 2607;     167 
14; 2807;     177 
14; 3007;     195 
14; 3207;     223 
14; 3407;     283 
14; 3607;     344 
14; 3807;     377 
14; 4007;     396 
14; 4207;     415 
14; 4407;     470 
14; 4607;     438 
14; 4807;     521 
14; 5007;     468 
14; 5207;     459 
14; 5407;     443 
14; 5607;     380 
14; 5807;     288 
14; 6007;     253 
14; 6207;     256 
14; 6407;     216 
14; 6607;     183 
14; 6807;     158 
14; 7007;     156 
14; 7207;     167 
14; 7407;     153 
14; 7607;     152 
14; 7808;     127 
14; 8008;     142 
14; 8208;     142 
14; 8408;     139 
14; 8608;     151 
14; 8808;     124 
14; 9008;     131 
14; 9208;     144 
14; 9408;     154 
14; 9608;     170 
14; 9808;     163 
15; 0008;     176 
15; 0208;     228 
15; 0408;     183 
15; 0608;     229 
15; 0808;     251 
15; 1008;     203 
15; 1208;     244 
15; 1408;     225 
15; 1608;     228 
15; 1808;     208 
15; 2008;     213 
15; 2208;     204 
15; 2408;     204 
15; 2608;     171 
15; 2808;     181 
15; 3008;     189 
15; 3208;     177 
15; 3408;     168 
15; 3608;     187 
15; 3808;     141 
15; 4008;     175 
15; 4208;     167 
15; 4408;     160 
15; 4608;     114 
15; 4808;     144 
15; 5008;     146 
15; 5208;     124 
15; 5408;     130 
15; 5608;     120 
15; 5808;     129 
15; 6008;     101 
15; 6208;     121 
15; 6408;     120 
15; 6608;     112 
15; 6808;     111 
15; 7008;     144 
15; 7208;     112 
15; 7408;     123 
15; 7608;     141 
15; 7808;     129 
15; 8008;     129 
15; 8208;     151 
15; 8408;     170 
15; 8608;     217 
15; 8808;     256 
15; 9008;     322 
15; 9208;     433 
15; 9408;     523 
15; 9608;     715 
15; 9808;     865 
16; 0008;    1014 
16; 0208;    1342 
16; 0408;    1604 
16; 0608;    1748 
16; 0808;    1856 
16; 1008;    1976 
16; 1208;    1995 
16; 1408;    1957 
16; 1608;    1851 
16; 1808;    1605 
16; 2008;    1506 
16; 2208;    1173 
16; 2408;     999 
16; 2608;     823 
16; 2808;     582 
16; 3008;     525 
16; 3208;     359 
16; 3408;     263 
16; 3608;     200 
16; 3808;     175 
16; 4008;     157 
16; 4208;     137 
16; 4408;     129 
16; 4608;     128 
16; 4808;     148 
16; 5008;     179 
16; 5208;     178 
16; 5408;     241 
16; 5608;     296 
16; 5808;     310 
16; 6008;     435 
16; 6208;     459 
16; 6408;     532 
16; 6608;     631 
16; 6808;     680 
16; 7008;     721 
16; 7208;     623 
16; 7408;     674 
16; 7609;     681 
16; 7809;     625 
16; 8009;     629 
16; 8209;     538 
16; 8409;     548 
16; 8609;     583 
16; 8809;     594 
16; 9009;     599 
16; 9209;     620 
16; 9409;     625 
16; 9609;     696 
16; 9809;     645 
17; 0009;     638 
17; 0209;     646 
17; 0409;     609 
17; 0609;     527 
17; 0809;     433 
17; 1009;     378 
17; 1209;     347 
17; 1409;     232 
17; 1609;     230 
17; 1809;     182 
17; 2009;     140 
17; 2209;     166 
17; 2409;     147 
17; 2609;     126 
17; 2809;     135 
17; 3009;     138 
17; 3209;     123 
17; 3409;     117 
17; 3609;     129 
17; 3809;     126 
17; 4009;      99 
17; 4209;     133 
17; 4409;     124 
17; 4609;     109 
17; 4809;     141 
17; 5009;     145 
17; 5209;     138 
17; 5409;     163 
17; 5609;     170 
17; 5809;     155 
17; 6009;     180 
17; 6209;     201 
17; 6409;     174 
17; 6609;     170 
17; 6809;     178 
17; 7009;     148 
17; 7209;     161 
17; 7409;     139 
17; 7609;     127 
17; 7809;     132 
17; 8009;     109 
17; 8209;      98 
17; 8409;     105 
17; 8609;     106 
17; 8809;      99 
17; 9009;     111 
17; 9209;     102 
17; 9409;      79 
17; 9609;      81 
17; 9809;      89 
18; 0009;      64 
18; 0209;      63 
18; 0409;      66 
18; 0609;      65 
18; 0809;      63 
18; 1009;      71 
18; 1209;      68 
18; 1409;      89 
18; 1609;      60 
18; 1809;      75 
18; 2009;      62 
18; 2209;      72 
18; 2409;      61 
18; 2609;      75 
18; 2809;      77 
18; 3009;      78 
18; 3209;      67 
18; 3409;      81 
18; 3609;      70 
18; 3809;      60 
18; 4009;      69 
18; 4209;      71 
18; 4409;      82 
18; 4609;      71 
18; 4809;      78 
18; 5009;      89 
18; 5209;      89 
18; 5409;     100 
18; 5609;      88 
18; 5809;     101 
18; 6009;     101 
18; 6209;     104 
18; 6409;     110 
18; 6609;     106 
18; 6809;     103 
18; 7009;      92 
18; 7210;      96 
18; 7410;     122 
18; 7610;      98 
18; 7810;     119 
18; 8010;     129 
18; 8210;     133 
18; 8410;     136 
18; 8610;     146 
18; 8810;     138 
18; 9010;     124 
18; 9210;     148 
18; 9410;     135 
18; 9610;     141 
18; 9810;     141 
19; 0010;     144 
19; 0210;     174 
19; 0410;     149 
19; 0610;     169 
19; 0810;     156 
19; 1010;     156 
19; 1210;     136 
19; 1410;     163 
19; 1610;     142 
19; 1810;     167 
19; 2010;     141 
19; 2210;     143 
19; 2410;     123 
19; 2610;     115 
19; 2810;     111 
19; 3010;     118 
19; 3210;     135 
19; 3410;     114 
19; 3610;     103 
19; 3810;     106 
19; 4010;     105 
19; 4210;     102 
19; 4410;     101 
19; 4610;     109 
19; 4810;      97 
19; 5010;      81 
19; 5210;      83 
19; 5410;      84 
19; 5610;      79 
19; 5810;      70 
19; 6010;      68 
19; 6210;      71 
19; 6410;      74 
19; 6610;      66 
19; 6810;      60 
19; 7010;      69 
19; 7210;      52 
19; 7410;      60 
19; 7610;      54 
19; 7810;      53 
19; 8010;      53 
19; 8210;      64 
19; 8410;      60 
19; 8610;      66 
19; 8810;      65 
19; 9010;      59 
19; 9210;      62 
19; 9410;      61 
19; 9610;      71 
19; 9810;      93 
20; 0010;     113 
20; 0210;     115 
20; 0410;     117 
20; 0610;     135 
20; 0810;     132 
20; 1010;     166 
20; 1210;     173 
20; 1410;     184 
20; 1610;     201 
20; 1810;     207 
20; 2010;     203 
20; 2210;     222 
20; 2410;     173 
20; 2610;     178 
20; 2810;     168 
20; 3010;     138 
20; 3210;     128 
20; 3410;     122 
20; 3610;     118 
20; 3810;     101 
20; 4010;      96 
20; 4210;      88 
20; 4410;      63 
20; 4610;      51 
20; 4810;      58 
20; 5010;      45 
20; 5210;      41 
20; 5410;      45 
20; 5610;      42 
20; 5810;      57 
20; 6010;      41 
20; 6210;      49 
20; 6410;      47 
20; 6610;      50 
20; 6810;      45 
20; 7011;      50 
20; 7211;      54 
20; 7411;      46 
20; 7611;      31 
20; 7811;      47 
20; 8011;      46 
20; 8211;      45 
20; 8411;      51 
20; 8611;      45 
20; 8811;      49 
20; 9011;      54 
20; 9211;      56 
20; 9411;      47 
20; 9611;      51 
20; 9811;      59 
21; 0011;      46 
21; 0211;      79 
21; 0411;      65 
21; 0611;      68 
21; 0811;      58 
21; 1011;      65 
21; 1211;      72 
21; 1411;      68 
21; 1611;      75 
21; 1811;      71 
21; 2011;      70 
21; 2211;      90 
21; 2411;      68 
21; 2611;      72 
21; 2811;      55 
21; 3011;      79 
21; 3211;      62 
21; 3411;      57 
21; 3611;      60 
21; 3811;      62 
21; 4011;      66 
21; 4211;      53 
21; 4411;      45 
21; 4611;      35 
21; 4811;      50 
21; 5011;      53 
21; 5211;      40 
21; 5411;      49 
21; 5611;      40 
21; 5811;      52 
21; 6011;      55 
21; 6211;      54 
21; 6411;      31 
21; 6611;      35 
21; 6811;      54 
21; 7011;      38 
21; 7211;      35 
21; 7411;      36 
21; 7611;      53 
21; 7811;      31 
21; 8011;      31 
21; 8211;      57 
21; 8411;      54 
21; 8611;      32 
21; 8811;      42 
21; 9011;      42 
21; 9211;      39 
21; 9411;      54 
21; 9611;      43 
21; 9811;      51 
22; 0011;      42 
22; 0211;      41 
22; 0411;      50 
22; 0611;      45 
22; 0811;      51 
22; 1011;      56 
22; 1211;      53 
22; 1411;      47 
22; 1611;      52 
22; 1811;      47 
22; 2011;      43 
22; 2211;      47 
22; 2411;      52 
22; 2611;      46 
22; 2811;      37 
22; 3011;      23 
22; 3211;      42 
22; 3411;      37 
22; 3611;      44 
22; 3811;      27 
22; 4011;      33 
22; 4211;      40 
22; 4411;      39 
22; 4611;      18 
22; 4811;      31 
22; 5011;      45 
22; 5211;      27 
22; 5411;      39 
22; 5611;      39 
22; 5811;      41 
22; 6011;      32 
22; 6211;      51 
22; 6411;      38 
22; 6611;      41 
22; 6812;      50 
22; 7012;      51 
22; 7212;      41 
22; 7412;      50 
22; 7612;      52 
22; 7812;      47 
22; 8012;      53 
22; 8212;      59 
22; 8412;      42 
22; 8612;      36 
22; 8812;      47 
22; 9012;      37 
22; 9212;      47 
22; 9412;      30 
22; 9612;      28 
22; 9812;      33 
23; 0012;      30 
23; 0212;      41 
23; 0412;      23 
23; 0612;      20 
23; 0812;      31 
23; 1012;      34 
23; 1212;      24 
23; 1412;      32 
23; 1612;      32 
23; 1812;      32 
23; 2012;      23 
23; 2212;      36 
23; 2412;      33 
23; 2612;      34 
23; 2812;      36 
23; 3012;      31 
23; 3212;      36 
23; 3412;      32 
23; 3612;      27 
23; 3812;      34 
23; 4012;      26 
23; 4212;      21 
23; 4412;      30 
23; 4612;      18 
23; 4812;      31 
23; 5012;      33 
23; 5212;      24 
23; 5412;      20 
23; 5612;      35 
23; 5812;      29 
23; 6012;      30 
23; 6212;      26 
23; 6412;      33 
23; 6612;      23 
23; 6812;      29 
23; 7012;      21 
23; 7212;      34 
23; 7412;      31 
23; 7612;      17 
23; 7812;      38 
23; 8012;      29 
23; 8212;      34 
23; 8412;      35 
23; 8612;      25 
23; 8812;      35 
23; 9012;      31 
23; 9212;      26 
23; 9412;      36 
23; 9612;      36 
23; 9812;      44 
24; 0012;      36 
24; 0212;      28 
24; 0412;      28 
24; 0612;      33 
24; 0812;      25 
24; 1012;      31 
24; 1212;      33 
24; 1412;      32 
24; 1612;      50 
24; 1812;      35 
24; 2012;      28 
24; 2212;      36 
24; 2412;      36 
24; 2612;      39 
24; 2812;      40 
24; 3012;      24 
24; 3212;      22 
24; 3412;      24 
24; 3612;      29 
24; 3812;      19 
24; 4012;      21 
24; 4212;      20 
24; 4412;      24 
24; 4612;      27 
24; 4812;      21 
24; 5012;      14 
24; 5212;      22 
24; 5412;      28 
24; 5612;      23 
24; 5812;      25 
24; 6012;      13 
24; 6212;      23 
24; 6413;      37 
24; 6613;      18 
24; 6813;      28 
24; 7013;      19 
24; 7213;      33 
24; 7413;      30 
24; 7613;      31 
24; 7813;      23 
24; 8013;      39 
24; 8213;      28 
24; 8413;      33 
24; 8613;      15 
24; 8813;      38 
24; 9013;      28 
24; 9213;      34 
24; 9413;      45 
24; 9613;      42 
24; 9813;      47 
25; 0013;      46 
25; 0213;      60 
25; 0413;      55 
25; 0613;      55 
25; 0813;      52 
25; 1013;      65 
25; 1213;      79 
25; 1413;      69 
25; 1613;      84 
25; 1813;      59 
25; 2013;      78 
25; 2213;      87 
25; 2413;      85 
25; 2613;     101 
25; 2813;      71 
25; 3013;      78 
25; 3213;      66 
25; 3413;      68 
25; 3613;      66 
25; 3813;      82 
25; 4013;      65 
25; 4213;      60 
25; 4413;      55 
25; 4613;      41 
25; 4813;      46 
25; 5013;      42 
25; 5213;      25 
25; 5413;      37 
25; 5613;      27 
25; 5813;      21 
25; 6013;      24 
25; 6213;      22 
25; 6413;      26 
25; 6613;      32 
25; 6813;      21 
25; 7013;      21 
25; 7213;      13 
25; 7413;      28 
25; 7613;      16 
25; 7813;      17 
25; 8013;      18 
25; 8213;      19 
25; 8413;      16 
25; 8613;      17 
25; 8813;      16 
25; 9013;      12 
25; 9213;      14 
25; 9413;      22 
25; 9613;      14 
25; 9813;      24 
26; 0013;      33 
26; 0213;      20 
26; 0413;      23 
26; 0613;      15 
26; 0813;      24 
26; 1013;      20 
26; 1213;      21 
26; 1413;      17 
26; 1613;      15 
26; 1813;      18 
26; 2013;      22 
26; 2213;      27 
26; 2413;      23 
26; 2613;      20 
26; 2813;      18 
26; 3013;      28 
26; 3213;      20 
26; 3413;      18 
26; 3613;      16 
26; 3813;      32 
26; 4013;      20 
26; 4213;      17 
26; 4413;      28 
26; 4613;      16 
26; 4813;      23 
26; 5013;      13 
26; 5213;      18 
26; 5413;      14 
26; 5613;      21 
26; 5813;      17 
26; 6013;      18 
26; 6214;      22 
26; 6414;      21 
26; 6614;      17 
26; 6814;      14 
26; 7014;      11 
26; 7214;      13 
26; 7414;      17 
26; 7614;      21 
26; 7814;      20 
26; 8014;      13 
26; 8214;      13 
26; 8414;      19 
26; 8614;      19 
26; 8814;      19 
26; 9014;      12 
26; 9214;      19 
26; 9414;      20 
26; 9614;      16 
26; 9814;      17 
27; 0014;      14 
27; 0214;      15 
27; 0414;      20 
27; 0614;      14 
27; 0814;      21 
27; 1014;      11 
27; 1214;      15 
27; 1414;      18 
27; 1614;      18 
27; 1814;      17 
27; 2014;      14 
27; 2214;      19 
27; 2414;      17 
27; 2614;      16 
27; 2814;      12 
27; 3014;      16 
27; 3214;      10 
27; 3414;      17 
27; 3614;      23 
27; 3814;      20 
27; 4014;      12 
27; 4214;      12 
27; 4414;      21 
27; 4614;      10 
27; 4814;      12 
27; 5014;       6 
27; 5214;      17 
27; 5414;      18 
27; 5614;      11 
27; 5814;       7 
27; 6014;      12 
27; 6214;      17 
27; 6414;       9 
27; 6614;      11 
27; 6814;       9 
27; 7014;      13 
27; 7214;      12 
27; 7414;      15 
27; 7614;      12 
27; 7814;      11 
27; 8014;      16 
27; 8214;      20 
27; 8414;      16 
27; 8614;      11 
27; 8814;      12 
27; 9014;       7 
27; 9214;      17 
27; 9414;      11 
27; 9614;      18 
27; 9814;      11 
28; 0014;      16 
28; 0214;      10 
28; 0414;      13 
28; 0614;      22 
28; 0814;      13 
28; 1014;      16 
28; 1214;      10 
28; 1414;      20 
28; 1614;      17 
28; 1814;      19 
28; 2014;      21 
28; 2214;      14 
28; 2414;      13 
28; 2614;      21 
28; 2814;      14 
28; 3014;      16 
28; 3214;      14 
28; 3414;      21 
28; 3614;      25 
28; 3814;      26 
28; 4014;      22 
28; 4214;      13 
28; 4414;      17 
28; 4614;      19 
28; 4814;      27 
28; 5014;      11 
28; 5214;      28 
28; 5414;      21 
28; 5614;      25 
28; 5815;      14 
28; 6015;      18 
28; 6215;      19 
28; 6415;      19 
28; 6615;       9 
28; 6815;      23 
28; 7015;      23 
28; 7215;      15 
28; 7415;      11 
28; 7615;       9 
28; 7815;      15 
28; 8015;      18 
28; 8215;      10 
28; 8415;       9 
28; 8615;      12 
28; 8815;      11 
28; 9015;      18 
28; 9215;       8 
28; 9415;      15 
28; 9615;      12 
28; 9815;      13 
29; 0015;      11 
29; 0215;       7 
29; 0415;      13 
29; 0615;      19 
29; 0815;      15 
29; 1015;      18 
29; 1215;      14 
29; 1415;      13 
29; 1615;       9 
29; 1815;      10 
29; 2015;      14 
29; 2215;       9 
29; 2415;      17 
29; 2615;       8 
29; 2815;       7 
29; 3015;       7 
29; 3215;      11 
29; 3415;      12 
29; 3615;       8 
29; 3815;      11 
29; 4015;      11 
29; 4215;      12 
29; 4415;      12 
29; 4615;       9 
29; 4815;      10 
29; 5015;       6 
29; 5215;       4 
29; 5415;      11 
29; 5615;      15 
29; 5815;       9 
29; 6015;      12 
29; 6215;       7 
29; 6415;       8 
29; 6615;       8 
29; 6815;      10 
29; 7015;      13 
29; 7215;       9 
29; 7415;      13 
29; 7615;       6 
29; 7815;      17 
29; 8015;       7 
29; 8215;       7 
29; 8415;      12 
29; 8615;      10 
29; 8815;       5 
29; 9015;      10 
29; 9215;      11 
29; 9415;      12 
29; 9615;       9 
29; 9815;      12 
30; 0015;      11 
30; 0215;       6 
30; 0415;       9 
30; 0615;      10 
30; 0815;       7 
30; 1015;       5 
30; 1215;      14 
30; 1415;       8 
30; 1615;       9 
30; 1815;      13 
30; 2015;      13 
30; 2215;       3 
30; 2415;       8 
30; 2615;      12 
30; 2815;       7 
30; 3015;      12 
30; 3215;      10 
30; 3415;      10 
30; 3615;       7 
30; 3815;       8 
30; 4015;      13 
30; 4215;      12 
30; 4415;       3 
30; 4615;      11 
30; 4815;      10 
30; 5015;       7 
30; 5215;       5 
30; 5415;       3 
30; 5616;      13 
30; 5816;      10 
30; 6016;       4 
30; 6216;       7 
30; 6416;       6 
30; 6616;       8 
30; 6816;       6 
30; 7016;      13 
30; 7216;       9 
30; 7416;       9 
30; 7616;       7 
30; 7816;       7 
30; 8016;       8 
30; 8216;       8 
30; 8416;       6 
30; 8616;      10 
30; 8816;       8 
30; 9016;       2 
30; 9216;       6 
30; 9416;       5 
30; 9616;       5 
30; 9816;       6 
31; 0016;       4 
31; 0216;       9 
31; 0416;       6 
31; 0616;       6 
31; 0816;       7 
31; 1016;       4 
31; 1216;       6 
31; 1416;       2 
31; 1616;       6 
31; 1816;       5 
31; 2016;       6 
31; 2216;      10 
31; 2416;       6 
31; 2616;      11 
31; 2816;       5 
31; 3016;       6 
31; 3216;       6 
31; 3416;       7 
31; 3616;       8 
31; 3816;       3 
31; 4016;      11 
31; 4216;       8 
31; 4416;       5 
31; 4616;       8 
31; 4816;       7 
31; 5016;       5 
31; 5216;       3 
31; 5416;       9 
31; 5616;       7 
31; 5816;       2 
31; 6016;       0 
31; 6216;       2 
31; 6416;       9 
31; 6616;       8 
31; 6816;       3 
31; 7016;       3 
31; 7216;       4 
31; 7416;       4 
31; 7616;       7 
31; 7816;       8 
31; 8016;       6 
31; 8216;       6 
31; 8416;       1 
31; 8616;      13 
31; 8816;       3 
31; 9016;       4 
31; 9216;       5 
31; 9416;       6 
31; 9616;      11 
31; 9816;       9 
32; 0016;       5 
32; 0216;       3 
32; 0416;       5 
32; 0616;       4 
32; 0816;       0 
32; 1016;       5 
32; 1216;       9 
32; 1416;       8 
32; 1616;       7 
32; 1816;       4 
32; 2016;       5 
32; 2216;       4 
32; 2416;       4 
32; 2616;       9 
32; 2816;       5 
32; 3016;       2 
32; 3216;       4 
32; 3416;       4 
32; 3616;       5 
32; 3816;       5 
32; 4016;       7 
32; 4216;       9 
32; 4416;       3 
32; 4616;       6 
32; 4816;       5 
32; 5016;       7 
32; 5217;       6 
32; 5417;       5 
32; 5617;       7 
32; 5817;       6 
32; 6017;       2 
32; 6217;       4 
32; 6417;       8 
32; 6617;       4 
32; 6817;       5 
32; 7017;       4 
32; 7217;       5 
32; 7417;       4 
32; 7617;       3 
32; 7817;       4 
32; 8017;       2 
32; 8217;       3 
32; 8417;       5 
32; 8617;       2 
32; 8817;       4 
32; 9017;       5 
32; 9217;       5 
32; 9417;       2 
32; 9617;       5 
32; 9817;       6 
33; 0017;       3 
33; 0217;       1 
33; 0417;       6 
33; 0617;       5 
33; 0817;       3 
33; 1017;       9 
33; 1217;       4 
33; 1417;       3 
33; 1617;       3 
33; 1817;       6 
33; 2017;       3 
33; 2217;       2 
33; 2417;       6 
33; 2617;       9 
33; 2817;       5 
33; 3017;       5 
33; 3217;       4 
33; 3417;       9 
33; 3617;       5 
33; 3817;       1 
33; 4017;       6 
33; 4217;       3 
33; 4417;       2 
33; 4617;       4 
33; 4817;       6 
33; 5017;       3 
33; 5217;       5 
33; 5417;       6 
33; 5617;       0 
33; 5817;       4 
33; 6017;       3 
33; 6217;       2 
33; 6417;       5 
33; 6617;       5 
33; 6817;       2 
33; 7017;       5 
33; 7217;       6 
33; 7417;       3 
33; 7617;       6 
33; 7817;       3 
33; 8017;       5 
33; 8217;       2 
33; 8417;       1 
33; 8617;       4 
33; 8817;       2 
33; 9017;       3 
33; 9217;       2 
33; 9417;       3 
33; 9617;       1 
33; 9817;       3 
34; 0017;       2 
34; 0217;       1 
34; 0417;       3 
34; 0617;       1 
34; 0817;       4 
34; 1017;       1 
34; 1217;       2 
34; 1417;       3 
34; 1617;       8 
34; 1817;       4 
34; 2017;       1 
34; 2217;       1 
34; 2417;       3 
34; 2617;       4 
34; 2817;       4 
34; 3017;       1 
34; 3217;       3 
34; 3417;       7 
34; 3617;       4 
34; 3817;       6 
34; 4017;       3 
34; 4217;       2 
34; 4417;       2 
34; 4617;       3 
34; 4817;       4 
34; 5018;       1 
34; 5218;       3 
34; 5418;       1 
34; 5618;       4 
34; 5818;       0 
34; 6018;       2 
34; 6218;       3 
34; 6418;       3 
34; 6618;       2 
34; 6818;       2 
34; 7018;       4 
34; 7218;       2 
34; 7418;       4 
34; 7618;       0 
34; 7818;       5 
34; 8018;       2 
34; 8218;       2 
34; 8418;       2 
34; 8618;       2 
34; 8818;       3 
34; 9018;       3 
34; 9218;       0 
34; 9418;       1 
34; 9618;       0 
34; 9818;       2 
35; 0018;       1 
35; 0218;       0 
35; 0418;       3 
35; 0618;       0 
35; 0818;       1 
35; 1018;       3 
35; 1218;       1 
35; 1418;       0 
35; 1618;       2 
35; 1818;       1 
35; 2018;       5 
35; 2218;       1 
35; 2418;       2 
35; 2618;       1 
35; 2818;       1 
35; 3018;       2 
35; 3218;       2 
35; 3418;       1 
35; 3618;       2 
35; 3818;       2 
35; 4018;       0 
35; 4218;       3 
35; 4418;       2 
35; 4618;       1 
35; 4818;       0 
35; 5018;       1 
35; 5218;       3 
35; 5418;       2 
35; 5618;       1 
35; 5818;       3 
35; 6018;       1 
35; 6218;       2 
35; 6418;       1 
35; 6618;       0 
35; 6818;       2 
35; 7018;       1 
35; 7218;       2 
35; 7418;       3 
35; 7618;       2 
35; 7818;       2 
35; 8018;       0 
35; 8218;       2 
35; 8418;       2 
35; 8618;       0 
35; 8818;       2 
35; 9018;       0 
35; 9218;       1 
35; 9418;       2 
35; 9618;       4 
35; 9818;       1 
36; 0018;       0 
36; 0218;       1 
36; 0418;       2 
36; 0618;       1 
36; 0818;       1 
36; 1018;       0 
36; 1218;       1 
36; 1418;       0 
36; 1618;       1 
36; 1818;       1 
36; 2018;       2 
36; 2218;       0 
36; 2418;       0 
36; 2618;       1 
36; 2818;       1 
36; 3018;       1 
36; 3218;       1 
36; 3418;       3 
36; 3618;       1 
36; 3818;       1 
36; 4018;       0 
36; 4218;       1 
36; 4418;       1 
36; 4619;       0 
36; 4819;       0 
36; 5019;       5 
36; 5219;       1 
36; 5419;       1 
36; 5619;       1 
36; 5819;       0 
36; 6019;       1 
36; 6219;       1 
36; 6419;       3 
36; 6619;       0 
36; 6819;       0 
36; 7019;       2 
36; 7219;       0 
36; 7419;       1 
36; 7619;       0 
36; 7819;       0 
36; 8019;       0 
36; 8219;       0 
36; 8419;       1 
36; 8619;       2 
36; 8819;       0 
36; 9019;       1 
36; 9219;       0 
36; 9419;       0 
36; 9619;       2 
36; 9819;       1 
37; 0019;       2 
37; 0219;       0 
37; 0419;       3 
37; 0619;       1 
37; 0819;       0 
37; 1019;       0 
37; 1219;       1 
37; 1419;       0 
37; 1619;       0 
37; 1819;       1 
37; 2019;       1 
37; 2219;       1 
37; 2419;       0 
37; 2619;       0 
37; 2819;       0 
37; 3019;       0 
37; 3219;       0 
37; 3419;       1 
37; 3619;       1 
37; 3819;       4 
37; 4019;       0 
37; 4219;       1 
37; 4419;       2 
37; 4619;       2 
37; 4819;       1 
37; 5019;       0 
37; 5219;       2 
37; 5419;       3 
37; 5619;       1 
37; 5819;       1 
37; 6019;       0 
37; 6219;       0 
37; 6419;       0 
37; 6619;       1 
37; 6819;       0 
37; 7019;       0 
37; 7219;       1 
37; 7419;       0 
37; 7619;       0 
37; 7819;       1 
37; 8019;       0 
37; 8219;       1 
37; 8419;       1 
37; 8619;       1 
37; 8819;       0 
37; 9019;       0 
37; 9219;       0 
37; 9419;       0 
37; 9619;       0 
37; 9819;       0 
38; 0019;       0 
38; 0219;       2 
38; 0419;       1 
38; 0619;       1 
38; 0819;       0 
38; 1019;       1 
38; 1219;       0 
38; 1419;       0 
38; 1619;       0 
38; 1819;       0 
38; 2019;       2 
38; 2219;       0 
38; 2419;       1 
38; 2619;       1 
38; 2819;       0 
38; 3019;       0 
38; 3219;       1 
38; 3419;       1 
38; 3619;       0 
38; 3819;       0 
38; 4019;       1 
38; 4219;       1 
38; 4420;       1 
38; 4620;       0 
38; 4820;       1 
38; 5020;       0 
38; 5220;       0 
38; 5420;       1 
38; 5620;       1 
38; 5820;       0 
38; 6020;       0 
38; 6220;       0 
38; 6420;       1 
38; 6620;       1 
38; 6820;       0 
38; 7020;       0 
38; 7220;       0 
38; 7420;       1 
38; 7620;       0 
38; 7820;       1 
38; 8020;       0 
38; 8220;       1 
38; 8420;       0 
38; 8620;       1 
38; 8820;       0 
38; 9020;       0 
38; 9220;       0 
38; 9420;       0 
38; 9620;       0 
38; 9820;       0 
39; 0020;       2 
39; 0220;       1 
39; 0420;       2 
39; 0620;       0 
39; 0820;       0 
39; 1020;       0 
39; 1220;       2 
39; 1420;       0 
39; 1620;       0 
39; 1820;       1 
39; 2020;       0 
39; 2220;       1 
39; 2420;       1 
39; 2620;       0 
39; 2820;       0 
39; 3020;       1 
39; 3220;       0 
39; 3420;       2 
39; 3620;       2 
39; 3820;       0 
39; 4020;       2 
39; 4220;       0 
39; 4420;       0 
39; 4620;       1 
39; 4820;       0 
39; 5020;       0 
39; 5220;       1 
39; 5420;       0 
39; 5620;       1 
39; 5820;       0 
39; 6020;       1 
39; 6220;       0 
39; 6420;       0 
39; 6620;       0 
39; 6820;       0 
39; 7020;       0 
39; 7220;       0 
39; 7420;       0 
39; 7620;       1 
39; 7820;       1 
39; 8020;       0 
39; 8220;       0 
39; 8420;       0 
39; 8620;       0 
39; 8820;       0 
39; 9020;       0 
39; 9220;       0 
39; 9420;       0 
39; 9620;       1 
39; 9820;       0 
40; 0020;       0 
40; 0220;       0 
40; 0420;       0 
40; 0620;       0 
40; 0820;       0 
40; 1020;       0 
40; 1220;       0 
40; 1420;       0 
40; 1620;       0 
40; 1820;       0 
40; 2020;       1 
40; 2220;       0 
40; 2420;       0 
40; 2620;       0 
40; 2820;       0 
40; 3020;       0 
40; 3220;       0 
40; 3420;       0 
40; 3620;       0 
40; 3820;       0 
40; 4021;       0 
40; 4221;       0 
40; 4421;       0 
40; 4621;       0 
40; 4821;       0 
40; 5021;       0 
40; 5221;       0 
40; 5421;       0 
40; 5621;       0 
40; 5821;       1 
40; 6021;       0 
40; 6221;       1 
40; 6421;       0 
40; 6621;       0 
40; 6821;       0 
40; 7021;       0 
40; 7221;       0 
40; 7421;       0 
40; 7621;       0 
40; 7821;       0 
40; 8021;       0 
40; 8221;       0 
40; 8421;       0 
40; 8621;       0 
40; 8821;       0 
40; 9021;       0 
40; 9221;       2 
40; 9421;       0 
