0; 0000;     230 
0; 0200;     198 
0; 0400;     159 
0; 0600;      98 
0; 0800;      53 
0; 0999;      25 
0; 1199;      13 
0; 1399;       6 
0; 1599;       3 
0; 1799;       0 
0; 1999;       2 
0; 2199;       1 
0; 2399;       1 
0; 2598;       0 
0; 2798;       0 
0; 2998;       0 
0; 3198;       0 
0; 3398;       0 
0; 3598;       1 
0; 3798;       0 
0; 3998;       1 
0; 4198;       0 
0; 4397;       0 
0; 4597;       0 
0; 4797;       0 
0; 4997;       1 
0; 5197;       2 
0; 5397;       3 
0; 5597;       7 
0; 5797;      26 
0; 5996;      79 
0; 6196;     147 
0; 6396;     193 
0; 6596;     188 
0; 6796;     213 
0; 6996;     237 
0; 7196;     226 
0; 7396;     205 
0; 7596;     232 
0; 7795;     189 
0; 7995;     211 
0; 8195;     208 
0; 8395;     232 
0; 8595;     198 
0; 8795;     204 
0; 8995;     195 
0; 9195;     181 
0; 9394;     191 
0; 9594;     164 
0; 9794;     183 
0; 9994;     172 
1; 0194;     184 
1; 0394;     180 
1; 0594;     185 
1; 0794;     170 
1; 0994;     166 
1; 1193;     185 
1; 1393;     170 
1; 1593;     170 
1; 1793;     155 
1; 1993;     145 
1; 2193;     173 
1; 2393;     190 
1; 2593;     168 
1; 2792;     137 
1; 2992;     137 
1; 3192;     165 
1; 3392;     124 
1; 3592;     178 
1; 3792;     139 
1; 3992;     165 
1; 4192;     156 
1; 4392;     165 
1; 4591;     156 
1; 4791;     153 
1; 4991;     150 
1; 5191;     150 
1; 5391;     156 
1; 5591;     174 
1; 5791;     143 
1; 5991;     146 
1; 6190;     153 
1; 6390;     150 
1; 6590;     156 
1; 6790;     145 
1; 6990;     159 
1; 7190;     161 
1; 7390;     168 
1; 7590;     146 
1; 7790;     150 
1; 7989;     158 
1; 8189;     163 
1; 8389;     163 
1; 8589;     150 
1; 8789;     143 
1; 8989;     149 
1; 9189;     170 
1; 9389;     144 
1; 9588;     171 
1; 9788;     146 
1; 9988;     176 
2; 0188;     166 
2; 0388;     153 
2; 0588;     149 
2; 0788;     139 
2; 0988;     159 
2; 1188;     160 
2; 1387;     150 
2; 1587;     179 
2; 1787;     182 
2; 1987;     189 
2; 2187;     197 
2; 2387;     191 
2; 2587;     214 
2; 2787;     222 
2; 2986;     210 
2; 3186;     278 
2; 3386;     217 
2; 3586;     234 
2; 3786;     218 
2; 3986;     220 
2; 4186;     203 
2; 4386;     206 
2; 4586;     255 
2; 4785;     217 
2; 4985;     229 
2; 5185;     286 
2; 5385;     308 
2; 5585;     374 
2; 5785;     499 
2; 5985;     561 
2; 6185;     663 
2; 6384;     736 
2; 6584;     794 
2; 6784;     872 
2; 6984;     877 
2; 7184;     833 
2; 7384;     805 
2; 7584;     755 
2; 7784;     810 
2; 7984;     814 
2; 8183;     759 
2; 8383;     733 
2; 8583;     844 
2; 8783;     761 
2; 8983;     747 
2; 9183;     773 
2; 9383;     740 
2; 9583;     700 
2; 9782;     620 
2; 9982;     642 
3; 0182;     489 
3; 0382;     440 
3; 0582;     392 
3; 0782;     354 
3; 0982;     314 
3; 1182;     287 
3; 1382;     296 
3; 1581;     283 
3; 1781;     255 
3; 1981;     286 
3; 2181;     268 
3; 2381;     306 
3; 2581;     292 
3; 2781;     317 
3; 2981;     274 
3; 3180;     253 
3; 3380;     320 
3; 3580;     270 
3; 3780;     296 
3; 3980;     281 
3; 4180;     234 
3; 4380;     256 
3; 4580;     250 
3; 4779;     243 
3; 4979;     262 
3; 5179;     256 
3; 5379;     269 
3; 5579;     312 
3; 5779;     383 
3; 5979;     467 
3; 6179;     524 
3; 6379;     567 
3; 6578;     688 
3; 6778;     725 
3; 6978;     630 
3; 7178;     643 
3; 7378;     602 
3; 7578;     505 
3; 7778;     457 
3; 7978;     324 
3; 8177;     288 
3; 8377;     309 
3; 8577;     281 
3; 8777;     239 
3; 8977;     269 
3; 9177;     299 
3; 9377;     288 
3; 9577;     277 
3; 9777;     301 
3; 9976;     345 
4; 0176;     302 
4; 0376;     289 
4; 0576;     309 
4; 0776;     267 
4; 0976;     328 
4; 1176;     288 
4; 1376;     281 
4; 1575;     252 
4; 1775;     239 
4; 1975;     254 
4; 2175;     259 
4; 2375;     276 
4; 2575;     234 
4; 2775;     261 
4; 2975;     234 
4; 3175;     271 
4; 3374;     285 
4; 3574;     276 
4; 3774;     295 
4; 3974;     291 
4; 4174;     320 
4; 4374;     376 
4; 4574;     329 
4; 4774;     366 
4; 4973;     384 
4; 5173;     381 
4; 5373;     352 
4; 5573;     339 
4; 5773;     354 
4; 5973;     327 
4; 6173;     323 
4; 6373;     335 
4; 6573;     306 
4; 6772;     356 
4; 6972;     294 
4; 7172;     346 
4; 7372;     313 
4; 7572;     317 
4; 7772;     304 
4; 7972;     299 
4; 8172;     327 
4; 8371;     306 
4; 8571;     336 
4; 8771;     312 
4; 8971;     347 
4; 9171;     319 
4; 9371;     335 
4; 9571;     338 
4; 9771;     353 
4; 9971;     310 
5; 0170;     317 
5; 0370;     295 
5; 0570;     339 
5; 0770;     339 
5; 0970;     350 
5; 1170;     327 
5; 1370;     318 
5; 1570;     321 
5; 1769;     363 
5; 1969;     349 
5; 2169;     365 
5; 2369;     360 
5; 2569;     350 
5; 2769;     382 
5; 2969;     407 
5; 3169;     397 
5; 3369;     398 
5; 3568;     379 
5; 3768;     394 
5; 3968;     358 
5; 4168;     422 
5; 4368;     411 
5; 4568;     398 
5; 4768;     428 
5; 4968;     405 
5; 5167;     397 
5; 5367;     432 
5; 5567;     440 
5; 5767;     405 
5; 5967;     447 
5; 6167;     421 
5; 6367;     415 
5; 6567;     452 
5; 6767;     458 
5; 6966;     449 
5; 7166;     454 
5; 7366;     436 
5; 7566;     422 
5; 7766;     478 
5; 7966;     495 
5; 8166;     474 
5; 8366;     509 
5; 8565;     463 
5; 8765;     475 
5; 8965;     437 
5; 9165;     476 
5; 9365;     464 
5; 9565;     505 
5; 9765;     477 
5; 9965;     515 
6; 0165;     480 
6; 0364;     456 
6; 0564;     517 
6; 0764;     461 
6; 0964;     516 
6; 1164;     548 
6; 1364;     554 
6; 1564;     642 
6; 1764;     712 
6; 1963;     772 
6; 2163;     956 
6; 2363;    1045 
6; 2563;    1262 
6; 2763;    1358 
6; 2963;    1677 
6; 3163;    1903 
6; 3363;    2036 
6; 3563;    2295 
6; 3762;    2401 
6; 3962;    2530 
6; 4162;    2365 
6; 4362;    2218 
6; 4562;    1954 
6; 4762;    1742 
6; 4962;    1429 
6; 5162;    1151 
6; 5361;     975 
6; 5561;     852 
6; 5761;     785 
6; 5961;     730 
6; 6161;     699 
6; 6361;     663 
6; 6561;     658 
6; 6761;     669 
6; 6961;     668 
6; 7160;     672 
6; 7360;     729 
6; 7560;     725 
6; 7760;     682 
6; 7960;     733 
6; 8160;     757 
6; 8360;     733 
6; 8560;     756 
6; 8759;     800 
6; 8959;     878 
6; 9159;     830 
6; 9359;     826 
6; 9559;     909 
6; 9759;     934 
6; 9959;     913 
7; 0159;    1038 
7; 0359;     963 
7; 0558;    1069 
7; 0758;     970 
7; 0958;    1040 
7; 1158;     973 
7; 1358;     981 
7; 1558;     916 
7; 1758;     890 
7; 1958;     902 
7; 2157;     867 
7; 2357;     875 
7; 2557;     879 
7; 2757;     902 
7; 2957;     888 
7; 3157;     974 
7; 3357;    1020 
7; 3557;    1042 
7; 3757;    1090 
7; 3956;    1106 
7; 4156;    1226 
7; 4356;    1343 
7; 4556;    1279 
7; 4756;    1343 
7; 4956;    1380 
7; 5156;    1328 
7; 5356;    1354 
7; 5555;    1286 
7; 5755;    1313 
7; 5955;    1212 
7; 6155;    1256 
7; 6355;    1346 
7; 6555;    1343 
7; 6755;    1394 
7; 6955;    1614 
7; 7155;    1671 
7; 7354;    1925 
7; 7554;    2171 
7; 7754;    2985 
7; 7954;    4023 
7; 8154;    6322 
7; 8354;   10266 
7; 8554;   16514 
7; 8754;   26289 
7; 8953;   40920 
7; 9153;   61077 
7; 9353;   85308 
7; 9553;  115157 
7; 9753;  145678 
7; 9953;  172566 
8; 0153;  194210 
8; 0353;  207574 
8; 0553;  206752 
8; 0752;  195707 
8; 0952;  174343 
8; 1152;  147389 
8; 1352;  117081 
8; 1552;   87805 
8; 1752;   62050 
8; 1952;   42206 
8; 2152;   26631 
8; 2351;   16594 
8; 2551;   10066 
8; 2751;    5975 
8; 2951;    3774 
8; 3151;    2613 
8; 3351;    1894 
8; 3551;    1511 
8; 3751;    1275 
8; 3951;    1159 
8; 4150;    1094 
8; 4350;    1087 
8; 4550;    1046 
8; 4750;    1037 
8; 4950;    1068 
8; 5150;    1100 
8; 5350;    1152 
8; 5550;    1185 
8; 5749;    1202 
8; 5949;    1338 
8; 6149;    1430 
8; 6349;    1650 
8; 6549;    1839 
8; 6749;    2165 
8; 6949;    2809 
8; 7149;    3699 
8; 7349;    5036 
8; 7548;    7284 
8; 7748;    9956 
8; 7948;   13628 
8; 8148;   17322 
8; 8348;   21687 
8; 8548;   25855 
8; 8748;   28606 
8; 8948;   31054 
8; 9147;   31350 
8; 9347;   29939 
8; 9547;   27218 
8; 9747;   23539 
8; 9947;   19116 
9; 0147;   14898 
9; 0347;   10865 
9; 0547;    7572 
9; 0747;    5067 
9; 0946;    3340 
9; 1146;    2113 
9; 1346;    1346 
9; 1546;     856 
9; 1746;     596 
9; 1946;     423 
9; 2146;     317 
9; 2346;     304 
9; 2545;     270 
9; 2745;     248 
9; 2945;     242 
9; 3145;     259 
9; 3345;     254 
9; 3545;     234 
9; 3745;     226 
9; 3945;     245 
9; 4145;     226 
9; 4344;     227 
9; 4544;     216 
9; 4744;     192 
9; 4944;     229 
9; 5144;     223 
9; 5344;     223 
9; 5544;     229 
9; 5744;     206 
9; 5943;     216 
9; 6143;     188 
9; 6343;     189 
9; 6543;     198 
9; 6743;     206 
9; 6943;     197 
9; 7143;     198 
9; 7343;     190 
9; 7543;     185 
9; 7742;     146 
9; 7942;     155 
9; 8142;     162 
9; 8342;     188 
9; 8542;     167 
9; 8742;     152 
9; 8942;     158 
9; 9142;     182 
9; 9341;     182 
9; 9541;     176 
9; 9741;     183 
9; 9941;     156 
10; 0141;     168 
10; 0341;     171 
10; 0541;     163 
10; 0741;     158 
10; 0941;     163 
10; 1140;     155 
10; 1340;     174 
10; 1540;     152 
10; 1740;     148 
10; 1940;     176 
10; 2140;     142 
10; 2340;     148 
10; 2540;     158 
10; 2739;     179 
10; 2939;     154 
10; 3139;     165 
10; 3339;     176 
10; 3539;     173 
10; 3739;     157 
10; 3939;     184 
10; 4139;     177 
10; 4338;     192 
10; 4538;     237 
10; 4738;     223 
10; 4938;     261 
10; 5138;     265 
10; 5338;     304 
10; 5538;     255 
10; 5738;     274 
10; 5938;     270 
10; 6137;     237 
10; 6337;     215 
10; 6537;     220 
10; 6737;     192 
10; 6937;     187 
10; 7137;     183 
10; 7337;     196 
10; 7537;     184 
10; 7736;     165 
10; 7936;     184 
10; 8136;     169 
10; 8336;     174 
10; 8536;     176 
10; 8736;     153 
10; 8936;     177 
10; 9136;     155 
10; 9336;     153 
10; 9535;     163 
10; 9735;     177 
10; 9935;     175 
11; 0135;     156 
11; 0335;     166 
11; 0535;     136 
11; 0735;     153 
11; 0935;     144 
11; 1134;     178 
11; 1334;     169 
11; 1534;     181 
11; 1734;     166 
11; 1934;     160 
11; 2134;     162 
11; 2334;     173 
11; 2534;     165 
11; 2734;     148 
11; 2933;     137 
11; 3133;     149 
11; 3333;     138 
11; 3533;     132 
11; 3733;     142 
11; 3933;     140 
11; 4133;     149 
11; 4333;     134 
11; 4532;     129 
11; 4732;     126 
11; 4932;     123 
11; 5132;     139 
11; 5332;     139 
11; 5532;     152 
11; 5732;     130 
11; 5932;     133 
11; 6132;     132 
11; 6331;     134 
11; 6531;     155 
11; 6731;     138 
11; 6931;     157 
11; 7131;     164 
11; 7331;     140 
11; 7531;     175 
11; 7731;     157 
11; 7930;     177 
11; 8130;     163 
11; 8330;     141 
11; 8530;     129 
11; 8730;     137 
11; 8930;     139 
11; 9130;     139 
11; 9330;     135 
11; 9530;     130 
11; 9729;     127 
11; 9929;     133 
12; 0129;     131 
12; 0329;     114 
12; 0529;     121 
12; 0729;     109 
12; 0929;     116 
12; 1129;     122 
12; 1328;     126 
12; 1528;     107 
12; 1728;     109 
12; 1928;     121 
12; 2128;     113 
12; 2328;     112 
12; 2528;     127 
12; 2728;     136 
12; 2928;     113 
12; 3127;     105 
12; 3327;     104 
12; 3527;     116 
12; 3727;     113 
12; 3927;     112 
12; 4127;     120 
12; 4327;      97 
12; 4527;     125 
12; 4726;     123 
12; 4926;     122 
12; 5126;     130 
12; 5326;     141 
12; 5526;     141 
12; 5726;     152 
12; 5926;     157 
12; 6126;     143 
12; 6326;     153 
12; 6525;     140 
12; 6725;     151 
12; 6925;     145 
12; 7125;     150 
12; 7325;     132 
12; 7525;     120 
12; 7725;     135 
12; 7925;     131 
12; 8124;     113 
12; 8324;     114 
12; 8524;     112 
12; 8724;     102 
12; 8924;     106 
12; 9124;     101 
12; 9324;     103 
12; 9524;     110 
12; 9724;     119 
12; 9923;     120 
13; 0123;     109 
13; 0323;     112 
13; 0523;     112 
13; 0723;     108 
13; 0923;      94 
13; 1123;     105 
13; 1323;      97 
13; 1522;     110 
13; 1722;     105 
13; 1922;     106 
13; 2122;     102 
13; 2322;      84 
13; 2522;      94 
13; 2722;      98 
13; 2922;     101 
13; 3122;     102 
13; 3321;     125 
13; 3521;     105 
13; 3721;      96 
13; 3921;      92 
13; 4121;     106 
13; 4321;     120 
13; 4521;     101 
13; 4721;     120 
13; 4920;      96 
13; 5120;     107 
13; 5320;     126 
13; 5520;     102 
13; 5720;     116 
13; 5920;     114 
13; 6120;     115 
13; 6320;     101 
13; 6520;     101 
13; 6719;     105 
13; 6919;      81 
13; 7119;     106 
13; 7319;     100 
13; 7519;     100 
13; 7719;     100 
13; 7919;      81 
13; 8119;     107 
13; 8318;     106 
13; 8518;     119 
13; 8718;     117 
13; 8918;     126 
13; 9118;     113 
13; 9318;     103 
13; 9518;      91 
13; 9718;      90 
13; 9918;     114 
14; 0117;      94 
14; 0317;     100 
14; 0517;      80 
14; 0717;      91 
14; 0917;     110 
14; 1117;      81 
14; 1317;      84 
14; 1517;     107 
14; 1716;     105 
14; 1916;      99 
14; 2116;     114 
14; 2316;     107 
14; 2516;     131 
14; 2716;     125 
14; 2916;     143 
14; 3116;     134 
14; 3316;     139 
14; 3515;     128 
14; 3715;     151 
14; 3915;     146 
14; 4115;     188 
14; 4315;     144 
14; 4515;     167 
14; 4715;     163 
14; 4915;     158 
14; 5114;     156 
14; 5314;     136 
14; 5514;     144 
14; 5714;     119 
14; 5914;     112 
14; 6114;     121 
14; 6314;     112 
14; 6514;     112 
14; 6714;     115 
14; 6913;      94 
14; 7113;      83 
14; 7313;     127 
14; 7513;     109 
14; 7713;     108 
14; 7913;     108 
14; 8113;      95 
14; 8313;     118 
14; 8512;     104 
14; 8712;     105 
14; 8912;      97 
14; 9112;     107 
14; 9312;      98 
14; 9512;     112 
14; 9712;     114 
14; 9912;     113 
15; 0112;     105 
15; 0311;     102 
15; 0511;      99 
15; 0711;     109 
15; 0911;     113 
15; 1111;     116 
15; 1311;     114 
15; 1511;     109 
15; 1711;     108 
15; 1910;     124 
15; 2110;     108 
15; 2310;     107 
15; 2510;     116 
15; 2710;     124 
15; 2910;     111 
15; 3110;     108 
15; 3310;     102 
15; 3510;     122 
15; 3709;     109 
15; 3909;     119 
15; 4109;     133 
15; 4309;     106 
15; 4509;     137 
15; 4709;     126 
15; 4909;     121 
15; 5109;     116 
15; 5308;     142 
15; 5508;     115 
15; 5708;     116 
15; 5908;     115 
15; 6108;     119 
15; 6308;     103 
15; 6508;     124 
15; 6708;     132 
15; 6908;     141 
15; 7107;     135 
15; 7307;     133 
15; 7507;     132 
15; 7707;     140 
15; 7907;     144 
15; 8107;     158 
15; 8307;     203 
15; 8507;     249 
15; 8706;     357 
15; 8906;     427 
15; 9106;     587 
15; 9306;     774 
15; 9506;    1015 
15; 9706;    1364 
15; 9906;    1714 
16; 0106;    2123 
16; 0306;    2453 
16; 0505;    2886 
16; 0705;    3195 
16; 0905;    3454 
16; 1105;    3504 
16; 1305;    3512 
16; 1505;    3363 
16; 1705;    3174 
16; 1905;    2815 
16; 2104;    2303 
16; 2304;    1949 
16; 2504;    1505 
16; 2704;    1234 
16; 2904;     937 
16; 3104;     681 
16; 3304;     542 
16; 3504;     387 
16; 3704;     248 
16; 3903;     205 
16; 4103;     164 
16; 4303;     143 
16; 4503;     132 
16; 4703;     101 
16; 4903;      92 
16; 5103;     101 
16; 5303;      98 
16; 5502;      85 
16; 5702;      94 
16; 5902;      96 
16; 6102;     117 
16; 6302;     101 
16; 6502;     123 
16; 6702;     113 
16; 6902;     127 
16; 7102;     155 
16; 7301;     166 
16; 7501;     212 
16; 7701;     250 
16; 7901;     303 
16; 8101;     328 
16; 8301;     465 
16; 8501;     570 
16; 8701;     655 
16; 8900;     751 
16; 9100;     928 
16; 9300;     975 
16; 9500;    1064 
16; 9700;    1040 
16; 9900;    1094 
17; 0100;    1045 
17; 0300;     934 
17; 0500;     924 
17; 0699;     754 
17; 0899;     660 
17; 1099;     508 
17; 1299;     433 
17; 1499;     332 
17; 1699;     227 
17; 1899;     200 
17; 2099;     158 
17; 2298;     123 
17; 2498;     114 
17; 2698;      90 
17; 2898;      78 
17; 3098;      60 
17; 3298;      56 
17; 3498;      58 
17; 3698;      59 
17; 3897;      72 
17; 4097;      64 
17; 4297;      63 
17; 4497;      60 
17; 4697;      77 
17; 4897;      61 
17; 5097;      74 
17; 5297;      65 
17; 5497;      59 
17; 5696;      54 
17; 5896;      66 
17; 6096;      68 
17; 6296;      52 
17; 6496;      80 
17; 6696;      81 
17; 6896;      97 
17; 7096;      91 
17; 7295;      85 
17; 7495;      95 
17; 7695;     114 
17; 7895;     140 
17; 8095;     124 
17; 8295;     154 
17; 8495;     124 
17; 8695;     164 
17; 8895;     132 
17; 9094;     137 
17; 9294;     115 
17; 9494;     102 
17; 9694;      92 
17; 9894;      90 
18; 0094;      67 
18; 0294;      74 
18; 0494;      85 
18; 0693;      55 
18; 0893;      71 
18; 1093;      70 
18; 1293;      52 
18; 1493;      44 
18; 1693;      58 
18; 1893;      52 
18; 2093;      61 
18; 2293;      50 
18; 2492;      49 
18; 2692;      57 
18; 2892;      59 
18; 3092;      68 
18; 3292;      62 
18; 3492;      61 
18; 3692;      72 
18; 3892;      69 
18; 4091;      52 
18; 4291;      61 
18; 4491;      63 
18; 4691;      74 
18; 4891;      77 
18; 5091;      72 
18; 5291;      58 
18; 5491;      74 
18; 5691;      96 
18; 5890;      69 
18; 6090;      86 
18; 6290;      71 
18; 6490;      83 
18; 6690;      90 
18; 6890;      95 
18; 7090;      95 
18; 7290;      98 
18; 7489;      93 
18; 7689;      94 
18; 7889;     100 
18; 8089;     107 
18; 8289;      87 
18; 8489;     114 
18; 8689;     108 
18; 8889;     126 
18; 9089;     119 
18; 9288;     108 
18; 9488;     130 
18; 9688;     102 
18; 9888;     125 
19; 0088;     142 
19; 0288;     131 
19; 0488;     125 
19; 0688;     143 
19; 0887;     147 
19; 1087;     119 
19; 1287;     148 
19; 1487;     136 
19; 1687;     128 
19; 1887;     127 
19; 2087;     116 
19; 2287;     106 
19; 2487;     126 
19; 2686;     129 
19; 2886;      91 
19; 3086;     126 
19; 3286;      95 
19; 3486;      91 
19; 3686;      88 
19; 3886;     108 
19; 4086;      91 
19; 4285;      99 
19; 4485;      88 
19; 4685;      82 
19; 4885;      74 
19; 5085;      53 
19; 5285;      55 
19; 5485;      78 
19; 5685;      64 
19; 5885;      68 
19; 6084;      58 
19; 6284;      56 
19; 6484;      56 
19; 6684;      39 
19; 6884;      51 
19; 7084;      50 
19; 7284;      50 
19; 7484;      39 
19; 7683;      46 
19; 7883;      53 
19; 8083;      60 
19; 8283;      53 
19; 8483;      61 
19; 8683;      49 
19; 8883;      52 
19; 9083;      66 
19; 9283;      56 
19; 9482;      76 
19; 9682;      91 
19; 9882;      85 
20; 0082;      89 
20; 0282;      91 
20; 0482;     127 
20; 0682;     121 
20; 0882;     146 
20; 1081;     150 
20; 1281;     155 
20; 1481;     155 
20; 1681;     187 
20; 1881;     181 
20; 2081;     174 
20; 2281;     167 
20; 2481;     158 
20; 2681;     161 
20; 2880;     110 
20; 3080;     120 
20; 3280;     129 
20; 3480;     102 
20; 3680;      88 
20; 3880;      73 
20; 4080;      88 
20; 4280;      59 
20; 4479;      67 
20; 4679;      50 
20; 4879;      33 
20; 5079;      33 
20; 5279;      36 
20; 5479;      48 
20; 5679;      50 
20; 5879;      36 
20; 6079;      45 
20; 6278;      24 
20; 6478;      26 
20; 6678;      34 
20; 6878;      35 
20; 7078;      41 
20; 7278;      47 
20; 7478;      37 
20; 7678;      46 
20; 7877;      44 
20; 8077;      33 
20; 8277;      38 
20; 8477;      30 
20; 8677;      38 
20; 8877;      50 
20; 9077;      38 
20; 9277;      55 
20; 9477;      39 
20; 9676;      45 
20; 9876;      44 
21; 0076;      48 
21; 0276;      70 
21; 0476;      54 
21; 0676;      57 
21; 0876;      74 
21; 1076;      75 
21; 1275;      71 
21; 1475;      66 
21; 1675;      48 
21; 1875;      62 
21; 2075;      55 
21; 2275;      72 
21; 2475;      65 
21; 2675;      53 
21; 2875;      65 
21; 3074;      65 
21; 3274;      55 
21; 3474;      39 
21; 3674;      48 
21; 3874;      32 
21; 4074;      45 
21; 4274;      60 
21; 4474;      47 
21; 4673;      45 
21; 4873;      45 
21; 5073;      43 
21; 5273;      36 
21; 5473;      43 
21; 5673;      33 
21; 5873;      31 
21; 6073;      39 
21; 6273;      44 
21; 6472;      35 
21; 6672;      40 
21; 6872;      39 
21; 7072;      37 
21; 7272;      34 
21; 7472;      37 
21; 7672;      30 
21; 7872;      38 
21; 8071;      38 
21; 8271;      28 
21; 8471;      30 
21; 8671;      38 
21; 8871;      39 
21; 9071;      43 
21; 9271;      37 
21; 9471;      38 
21; 9671;      32 
21; 9870;      49 
22; 0070;      40 
22; 0270;      48 
22; 0470;      55 
22; 0670;      35 
22; 0870;      46 
22; 1070;      50 
22; 1270;      52 
22; 1469;      42 
22; 1669;      46 
22; 1869;      40 
22; 2069;      44 
22; 2269;      41 
22; 2469;      35 
22; 2669;      54 
22; 2869;      38 
22; 3069;      42 
22; 3268;      50 
22; 3468;      28 
22; 3668;      28 
22; 3868;      33 
22; 4068;      35 
22; 4268;      29 
22; 4468;      33 
22; 4668;      26 
22; 4867;      30 
22; 5067;      36 
22; 5267;      34 
22; 5467;      35 
22; 5667;      26 
22; 5867;      42 
22; 6067;      35 
22; 6267;      50 
22; 6467;      53 
22; 6666;      48 
22; 6866;      65 
22; 7066;      43 
22; 7266;      42 
22; 7466;      51 
22; 7666;      35 
22; 7866;      45 
22; 8066;      41 
22; 8265;      42 
22; 8465;      42 
22; 8665;      51 
22; 8865;      34 
22; 9065;      29 
22; 9265;      25 
22; 9465;      17 
22; 9665;      22 
22; 9865;      23 
23; 0064;      20 
23; 0264;      27 
23; 0464;      32 
23; 0664;      30 
23; 0864;      25 
23; 1064;      32 
23; 1264;      33 
23; 1464;      32 
23; 1663;      30 
23; 1863;      34 
23; 2063;      25 
23; 2263;      24 
23; 2463;      20 
23; 2663;      23 
23; 2863;      33 
23; 3063;      30 
23; 3263;      21 
23; 3462;      33 
23; 3662;      26 
23; 3862;      25 
23; 4062;      23 
23; 4262;      18 
23; 4462;      23 
23; 4662;      22 
23; 4862;      15 
23; 5061;      19 
23; 5261;      24 
23; 5461;      20 
23; 5661;      26 
23; 5861;      24 
23; 6061;      22 
23; 6261;      18 
23; 6461;      25 
23; 6661;      23 
23; 6860;      32 
23; 7060;      28 
23; 7260;      28 
23; 7460;      21 
23; 7660;      22 
23; 7860;      29 
23; 8060;      28 
23; 8260;      22 
23; 8459;      31 
23; 8659;      24 
23; 8859;      26 
23; 9059;      24 
23; 9259;      24 
23; 9459;      24 
23; 9659;      31 
23; 9859;      29 
24; 0058;      36 
24; 0258;      31 
24; 0458;      34 
24; 0658;      41 
24; 0858;      37 
24; 1058;      40 
24; 1258;      44 
24; 1458;      40 
24; 1658;      59 
24; 1857;      46 
24; 2057;      58 
24; 2257;      41 
24; 2457;      51 
24; 2657;      43 
24; 2857;      42 
24; 3057;      43 
24; 3257;      42 
24; 3456;      42 
24; 3656;      26 
24; 3856;      25 
24; 4056;      28 
24; 4256;      11 
24; 4456;      25 
24; 4656;      26 
24; 4856;      18 
24; 5056;      18 
24; 5255;      27 
24; 5455;      16 
24; 5655;      22 
24; 5855;      17 
24; 6055;      17 
24; 6255;      23 
24; 6455;      16 
24; 6655;      13 
24; 6854;      11 
24; 7054;      18 
24; 7254;      17 
24; 7454;      21 
24; 7654;      27 
24; 7854;      17 
24; 8054;      23 
24; 8254;      20 
24; 8454;      21 
24; 8653;      22 
24; 8853;      23 
24; 9053;      27 
24; 9253;      29 
24; 9453;      42 
24; 9653;      37 
24; 9853;      27 
25; 0053;      37 
25; 0252;      47 
25; 0452;      34 
25; 0652;      34 
25; 0852;      35 
25; 1052;      31 
25; 1252;      35 
25; 1452;      25 
25; 1652;      31 
25; 1852;      30 
25; 2051;      40 
25; 2251;      24 
25; 2451;      27 
25; 2651;      22 
25; 2851;      33 
25; 3051;      21 
25; 3251;      34 
25; 3451;      31 
25; 3650;      16 
25; 3850;      27 
25; 4050;      22 
25; 4250;      21 
25; 4450;      23 
25; 4650;      21 
25; 4850;      20 
25; 5050;      23 
25; 5250;      14 
25; 5449;      25 
25; 5649;      19 
25; 5849;      20 
25; 6049;      18 
25; 6249;      20 
25; 6449;      18 
25; 6649;      12 
25; 6849;      18 
25; 7048;      11 
25; 7248;      18 
25; 7448;      15 
25; 7648;      24 
25; 7848;      16 
25; 8048;      15 
25; 8248;      16 
25; 8448;      20 
25; 8648;      19 
25; 8847;      18 
25; 9047;      16 
25; 9247;      31 
25; 9447;      21 
25; 9647;      20 
25; 9847;      16 
26; 0047;      17 
26; 0247;      23 
26; 0446;      13 
26; 0646;      14 
26; 0846;      15 
26; 1046;      15 
26; 1246;      18 
26; 1446;      14 
26; 1646;       9 
26; 1846;      18 
26; 2046;      11 
26; 2245;      13 
26; 2445;      17 
26; 2645;      18 
26; 2845;      16 
26; 3045;      25 
26; 3245;      13 
26; 3445;      11 
26; 3645;      23 
26; 3844;       8 
26; 4044;      11 
26; 4244;      22 
26; 4444;      16 
26; 4644;      17 
26; 4844;      14 
26; 5044;       9 
26; 5244;      15 
26; 5444;      19 
26; 5643;      11 
26; 5843;      13 
26; 6043;      20 
26; 6243;      13 
26; 6443;      15 
26; 6643;      17 
26; 6843;      15 
26; 7043;      13 
26; 7242;      13 
26; 7442;      15 
26; 7642;      15 
26; 7842;      20 
26; 8042;      19 
26; 8242;      20 
26; 8442;      19 
26; 8642;      19 
26; 8842;      10 
26; 9041;      21 
26; 9241;      11 
26; 9441;       9 
26; 9641;      14 
26; 9841;      19 
27; 0041;      10 
27; 0241;      18 
27; 0441;      13 
27; 0640;      11 
27; 0840;      16 
27; 1040;      19 
27; 1240;      12 
27; 1440;       9 
27; 1640;      17 
27; 1840;      10 
27; 2040;      21 
27; 2240;      18 
27; 2439;      18 
27; 2639;       7 
27; 2839;      16 
27; 3039;      20 
27; 3239;      14 
27; 3439;       6 
27; 3639;      11 
27; 3839;      12 
27; 4038;      10 
27; 4238;      11 
27; 4438;      15 
27; 4638;       9 
27; 4838;      16 
27; 5038;      13 
27; 5238;      15 
27; 5438;      17 
27; 5638;      16 
27; 5837;       8 
27; 6037;      14 
27; 6237;       8 
27; 6437;       9 
27; 6637;      15 
27; 6837;      14 
27; 7037;       8 
27; 7237;      15 
27; 7436;      10 
27; 7636;      13 
27; 7836;      11 
27; 8036;      11 
27; 8236;       9 
27; 8436;       8 
27; 8636;      18 
27; 8836;       6 
27; 9036;       9 
27; 9235;      10 
27; 9435;      11 
27; 9635;       6 
27; 9835;      18 
28; 0035;      12 
28; 0235;      14 
28; 0435;      17 
28; 0635;      13 
28; 0834;      12 
28; 1034;      11 
28; 1234;      17 
28; 1434;      14 
28; 1634;      20 
28; 1834;       9 
28; 2034;       8 
28; 2234;      17 
28; 2434;      12 
28; 2633;      24 
28; 2833;      11 
28; 3033;      19 
28; 3233;      16 
28; 3433;      14 
28; 3633;      19 
28; 3833;      21 
28; 4033;      18 
28; 4232;      21 
28; 4432;      15 
28; 4632;       6 
28; 4832;      17 
28; 5032;      19 
28; 5232;      23 
28; 5432;       9 
28; 5632;       6 
28; 5832;      18 
28; 6031;      11 
28; 6231;       9 
28; 6431;      16 
28; 6631;      11 
28; 6831;      12 
28; 7031;       8 
28; 7231;       4 
28; 7431;      12 
28; 7630;      13 
28; 7830;       6 
28; 8030;      12 
28; 8230;      11 
28; 8430;      11 
28; 8630;       8 
28; 8830;       9 
28; 9030;      16 
28; 9230;      14 
28; 9429;       6 
28; 9629;      11 
28; 9829;      11 
29; 0029;      20 
29; 0229;      14 
29; 0429;      13 
29; 0629;      15 
29; 0829;      10 
29; 1028;      16 
29; 1228;      14 
29; 1428;      11 
29; 1628;       6 
29; 1828;      14 
29; 2028;      16 
29; 2228;       9 
29; 2428;      12 
29; 2628;      15 
29; 2827;      13 
29; 3027;      14 
29; 3227;      11 
29; 3427;       7 
29; 3627;       9 
29; 3827;      17 
29; 4027;       9 
29; 4227;       9 
29; 4426;       7 
29; 4626;      10 
29; 4826;       8 
29; 5026;       9 
29; 5226;       6 
29; 5426;      11 
29; 5626;       7 
29; 5826;      13 
29; 6026;      11 
29; 6225;       8 
29; 6425;      11 
29; 6625;      10 
29; 6825;       8 
29; 7025;       9 
29; 7225;      15 
29; 7425;       8 
29; 7625;       5 
29; 7824;      12 
29; 8024;       8 
29; 8224;      12 
29; 8424;      10 
29; 8624;      10 
29; 8824;       5 
29; 9024;      12 
29; 9224;       9 
29; 9424;       7 
29; 9623;       7 
29; 9823;       7 
30; 0023;       7 
30; 0223;       4 
30; 0423;       2 
30; 0623;       7 
30; 0823;       8 
30; 1023;       6 
30; 1222;      14 
30; 1422;       6 
30; 1622;       6 
30; 1822;       5 
30; 2022;      13 
30; 2222;       9 
30; 2422;      10 
30; 2622;       8 
30; 2822;       6 
30; 3021;      10 
30; 3221;       8 
30; 3421;      10 
30; 3621;       4 
30; 3821;       9 
30; 4021;      14 
30; 4221;       5 
30; 4421;       7 
30; 4620;       7 
30; 4820;       9 
30; 5020;       8 
30; 5220;      11 
30; 5420;       8 
30; 5620;       9 
30; 5820;       6 
30; 6020;       4 
30; 6220;       5 
30; 6419;       8 
30; 6619;       6 
30; 6819;       6 
30; 7019;       5 
30; 7219;       9 
30; 7419;       5 
30; 7619;       4 
30; 7819;       8 
30; 8018;      10 
30; 8218;      10 
30; 8418;      10 
30; 8618;       6 
30; 8818;       9 
30; 9018;       5 
30; 9218;      13 
30; 9418;       6 
30; 9617;       7 
30; 9817;       3 
31; 0017;       7 
31; 0217;      11 
31; 0417;       9 
31; 0617;       4 
31; 0817;      13 
31; 1017;       7 
31; 1217;      15 
31; 1416;       3 
31; 1616;       7 
31; 1816;       5 
31; 2016;       5 
31; 2216;       8 
31; 2416;       4 
31; 2616;       7 
31; 2816;       6 
31; 3015;      10 
31; 3215;       5 
31; 3415;       6 
31; 3615;       4 
31; 3815;       6 
31; 4015;       7 
31; 4215;       6 
31; 4415;       6 
31; 4615;       7 
31; 4814;       6 
31; 5014;       9 
31; 5214;       3 
31; 5414;       7 
31; 5614;       5 
31; 5814;       5 
31; 6014;       4 
31; 6214;       6 
31; 6413;       2 
31; 6613;       9 
31; 6813;       1 
31; 7013;       4 
31; 7213;       6 
31; 7413;      13 
31; 7613;       8 
31; 7813;       3 
31; 8013;       1 
31; 8212;       5 
31; 8412;       5 
31; 8612;       7 
31; 8812;       4 
31; 9012;       6 
31; 9212;       8 
31; 9412;      10 
31; 9612;      11 
31; 9811;       4 
32; 0011;       4 
32; 0211;       8 
32; 0411;       7 
32; 0611;       5 
32; 0811;       6 
32; 1011;       5 
32; 1211;       3 
32; 1411;       8 
32; 1610;       3 
32; 1810;       4 
32; 2010;       5 
32; 2210;       2 
32; 2410;       4 
32; 2610;       4 
32; 2810;       3 
32; 3010;       6 
32; 3209;       7 
32; 3409;       5 
32; 3609;       9 
32; 3809;       6 
32; 4009;       4 
32; 4209;       7 
32; 4409;       6 
32; 4609;       5 
32; 4809;       2 
32; 5008;       2 
32; 5208;       1 
32; 5408;       2 
32; 5608;       8 
32; 5808;       3 
32; 6008;       4 
32; 6208;       4 
32; 6408;       5 
32; 6607;       5 
32; 6807;       3 
32; 7007;       6 
32; 7207;       1 
32; 7407;       9 
32; 7607;       4 
32; 7807;       2 
32; 8007;       4 
32; 8207;       3 
32; 8406;       5 
32; 8606;       3 
32; 8806;       5 
32; 9006;       4 
32; 9206;       5 
32; 9406;       3 
32; 9606;       5 
32; 9806;       3 
33; 0005;       4 
33; 0205;       8 
33; 0405;       3 
33; 0605;       0 
33; 0805;       5 
33; 1005;       2 
33; 1205;       3 
33; 1405;       3 
33; 1605;       4 
33; 1804;       6 
33; 2004;      11 
33; 2204;       1 
33; 2404;       3 
33; 2604;       4 
33; 2804;       3 
33; 3004;       7 
33; 3204;       4 
33; 3403;       2 
33; 3603;       6 
33; 3803;       3 
33; 4003;       1 
33; 4203;       6 
33; 4403;       3 
33; 4603;       5 
33; 4803;       3 
33; 5003;       3 
33; 5202;       5 
33; 5402;       2 
33; 5602;       3 
33; 5802;       0 
33; 6002;       2 
33; 6202;       3 
33; 6402;       2 
33; 6602;       4 
33; 6801;       2 
33; 7001;       6 
33; 7201;       1 
33; 7401;       1 
33; 7601;       4 
33; 7801;       3 
33; 8001;       5 
33; 8201;       4 
33; 8401;       3 
33; 8600;       3 
33; 8800;       3 
33; 9000;       2 
33; 9200;       4 
33; 9400;       1 
33; 9600;       4 
33; 9800;       2 
34; 0000;       6 
34; 0199;       5 
34; 0399;       3 
34; 0599;       0 
34; 0799;       2 
34; 0999;       4 
34; 1199;       4 
34; 1399;       3 
34; 1599;       4 
34; 1799;       5 
34; 1998;       3 
34; 2198;       6 
34; 2398;       1 
34; 2598;       2 
34; 2798;       1 
34; 2998;       4 
34; 3198;       2 
34; 3398;       2 
34; 3597;       5 
34; 3797;       5 
34; 3997;       1 
34; 4197;       2 
34; 4397;       1 
34; 4597;       4 
34; 4797;       2 
34; 4997;       1 
34; 5197;       2 
34; 5396;       0 
34; 5596;       0 
34; 5796;       0 
34; 5996;       0 
34; 6196;       3 
34; 6396;       1 
34; 6596;       3 
34; 6796;       3 
34; 6995;       0 
34; 7195;       4 
34; 7395;       1 
34; 7595;       5 
34; 7795;       3 
34; 7995;       4 
34; 8195;       2 
34; 8395;       2 
34; 8595;       1 
34; 8794;       3 
34; 8994;       1 
34; 9194;       1 
34; 9394;       5 
34; 9594;       1 
34; 9794;       0 
34; 9994;       1 
35; 0194;       0 
35; 0393;       1 
35; 0593;       0 
35; 0793;       2 
35; 0993;       1 
35; 1193;       2 
35; 1393;       3 
35; 1593;       2 
35; 1793;       1 
35; 1993;       0 
35; 2192;       0 
35; 2392;       2 
35; 2592;       0 
35; 2792;       1 
35; 2992;       0 
35; 3192;       1 
35; 3392;       3 
35; 3592;       1 
35; 3791;       4 
35; 3991;       1 
35; 4191;       3 
35; 4391;       0 
35; 4591;       2 
35; 4791;       0 
35; 4991;       3 
35; 5191;       1 
35; 5391;       2 
35; 5590;       0 
35; 5790;       0 
35; 5990;       1 
35; 6190;       1 
35; 6390;       3 
35; 6590;       1 
35; 6790;       1 
35; 6990;       3 
35; 7189;       2 
35; 7389;       1 
35; 7589;       0 
35; 7789;       0 
35; 7989;       2 
35; 8189;       0 
35; 8389;       2 
35; 8589;       4 
35; 8789;       0 
35; 8988;       1 
35; 9188;       0 
35; 9388;       0 
35; 9588;       0 
35; 9788;       1 
35; 9988;       2 
36; 0188;       2 
36; 0388;       1 
36; 0587;       1 
36; 0787;       0 
36; 0987;       1 
36; 1187;       0 
36; 1387;       1 
36; 1587;       0 
36; 1787;       3 
36; 1987;       2 
36; 2187;       0 
36; 2386;       2 
36; 2586;       2 
36; 2786;       3 
36; 2986;       0 
36; 3186;       1 
36; 3386;       0 
36; 3586;       1 
36; 3786;       3 
36; 3985;       0 
36; 4185;       1 
36; 4385;       2 
36; 4585;       1 
36; 4785;       1 
36; 4985;       1 
36; 5185;       0 
36; 5385;       1 
36; 5585;       0 
36; 5784;       2 
36; 5984;       0 
36; 6184;       2 
36; 6384;       2 
36; 6584;       0 
36; 6784;       0 
36; 6984;       1 
36; 7184;       1 
36; 7383;       1 
36; 7583;       1 
36; 7783;       0 
36; 7983;       0 
36; 8183;       0 
36; 8383;       1 
36; 8583;       0 
36; 8783;       2 
36; 8983;       3 
36; 9182;       0 
36; 9382;       2 
36; 9582;       1 
36; 9782;       2 
36; 9982;       0 
37; 0182;       0 
37; 0382;       0 
37; 0582;       1 
37; 0781;       1 
37; 0981;       0 
37; 1181;       0 
37; 1381;       2 
37; 1581;       3 
37; 1781;       1 
37; 1981;       1 
37; 2181;       0 
37; 2381;       0 
37; 2580;       1 
37; 2780;       0 
37; 2980;       1 
37; 3180;       1 
37; 3380;       1 
37; 3580;       2 
37; 3780;       0 
37; 3980;       0 
37; 4179;       0 
37; 4379;       0 
37; 4579;       1 
37; 4779;       0 
37; 4979;       1 
37; 5179;       1 
37; 5379;       0 
37; 5579;       0 
37; 5778;       0 
37; 5978;       3 
37; 6178;       1 
37; 6378;       0 
37; 6578;       0 
37; 6778;       0 
37; 6978;       0 
37; 7178;       1 
37; 7378;       0 
37; 7577;       1 
37; 7777;       1 
37; 7977;       1 
37; 8177;       0 
37; 8377;       0 
37; 8577;       1 
37; 8777;       0 
37; 8977;       0 
37; 9176;       0 
37; 9376;       1 
37; 9576;       1 
37; 9776;       1 
37; 9976;       1 
38; 0176;       1 
38; 0376;       0 
38; 0576;       0 
38; 0776;       0 
38; 0975;       1 
38; 1175;       1 
38; 1375;       1 
38; 1575;       0 
38; 1775;       1 
38; 1975;       0 
38; 2175;       0 
38; 2375;       0 
38; 2574;       0 
38; 2774;       0 
38; 2974;       0 
38; 3174;       0 
38; 3374;       0 
38; 3574;       1 
38; 3774;       0 
38; 3974;       1 
38; 4174;       0 
38; 4373;       2 
38; 4573;       0 
38; 4773;       0 
38; 4973;       0 
38; 5173;       1 
38; 5373;       1 
38; 5573;       0 
38; 5773;       0 
38; 5972;       0 
38; 6172;       2 
38; 6372;       0 
38; 6572;       0 
38; 6772;       0 
38; 6972;       0 
38; 7172;       1 
38; 7372;       1 
38; 7572;       0 
38; 7771;       0 
38; 7971;       0 
38; 8171;       0 
38; 8371;       0 
38; 8571;       0 
38; 8771;       0 
38; 8971;       0 
38; 9171;       0 
38; 9370;       2 
38; 9570;       0 
38; 9770;       0 
38; 9970;       1 
39; 0170;       1 
39; 0370;       0 
39; 0570;       0 
39; 0770;       0 
39; 0970;       0 
39; 1169;       1 
39; 1369;       0 
39; 1569;       0 
39; 1769;       0 
39; 1969;       0 
39; 2169;       0 
39; 2369;       0 
39; 2569;       0 
39; 2768;       0 
39; 2968;       0 
39; 3168;       1 
39; 3368;       0 
39; 3568;       0 
39; 3768;       0 
39; 3968;       1 
39; 4168;       0 
39; 4368;       0 
39; 4567;       0 
39; 4767;       1 
39; 4967;       0 
39; 5167;       0 
39; 5367;       1 
39; 5567;       0 
39; 5767;       0 
39; 5967;       0 
39; 6166;       1 
39; 6366;       0 
39; 6566;       0 
39; 6766;       0 
39; 6966;       0 
39; 7166;       0 
39; 7366;       0 
39; 7566;       0 
39; 7766;       0 
39; 7965;       0 
39; 8165;       0 
39; 8365;       0 
39; 8565;       0 
39; 8765;       0 
39; 8965;       0 
39; 9165;       0 
39; 9365;       0 
39; 9564;       0 
39; 9764;       0 
39; 9964;       0 
40; 0164;       0 
40; 0364;       0 
40; 0564;       0 
40; 0764;       0 
40; 0964;       0 
40; 1164;       0 
40; 1363;       1 
40; 1563;       0 
40; 1763;       0 
40; 1963;       0 
40; 2163;       0 
40; 2363;       0 
40; 2563;       0 
40; 2763;       0 
40; 2962;       0 
40; 3162;       0 
40; 3362;       0 
40; 3562;       0 
40; 3762;       0 
40; 3962;       0 
40; 4162;       0 
40; 4362;       0 
40; 4562;       0 
40; 4761;       0 
40; 4961;       0 
40; 5161;       0 
40; 5361;       0 
40; 5561;       0 
40; 5761;       1 
40; 5961;       1 
40; 6161;       0 
40; 6360;       0 
40; 6560;       0 
40; 6760;       0 
40; 6960;       1 
40; 7160;       0 
40; 7360;       0 
40; 7560;       0 
40; 7760;       0 
40; 7960;       0 
40; 8159;       0 
40; 8359;       0 
40; 8559;       1 
40; 8759;       0 
40; 8959;       1 
40; 9159;       0 
