0; 0000;     261 
0; 0200;     217 
0; 0400;     185 
0; 0599;     126 
0; 0799;      60 
0; 0999;      28 
0; 1199;      12 
0; 1398;       5 
0; 1598;       4 
0; 1798;       1 
0; 1998;       1 
0; 2198;       1 
0; 2397;       0 
0; 2597;       0 
0; 2797;       0 
0; 2997;       0 
0; 3196;       0 
0; 3396;       0 
0; 3596;       0 
0; 3796;       0 
0; 3996;       0 
0; 4195;       2 
0; 4395;       0 
0; 4595;       1 
0; 4795;       0 
0; 4994;       0 
0; 5194;       0 
0; 5394;       1 
0; 5594;       2 
0; 5794;      19 
0; 5993;      68 
0; 6193;     111 
0; 6393;     173 
0; 6593;     230 
0; 6792;     227 
0; 6992;     224 
0; 7192;     221 
0; 7392;     211 
0; 7592;     222 
0; 7791;     227 
0; 7991;     247 
0; 8191;     230 
0; 8391;     210 
0; 8590;     221 
0; 8790;     208 
0; 8990;     189 
0; 9190;     202 
0; 9390;     221 
0; 9589;     191 
0; 9789;     208 
0; 9989;     181 
1; 0189;     180 
1; 0389;     195 
1; 0588;     189 
1; 0788;     171 
1; 0988;     161 
1; 1188;     191 
1; 1387;     149 
1; 1587;     172 
1; 1787;     179 
1; 1987;     187 
1; 2187;     169 
1; 2386;     172 
1; 2586;     171 
1; 2786;     171 
1; 2986;     165 
1; 3185;     145 
1; 3385;     149 
1; 3585;     147 
1; 3785;     165 
1; 3985;     167 
1; 4184;     178 
1; 4384;     179 
1; 4584;     135 
1; 4784;     178 
1; 4983;     158 
1; 5183;     169 
1; 5383;     150 
1; 5583;     167 
1; 5783;     143 
1; 5982;     153 
1; 6182;     155 
1; 6382;     151 
1; 6582;     173 
1; 6781;     168 
1; 6981;     165 
1; 7181;     167 
1; 7381;     187 
1; 7581;     200 
1; 7780;     194 
1; 7980;     160 
1; 8180;     183 
1; 8380;     171 
1; 8579;     170 
1; 8779;     184 
1; 8979;     182 
1; 9179;     193 
1; 9379;     192 
1; 9578;     231 
1; 9778;     197 
1; 9978;     208 
2; 0178;     219 
2; 0377;     215 
2; 0577;     212 
2; 0777;     173 
2; 0977;     197 
2; 1177;     176 
2; 1376;     185 
2; 1576;     190 
2; 1776;     205 
2; 1976;     207 
2; 2175;     244 
2; 2375;     243 
2; 2575;     237 
2; 2775;     280 
2; 2975;     295 
2; 3174;     275 
2; 3374;     326 
2; 3574;     316 
2; 3774;     307 
2; 3973;     275 
2; 4173;     285 
2; 4373;     274 
2; 4573;     279 
2; 4773;     275 
2; 4972;     253 
2; 5172;     325 
2; 5372;     399 
2; 5572;     432 
2; 5771;     551 
2; 5971;     623 
2; 6171;     732 
2; 6371;     829 
2; 6571;     896 
2; 6770;     992 
2; 6970;     961 
2; 7170;     955 
2; 7370;     899 
2; 7569;     820 
2; 7769;     859 
2; 7969;     794 
2; 8169;     823 
2; 8369;     832 
2; 8568;     869 
2; 8768;     857 
2; 8968;     765 
2; 9168;     795 
2; 9368;     788 
2; 9567;     752 
2; 9767;     674 
2; 9967;     643 
3; 0167;     548 
3; 0366;     477 
3; 0566;     411 
3; 0766;     336 
3; 0966;     335 
3; 1166;     340 
3; 1365;     284 
3; 1565;     309 
3; 1765;     320 
3; 1965;     327 
3; 2164;     323 
3; 2364;     365 
3; 2564;     369 
3; 2764;     372 
3; 2964;     393 
3; 3163;     445 
3; 3363;     496 
3; 3563;     561 
3; 3763;     654 
3; 3962;     724 
3; 4162;     793 
3; 4362;     793 
3; 4562;     746 
3; 4762;     728 
3; 4961;     661 
3; 5161;     608 
3; 5361;     588 
3; 5561;     588 
3; 5760;     657 
3; 5960;     813 
3; 6160;     995 
3; 6360;    1156 
3; 6560;    1257 
3; 6759;    1391 
3; 6959;    1360 
3; 7159;    1260 
3; 7359;    1140 
3; 7558;     933 
3; 7758;     842 
3; 7958;     620 
3; 8158;     605 
3; 8358;     441 
3; 8557;     454 
3; 8757;     424 
3; 8957;     415 
3; 9157;     425 
3; 9356;     435 
3; 9556;     436 
3; 9756;     418 
3; 9956;     429 
4; 0156;     383 
4; 0355;     406 
4; 0555;     372 
4; 0755;     370 
4; 0955;     380 
4; 1154;     369 
4; 1354;     323 
4; 1554;     321 
4; 1754;     299 
4; 1954;     325 
4; 2153;     292 
4; 2353;     279 
4; 2553;     263 
4; 2753;     279 
4; 2952;     270 
4; 3152;     285 
4; 3352;     291 
4; 3552;     316 
4; 3752;     332 
4; 3951;     313 
4; 4151;     331 
4; 4351;     343 
4; 4551;     345 
4; 4750;     400 
4; 4950;     380 
4; 5150;     378 
4; 5350;     341 
4; 5550;     346 
4; 5749;     314 
4; 5949;     346 
4; 6149;     306 
4; 6349;     297 
4; 6548;     300 
4; 6748;     277 
4; 6948;     297 
4; 7148;     274 
4; 7348;     281 
4; 7547;     294 
4; 7747;     293 
4; 7947;     324 
4; 8147;     286 
4; 8346;     300 
4; 8546;     340 
4; 8746;     292 
4; 8946;     332 
4; 9146;     306 
4; 9345;     307 
4; 9545;     340 
4; 9745;     298 
4; 9945;     325 
5; 0145;     366 
5; 0344;     303 
5; 0544;     302 
5; 0744;     310 
5; 0944;     338 
5; 1143;     345 
5; 1343;     367 
5; 1543;     320 
5; 1743;     305 
5; 1943;     345 
5; 2142;     362 
5; 2342;     350 
5; 2542;     345 
5; 2742;     395 
5; 2941;     352 
5; 3141;     342 
5; 3341;     373 
5; 3541;     359 
5; 3741;     422 
5; 3940;     392 
5; 4140;     411 
5; 4340;     418 
5; 4540;     391 
5; 4739;     402 
5; 4939;     412 
5; 5139;     411 
5; 5339;     379 
5; 5539;     425 
5; 5738;     401 
5; 5938;     406 
5; 6138;     420 
5; 6338;     418 
5; 6537;     412 
5; 6737;     423 
5; 6937;     427 
5; 7137;     451 
5; 7337;     419 
5; 7536;     451 
5; 7736;     403 
5; 7936;     475 
5; 8136;     432 
5; 8335;     479 
5; 8535;     459 
5; 8735;     540 
5; 8935;     533 
5; 9135;     500 
5; 9334;     522 
5; 9534;     481 
5; 9734;     557 
5; 9934;     524 
6; 0133;     466 
6; 0333;     507 
6; 0533;     520 
6; 0733;     507 
6; 0933;     539 
6; 1132;     568 
6; 1332;     603 
6; 1532;     651 
6; 1732;     741 
6; 1931;     787 
6; 2131;     935 
6; 2331;    1107 
6; 2531;    1289 
6; 2731;    1650 
6; 2930;    1927 
6; 3130;    2257 
6; 3330;    2687 
6; 3530;    3053 
6; 3729;    3267 
6; 3929;    3330 
6; 4129;    3212 
6; 4329;    2967 
6; 4529;    2788 
6; 4728;    2325 
6; 4928;    1924 
6; 5128;    1651 
6; 5328;    1234 
6; 5527;    1046 
6; 5727;     862 
6; 5927;     760 
6; 6127;     704 
6; 6327;     701 
6; 6526;     704 
6; 6726;     654 
6; 6926;     654 
6; 7126;     624 
6; 7325;     687 
6; 7525;     649 
6; 7725;     648 
6; 7925;     679 
6; 8125;     693 
6; 8324;     735 
6; 8524;     759 
6; 8724;     743 
6; 8924;     758 
6; 9124;     814 
6; 9323;     875 
6; 9523;     932 
6; 9723;     897 
6; 9923;     918 
7; 0122;     904 
7; 0322;    1060 
7; 0522;    1049 
7; 0722;    1073 
7; 0922;    1055 
7; 1121;     961 
7; 1321;     941 
7; 1521;     958 
7; 1721;     864 
7; 1920;     832 
7; 2120;     808 
7; 2320;     857 
7; 2520;     841 
7; 2720;     876 
7; 2919;     889 
7; 3119;     950 
7; 3319;     986 
7; 3519;    1047 
7; 3718;    1154 
7; 3918;    1258 
7; 4118;    1397 
7; 4318;    1558 
7; 4518;    1507 
7; 4717;    1734 
7; 4917;    1702 
7; 5117;    1592 
7; 5317;    1533 
7; 5516;    1565 
7; 5716;    1414 
7; 5916;    1291 
7; 6116;    1253 
7; 6316;    1269 
7; 6515;    1336 
7; 6715;    1265 
7; 6915;    1353 
7; 7115;    1446 
7; 7314;    1609 
7; 7514;    1950 
7; 7714;    2286 
7; 7914;    3063 
7; 8114;    4723 
7; 8313;    7445 
7; 8513;   12253 
7; 8713;   19731 
7; 8913;   31402 
7; 9112;   47534 
7; 9312;   67238 
7; 9512;   91604 
7; 9712;  118520 
7; 9912;  142886 
8; 0111;  163697 
8; 0311;  175738 
8; 0511;  177638 
8; 0711;  170203 
8; 0910;  153589 
8; 1110;  129965 
8; 1310;  104537 
8; 1510;   79205 
8; 1710;   56656 
8; 1909;   38067 
8; 2109;   24611 
8; 2309;   15154 
8; 2509;    9196 
8; 2708;    5586 
8; 2908;    3491 
8; 3108;    2407 
8; 3308;    1797 
8; 3508;    1454 
8; 3707;    1372 
8; 3907;    1250 
8; 4107;    1393 
8; 4307;    1620 
8; 4506;    2020 
8; 4706;    2678 
8; 4906;    3680 
8; 5106;    4905 
8; 5306;    6454 
8; 5505;    8358 
8; 5705;   10001 
8; 5905;   11679 
8; 6105;   12949 
8; 6304;   13591 
8; 6504;   13774 
8; 6704;   13114 
8; 6904;   12345 
8; 7104;   11484 
8; 7303;   10719 
8; 7503;   10555 
8; 7703;   11585 
8; 7903;   13171 
8; 8103;   15721 
8; 8302;   19034 
8; 8502;   21902 
8; 8702;   24852 
8; 8902;   26553 
8; 9101;   27237 
8; 9301;   26194 
8; 9501;   24093 
8; 9701;   21332 
8; 9901;   17425 
9; 0100;   13672 
9; 0300;   10196 
9; 0500;    7064 
9; 0700;    4713 
9; 0899;    3080 
9; 1099;    2077 
9; 1299;    1276 
9; 1499;     794 
9; 1699;     681 
9; 1898;     492 
9; 2098;     400 
9; 2298;     354 
9; 2498;     385 
9; 2697;     337 
9; 2897;     326 
9; 3097;     313 
9; 3297;     305 
9; 3497;     325 
9; 3696;     301 
9; 3896;     331 
9; 4096;     366 
9; 4296;     424 
9; 4495;     463 
9; 4695;     552 
9; 4895;     702 
9; 5095;     756 
9; 5295;     960 
9; 5494;     970 
9; 5694;     994 
9; 5894;     961 
9; 6094;     975 
9; 6293;     855 
9; 6493;     783 
9; 6693;     654 
9; 6893;     584 
9; 7093;     465 
9; 7292;     383 
9; 7492;     322 
9; 7692;     251 
9; 7892;     235 
9; 8091;     238 
9; 8291;     206 
9; 8491;     225 
9; 8691;     178 
9; 8891;     190 
9; 9090;     198 
9; 9290;     212 
9; 9490;     207 
9; 9690;     206 
9; 9889;     197 
10; 0089;     195 
10; 0289;     201 
10; 0489;     216 
10; 0689;     179 
10; 0888;     179 
10; 1088;     191 
10; 1288;     173 
10; 1488;     185 
10; 1687;     172 
10; 1887;     158 
10; 2087;     186 
10; 2287;     198 
10; 2487;     214 
10; 2686;     188 
10; 2886;     258 
10; 3086;     244 
10; 3286;     303 
10; 3485;     379 
10; 3685;     484 
10; 3885;     651 
10; 4085;     866 
10; 4285;    1010 
10; 4484;    1270 
10; 4684;    1560 
10; 4884;    1752 
10; 5084;    1970 
10; 5283;    2138 
10; 5483;    2208 
10; 5683;    2133 
10; 5883;    2005 
10; 6083;    1839 
10; 6282;    1591 
10; 6482;    1352 
10; 6682;    1061 
10; 6882;     816 
10; 7081;     669 
10; 7281;     535 
10; 7481;     412 
10; 7681;     354 
10; 7881;     268 
10; 8080;     243 
10; 8280;     216 
10; 8480;     203 
10; 8680;     180 
10; 8880;     179 
10; 9079;     203 
10; 9279;     183 
10; 9479;     188 
10; 9679;     173 
10; 9878;     181 
11; 0078;     196 
11; 0278;     201 
11; 0478;     194 
11; 0678;     195 
11; 0877;     172 
11; 1077;     172 
11; 1277;     162 
11; 1477;     157 
11; 1676;     151 
11; 1876;     165 
11; 2076;     167 
11; 2276;     156 
11; 2476;     174 
11; 2675;     184 
11; 2875;     180 
11; 3075;     179 
11; 3275;     171 
11; 3474;     198 
11; 3674;     199 
11; 3874;     178 
11; 4074;     204 
11; 4274;     189 
11; 4473;     198 
11; 4673;     192 
11; 4873;     183 
11; 5073;     175 
11; 5272;     150 
11; 5472;     183 
11; 5672;     209 
11; 5872;     202 
11; 6072;     194 
11; 6271;     231 
11; 6471;     238 
11; 6671;     264 
11; 6871;     289 
11; 7070;     256 
11; 7270;     265 
11; 7470;     285 
11; 7670;     263 
11; 7870;     270 
11; 8069;     252 
11; 8269;     204 
11; 8469;     247 
11; 8669;     197 
11; 8868;     181 
11; 9068;     179 
11; 9268;     180 
11; 9468;     147 
11; 9668;     163 
11; 9867;     151 
12; 0067;     158 
12; 0267;     174 
12; 0467;     149 
12; 0666;     172 
12; 0866;     173 
12; 1066;     175 
12; 1266;     170 
12; 1466;     192 
12; 1665;     191 
12; 1865;     212 
12; 2065;     216 
12; 2265;     211 
12; 2464;     214 
12; 2664;     204 
12; 2864;     220 
12; 3064;     240 
12; 3264;     238 
12; 3463;     210 
12; 3663;     224 
12; 3863;     208 
12; 4063;     268 
12; 4262;     312 
12; 4462;     339 
12; 4662;     407 
12; 4862;     567 
12; 5062;     650 
12; 5261;     820 
12; 5461;     959 
12; 5661;    1119 
12; 5861;    1266 
12; 6060;    1346 
12; 6260;    1368 
12; 6460;    1280 
12; 6660;    1348 
12; 6860;    1130 
12; 7059;    1004 
12; 7259;     885 
12; 7459;     733 
12; 7659;     607 
12; 7859;     505 
12; 8058;     432 
12; 8258;     360 
12; 8458;     261 
12; 8658;     244 
12; 8857;     219 
12; 9057;     218 
12; 9257;     200 
12; 9457;     203 
12; 9657;     195 
12; 9856;     186 
13; 0056;     186 
13; 0256;     189 
13; 0456;     173 
13; 0655;     177 
13; 0855;     167 
13; 1055;     159 
13; 1255;     167 
13; 1455;     134 
13; 1654;     128 
13; 1854;     156 
13; 2054;     131 
13; 2254;     126 
13; 2453;     134 
13; 2653;     119 
13; 2853;     128 
13; 3053;     131 
13; 3253;     111 
13; 3452;     127 
13; 3652;     134 
13; 3852;     124 
13; 4052;     107 
13; 4251;     112 
13; 4451;     115 
13; 4651;     109 
13; 4851;     100 
13; 5051;     112 
13; 5250;     104 
13; 5450;     111 
13; 5650;     110 
13; 5850;     107 
13; 6049;     123 
13; 6249;     106 
13; 6449;     110 
13; 6649;     112 
13; 6849;     119 
13; 7048;     102 
13; 7248;     109 
13; 7448;     107 
13; 7648;      99 
13; 7847;     103 
13; 8047;     113 
13; 8247;      86 
13; 8447;     114 
13; 8647;     107 
13; 8846;     107 
13; 9046;     109 
13; 9246;     133 
13; 9446;     116 
13; 9645;     109 
13; 9845;      89 
14; 0045;     105 
14; 0245;     115 
14; 0445;     109 
14; 0644;     132 
14; 0844;     106 
14; 1044;     110 
14; 1244;     106 
14; 1443;     122 
14; 1643;     121 
14; 1843;     115 
14; 2043;     134 
14; 2243;     126 
14; 2442;     132 
14; 2642;     136 
14; 2842;     132 
14; 3042;     142 
14; 3241;     161 
14; 3441;     147 
14; 3641;     129 
14; 3841;     175 
14; 4041;     181 
14; 4240;     173 
14; 4440;     182 
14; 4640;     198 
14; 4840;     176 
14; 5039;     166 
14; 5239;     174 
14; 5439;     175 
14; 5639;     154 
14; 5839;     176 
14; 6038;     164 
14; 6238;     188 
14; 6438;     202 
14; 6638;     221 
14; 6838;     216 
14; 7037;     258 
14; 7237;     267 
14; 7437;     280 
14; 7637;     274 
14; 7836;     255 
14; 8036;     245 
14; 8236;     279 
14; 8436;     230 
14; 8636;     215 
14; 8835;     221 
14; 9035;     181 
14; 9235;     158 
14; 9435;     146 
14; 9634;     150 
14; 9834;     159 
15; 0034;     153 
15; 0234;     119 
15; 0434;     158 
15; 0633;     149 
15; 0833;     145 
15; 1033;     170 
15; 1233;     180 
15; 1432;     199 
15; 1632;     169 
15; 1832;     158 
15; 2032;     163 
15; 2232;     167 
15; 2431;     168 
15; 2631;     160 
15; 2831;     134 
15; 3031;     122 
15; 3230;     156 
15; 3430;     115 
15; 3630;     127 
15; 3830;     119 
15; 4030;     147 
15; 4229;     129 
15; 4429;     120 
15; 4629;     125 
15; 4829;     124 
15; 5028;     134 
15; 5228;     135 
15; 5428;     127 
15; 5628;     115 
15; 5828;     113 
15; 6027;     119 
15; 6227;     125 
15; 6427;     124 
15; 6627;     130 
15; 6826;     119 
15; 7026;     103 
15; 7226;     109 
15; 7426;     145 
15; 7626;     121 
15; 7825;     131 
15; 8025;     146 
15; 8225;     162 
15; 8425;     168 
15; 8624;     229 
15; 8824;     288 
15; 9024;     350 
15; 9224;     473 
15; 9424;     627 
15; 9623;     802 
15; 9823;    1125 
16; 0023;    1248 
16; 0223;    1494 
16; 0422;    1872 
16; 0622;    1987 
16; 0822;    2210 
16; 1022;    2364 
16; 1222;    2310 
16; 1421;    2171 
16; 1621;    2057 
16; 1821;    1901 
16; 2021;    1599 
16; 2220;    1394 
16; 2420;    1100 
16; 2620;     890 
16; 2820;     670 
16; 3020;     477 
16; 3219;     371 
16; 3419;     294 
16; 3619;     226 
16; 3819;     194 
16; 4018;     148 
16; 4218;     139 
16; 4418;     114 
16; 4618;     126 
16; 4818;     135 
16; 5017;     155 
16; 5217;     165 
16; 5417;     201 
16; 5617;     213 
16; 5816;     234 
16; 6016;     282 
16; 6216;     310 
16; 6416;     344 
16; 6616;     332 
16; 6815;     397 
16; 7015;     423 
16; 7215;     446 
16; 7415;     424 
16; 7615;     423 
16; 7814;     405 
16; 8014;     427 
16; 8214;     480 
16; 8414;     494 
16; 8613;     534 
16; 8813;     585 
16; 9013;     607 
16; 9213;     676 
16; 9413;     669 
16; 9612;     792 
16; 9812;     711 
17; 0012;     736 
17; 0212;     679 
17; 0411;     661 
17; 0611;     526 
17; 0811;     465 
17; 1011;     409 
17; 1211;     340 
17; 1410;     274 
17; 1610;     254 
17; 1810;     169 
17; 2010;     153 
17; 2209;     130 
17; 2409;     106 
17; 2609;     106 
17; 2809;      99 
17; 3009;      92 
17; 3208;      91 
17; 3408;      93 
17; 3608;      74 
17; 3808;      94 
17; 4007;      86 
17; 4207;      87 
17; 4407;     104 
17; 4607;      91 
17; 4807;      95 
17; 5006;     106 
17; 5206;     119 
17; 5406;     125 
17; 5606;     122 
17; 5805;     125 
17; 6005;     128 
17; 6205;     122 
17; 6405;     110 
17; 6605;     143 
17; 6804;     117 
17; 7004;     113 
17; 7204;     124 
17; 7404;     114 
17; 7603;     118 
17; 7803;     110 
17; 8003;     129 
17; 8203;     101 
17; 8403;     118 
17; 8602;     109 
17; 8802;     116 
17; 9002;     106 
17; 9202;     113 
17; 9401;      99 
17; 9601;      82 
17; 9801;      88 
18; 0001;      89 
18; 0201;      86 
18; 0400;      90 
18; 0600;      71 
18; 0800;      63 
18; 1000;      65 
18; 1199;      60 
18; 1399;      47 
18; 1599;      79 
18; 1799;      49 
18; 1999;      72 
18; 2198;      79 
18; 2398;      82 
18; 2598;      73 
18; 2798;      67 
18; 2997;      68 
18; 3197;      80 
18; 3397;      81 
18; 3597;      83 
18; 3797;      86 
18; 3996;      71 
18; 4196;      81 
18; 4396;      94 
18; 4596;      88 
18; 4795;     111 
18; 4995;     112 
18; 5195;     111 
18; 5395;     125 
18; 5595;     134 
18; 5794;     127 
18; 5994;     139 
18; 6194;     143 
18; 6394;     147 
18; 6594;     136 
18; 6793;     133 
18; 6993;     136 
18; 7193;     120 
18; 7393;     122 
18; 7592;     122 
18; 7792;     126 
18; 7992;     134 
18; 8192;     140 
18; 8392;     129 
18; 8591;     141 
18; 8791;     109 
18; 8991;     105 
18; 9191;     137 
18; 9390;     130 
18; 9590;     155 
18; 9790;     150 
18; 9990;     132 
19; 0190;     141 
19; 0389;     160 
19; 0589;     141 
19; 0789;     153 
19; 0989;     171 
19; 1188;     138 
19; 1388;     146 
19; 1588;     168 
19; 1788;     127 
19; 1988;     156 
19; 2187;     146 
19; 2387;     165 
19; 2587;     128 
19; 2787;     131 
19; 2986;     123 
19; 3186;     124 
19; 3386;     118 
19; 3586;     116 
19; 3786;     127 
19; 3985;     107 
19; 4185;     103 
19; 4385;      86 
19; 4585;     102 
19; 4784;      97 
19; 4984;     109 
19; 5184;      81 
19; 5384;      92 
19; 5584;      67 
19; 5783;      71 
19; 5983;      70 
19; 6183;      85 
19; 6383;      71 
19; 6582;      60 
19; 6782;      66 
19; 6982;      63 
19; 7182;      63 
19; 7382;      55 
19; 7581;      68 
19; 7781;      69 
19; 7981;      53 
19; 8181;      63 
19; 8380;      52 
19; 8580;      59 
19; 8780;      70 
19; 8980;      79 
19; 9180;      94 
19; 9379;      72 
19; 9579;      83 
19; 9779;     109 
19; 9979;     111 
20; 0178;     122 
20; 0378;     133 
20; 0578;     149 
20; 0778;     156 
20; 0978;     162 
20; 1177;     170 
20; 1377;     198 
20; 1577;     210 
20; 1777;     193 
20; 1976;     195 
20; 2176;     215 
20; 2376;     204 
20; 2576;     201 
20; 2776;     168 
20; 2975;     167 
20; 3175;     133 
20; 3375;     113 
20; 3575;     114 
20; 3774;     105 
20; 3974;     111 
20; 4174;      74 
20; 4374;      65 
20; 4574;      69 
20; 4773;      57 
20; 4973;      53 
20; 5173;      63 
20; 5373;      54 
20; 5573;      62 
20; 5772;      54 
20; 5972;      75 
20; 6172;      72 
20; 6372;      76 
20; 6571;      74 
20; 6771;      76 
20; 6971;      61 
20; 7171;      72 
20; 7371;      66 
20; 7570;      75 
20; 7770;      69 
20; 7970;      69 
20; 8170;      73 
20; 8369;      83 
20; 8569;      53 
20; 8769;      68 
20; 8969;      70 
20; 9169;      57 
20; 9368;      75 
20; 9568;      59 
20; 9768;      77 
20; 9968;      81 
21; 0167;      86 
21; 0367;      80 
21; 0567;      98 
21; 0767;     104 
21; 0967;      92 
21; 1166;     109 
21; 1366;      95 
21; 1566;     109 
21; 1766;     106 
21; 1965;     107 
21; 2165;      93 
21; 2365;      91 
21; 2565;      89 
21; 2765;      88 
21; 2964;      83 
21; 3164;      68 
21; 3364;      76 
21; 3564;      65 
21; 3763;      71 
21; 3963;      71 
21; 4163;      64 
21; 4363;      48 
21; 4563;      48 
21; 4762;      60 
21; 4962;      53 
21; 5162;      51 
21; 5362;      48 
21; 5561;      44 
21; 5761;      52 
21; 5961;      39 
21; 6161;      58 
21; 6361;      42 
21; 6560;      40 
21; 6760;      47 
21; 6960;      40 
21; 7160;      37 
21; 7359;      47 
21; 7559;      40 
21; 7759;      41 
21; 7959;      43 
21; 8159;      40 
21; 8358;      40 
21; 8558;      39 
21; 8758;      60 
21; 8958;      51 
21; 9157;      54 
21; 9357;      60 
21; 9557;      58 
21; 9757;      55 
21; 9957;      61 
22; 0156;      65 
22; 0356;      77 
22; 0556;      78 
22; 0756;      68 
22; 0955;      79 
22; 1155;      80 
22; 1355;      70 
22; 1555;      83 
22; 1755;      62 
22; 1954;      83 
22; 2154;      66 
22; 2354;      61 
22; 2554;      65 
22; 2753;      73 
22; 2953;      44 
22; 3153;      46 
22; 3353;      51 
22; 3553;      37 
22; 3752;      51 
22; 3952;      33 
22; 4152;      32 
22; 4352;      39 
22; 4551;      39 
22; 4751;      36 
22; 4951;      35 
22; 5151;      42 
22; 5351;      51 
22; 5550;      39 
22; 5750;      40 
22; 5950;      37 
22; 6150;      37 
22; 6350;      51 
22; 6549;      63 
22; 6749;      66 
22; 6949;      61 
22; 7149;      54 
22; 7348;      67 
22; 7548;      72 
22; 7748;      54 
22; 7948;      71 
22; 8148;      52 
22; 8347;      53 
22; 8547;      51 
22; 8747;      39 
22; 8947;      38 
22; 9146;      43 
22; 9346;      30 
22; 9546;      34 
22; 9746;      31 
22; 9946;      38 
23; 0145;      29 
23; 0345;      23 
23; 0545;      26 
23; 0745;      31 
23; 0944;      24 
23; 1144;      35 
23; 1344;      40 
23; 1544;      26 
23; 1744;      29 
23; 1943;      38 
23; 2143;      28 
23; 2343;      31 
23; 2543;      34 
23; 2742;      33 
23; 2942;      25 
23; 3142;      32 
23; 3342;      29 
23; 3542;      25 
23; 3741;      25 
23; 3941;      24 
23; 4141;      42 
23; 4341;      23 
23; 4540;      21 
23; 4740;      33 
23; 4940;      24 
23; 5140;      27 
23; 5340;      39 
23; 5539;      32 
23; 5739;      26 
23; 5939;      31 
23; 6139;      15 
23; 6338;      24 
23; 6538;      29 
23; 6738;      25 
23; 6938;      32 
23; 7138;      30 
23; 7337;      33 
23; 7537;      43 
23; 7737;      36 
23; 7937;      34 
23; 8136;      40 
23; 8336;      32 
23; 8536;      28 
23; 8736;      34 
23; 8936;      37 
23; 9135;      39 
23; 9335;      38 
23; 9535;      26 
23; 9735;      38 
23; 9934;      40 
24; 0134;      25 
24; 0334;      38 
24; 0534;      36 
24; 0734;      37 
24; 0933;      38 
24; 1133;      30 
24; 1333;      41 
24; 1533;      29 
24; 1732;      31 
24; 1932;      49 
24; 2132;      33 
24; 2332;      40 
24; 2532;      44 
24; 2731;      30 
24; 2931;      41 
24; 3131;      36 
24; 3331;      23 
24; 3530;      39 
24; 3730;      29 
24; 3930;      32 
24; 4130;      26 
24; 4330;      27 
24; 4529;      18 
24; 4729;      32 
24; 4929;      22 
24; 5129;      28 
24; 5329;      25 
24; 5528;      32 
24; 5728;      26 
24; 5928;      23 
24; 6128;      24 
24; 6327;      30 
24; 6527;      30 
24; 6727;      18 
24; 6927;      21 
24; 7127;      29 
24; 7326;      35 
24; 7526;      35 
24; 7726;      39 
24; 7926;      41 
24; 8125;      53 
24; 8325;      75 
24; 8525;      79 
24; 8725;      91 
24; 8925;     100 
24; 9124;     122 
24; 9324;     143 
24; 9524;     170 
24; 9724;     184 
24; 9923;     213 
25; 0123;     259 
25; 0323;     256 
25; 0523;     256 
25; 0723;     320 
25; 0922;     326 
25; 1122;     322 
25; 1322;     367 
25; 1522;     375 
25; 1721;     423 
25; 1921;     421 
25; 2121;     452 
25; 2321;     454 
25; 2521;     456 
25; 2720;     424 
25; 2920;     459 
25; 3120;     461 
25; 3320;     392 
25; 3519;     388 
25; 3719;     353 
25; 3919;     312 
25; 4119;     280 
25; 4319;     215 
25; 4518;     187 
25; 4718;     165 
25; 4918;     119 
25; 5118;      90 
25; 5317;      84 
25; 5517;      57 
25; 5717;      46 
25; 5917;      42 
25; 6117;      32 
25; 6316;      34 
25; 6516;      31 
25; 6716;      24 
25; 6916;      19 
25; 7115;      30 
25; 7315;      29 
25; 7515;      20 
25; 7715;      23 
25; 7915;      19 
25; 8114;      18 
25; 8314;      22 
25; 8514;      13 
25; 8714;      26 
25; 8913;      20 
25; 9113;      20 
25; 9313;      26 
25; 9513;      10 
25; 9713;      22 
25; 9912;      32 
26; 0112;      21 
26; 0312;      20 
26; 0512;      33 
26; 0711;      26 
26; 0911;      22 
26; 1111;      21 
26; 1311;      25 
26; 1511;      14 
26; 1710;      24 
26; 1910;      27 
26; 2110;      33 
26; 2310;      32 
26; 2509;      27 
26; 2709;      26 
26; 2909;      32 
26; 3109;      28 
26; 3309;      41 
26; 3508;      33 
26; 3708;      36 
26; 3908;      31 
26; 4108;      32 
26; 4308;      27 
26; 4507;      17 
26; 4707;      26 
26; 4907;      27 
26; 5107;      25 
26; 5306;      26 
26; 5506;      22 
26; 5706;      23 
26; 5906;      15 
26; 6106;      24 
26; 6305;      13 
26; 6505;      18 
26; 6705;      14 
26; 6905;      24 
26; 7104;      14 
26; 7304;      15 
26; 7504;      12 
26; 7704;      17 
26; 7904;      23 
26; 8103;      18 
26; 8303;      15 
26; 8503;      13 
26; 8703;      13 
26; 8902;      13 
26; 9102;      12 
26; 9302;      13 
26; 9502;      13 
26; 9702;      19 
26; 9901;      17 
27; 0101;      15 
27; 0301;      20 
27; 0501;      17 
27; 0700;       9 
27; 0900;      16 
27; 1100;      25 
27; 1300;       8 
27; 1500;      17 
27; 1699;      19 
27; 1899;      22 
27; 2099;      22 
27; 2299;      26 
27; 2498;      19 
27; 2698;      13 
27; 2898;      11 
27; 3098;      15 
27; 3298;      17 
27; 3497;      18 
27; 3697;      22 
27; 3897;      16 
27; 4097;      17 
27; 4296;      17 
27; 4496;      12 
27; 4696;      15 
27; 4896;      19 
27; 5096;      14 
27; 5295;      13 
27; 5495;      21 
27; 5695;      14 
27; 5895;       9 
27; 6094;      19 
27; 6294;      15 
27; 6494;      22 
27; 6694;      16 
27; 6894;      13 
27; 7093;      13 
27; 7293;       9 
27; 7493;      17 
27; 7693;      16 
27; 7892;      11 
27; 8092;      20 
27; 8292;      19 
27; 8492;      16 
27; 8692;      14 
27; 8891;      16 
27; 9091;      13 
27; 9291;      15 
27; 9491;      16 
27; 9690;      11 
27; 9890;      11 
28; 0090;      10 
28; 0290;      12 
28; 0490;      15 
28; 0689;      14 
28; 0889;      12 
28; 1089;      16 
28; 1289;      10 
28; 1488;      20 
28; 1688;      24 
28; 1888;      18 
28; 2088;      25 
28; 2288;      27 
28; 2487;      22 
28; 2687;      30 
28; 2887;      34 
28; 3087;      32 
28; 3287;      47 
28; 3486;      52 
28; 3686;      68 
28; 3886;      70 
28; 4086;      79 
28; 4285;     100 
28; 4485;     104 
28; 4685;     110 
28; 4885;      87 
28; 5085;      95 
28; 5284;      97 
28; 5484;      88 
28; 5684;      90 
28; 5884;      69 
28; 6083;      77 
28; 6283;      65 
28; 6483;      51 
28; 6683;      52 
28; 6883;      54 
28; 7082;      37 
28; 7282;      26 
28; 7482;      34 
28; 7682;      29 
28; 7881;      14 
28; 8081;      21 
28; 8281;      15 
28; 8481;      18 
28; 8681;      15 
28; 8880;      13 
28; 9080;      20 
28; 9280;      15 
28; 9480;      18 
28; 9679;      14 
28; 9879;      22 
29; 0079;      24 
29; 0279;      22 
29; 0479;      20 
29; 0678;      28 
29; 0878;      27 
29; 1078;      29 
29; 1278;      32 
29; 1477;      37 
29; 1677;      29 
29; 1877;      34 
29; 2077;      29 
29; 2277;      26 
29; 2476;      26 
29; 2676;      21 
29; 2876;      29 
29; 3076;      29 
29; 3275;      14 
29; 3475;      15 
29; 3675;      19 
29; 3875;      13 
29; 4075;      14 
29; 4274;       6 
29; 4474;      12 
29; 4674;       8 
29; 4874;      10 
29; 5073;       8 
29; 5273;      13 
29; 5473;      15 
29; 5673;       7 
29; 5873;      15 
29; 6072;       8 
29; 6272;      12 
29; 6472;       9 
29; 6672;      14 
29; 6871;      11 
29; 7071;      12 
29; 7271;      11 
29; 7471;      14 
29; 7671;      15 
29; 7870;      18 
29; 8070;      10 
29; 8270;      10 
29; 8470;      10 
29; 8669;       9 
29; 8869;      12 
29; 9069;       5 
29; 9269;      10 
29; 9469;      17 
29; 9668;      11 
29; 9868;       5 
30; 0068;      12 
30; 0268;       4 
30; 0467;      12 
30; 0667;      11 
30; 0867;      15 
30; 1067;       6 
30; 1267;       9 
30; 1466;       6 
30; 1666;       4 
30; 1866;      15 
30; 2066;       5 
30; 2265;      10 
30; 2465;      11 
30; 2665;       5 
30; 2865;      10 
30; 3065;       5 
30; 3264;      11 
30; 3464;       5 
30; 3664;      12 
30; 3864;       8 
30; 4064;      11 
30; 4263;       7 
30; 4463;       7 
30; 4663;       2 
30; 4863;      11 
30; 5062;      14 
30; 5262;       7 
30; 5462;       8 
30; 5662;      11 
30; 5862;       8 
30; 6061;       5 
30; 6261;      13 
30; 6461;       8 
30; 6661;       9 
30; 6860;       8 
30; 7060;       9 
30; 7260;       8 
30; 7460;       6 
30; 7660;       3 
30; 7859;      10 
30; 8059;       2 
30; 8259;       5 
30; 8459;       7 
30; 8658;       9 
30; 8858;      10 
30; 9058;       8 
30; 9258;       4 
30; 9458;       6 
30; 9657;       6 
30; 9857;       7 
31; 0057;       7 
31; 0257;       6 
31; 0456;       6 
31; 0656;       6 
31; 0856;       4 
31; 1056;      11 
31; 1256;       3 
31; 1455;       9 
31; 1655;       5 
31; 1855;       6 
31; 2055;       8 
31; 2254;       6 
31; 2454;       3 
31; 2654;       9 
31; 2854;      10 
31; 3054;       5 
31; 3253;       2 
31; 3453;       3 
31; 3653;       7 
31; 3853;      10 
31; 4052;       6 
31; 4252;      11 
31; 4452;       1 
31; 4652;       2 
31; 4852;       7 
31; 5051;       8 
31; 5251;      11 
31; 5451;       7 
31; 5651;      11 
31; 5850;       8 
31; 6050;       6 
31; 6250;       8 
31; 6450;       4 
31; 6650;       0 
31; 6849;       7 
31; 7049;       5 
31; 7249;       5 
31; 7449;       8 
31; 7648;       6 
31; 7848;       3 
31; 8048;       7 
31; 8248;       6 
31; 8448;       5 
31; 8647;       2 
31; 8847;       7 
31; 9047;       6 
31; 9247;       8 
31; 9446;       5 
31; 9646;       4 
31; 9846;       2 
32; 0046;       8 
32; 0246;       2 
32; 0445;       2 
32; 0645;       3 
32; 0845;       7 
32; 1045;       3 
32; 1244;       7 
32; 1444;       7 
32; 1644;       4 
32; 1844;       4 
32; 2044;       4 
32; 2243;       3 
32; 2443;       8 
32; 2643;       2 
32; 2843;       3 
32; 3043;       3 
32; 3242;       3 
32; 3442;       5 
32; 3642;       3 
32; 3842;       3 
32; 4041;       6 
32; 4241;       2 
32; 4441;       3 
32; 4641;       2 
32; 4841;       5 
32; 5040;       4 
32; 5240;       6 
32; 5440;       8 
32; 5640;       2 
32; 5839;       6 
32; 6039;       4 
32; 6239;       4 
32; 6439;       5 
32; 6639;       3 
32; 6838;       3 
32; 7038;       8 
32; 7238;       7 
32; 7438;       4 
32; 7637;       4 
32; 7837;       5 
32; 8037;       8 
32; 8237;       1 
32; 8437;       2 
32; 8636;       4 
32; 8836;       2 
32; 9036;       9 
32; 9236;       6 
32; 9435;       6 
32; 9635;       9 
32; 9835;      12 
33; 0035;       9 
33; 0235;      11 
33; 0434;      10 
33; 0634;      13 
33; 0834;       7 
33; 1034;       9 
33; 1233;      13 
33; 1433;      10 
33; 1633;      13 
33; 1833;      10 
33; 2033;      10 
33; 2232;      14 
33; 2432;       8 
33; 2632;      16 
33; 2832;      11 
33; 3031;      12 
33; 3231;      20 
33; 3431;      17 
33; 3631;      12 
33; 3831;       8 
33; 4030;      12 
33; 4230;      13 
33; 4430;      17 
33; 4630;      14 
33; 4829;      12 
33; 5029;      10 
33; 5229;      10 
33; 5429;      12 
33; 5629;       3 
33; 5828;       5 
33; 6028;       5 
33; 6228;      10 
33; 6428;       7 
33; 6627;       2 
33; 6827;       0 
33; 7027;       5 
33; 7227;       8 
33; 7427;       5 
33; 7626;       3 
33; 7826;       3 
33; 8026;       2 
33; 8226;       5 
33; 8425;       8 
33; 8625;       2 
33; 8825;       7 
33; 9025;       3 
33; 9225;       6 
33; 9424;       2 
33; 9624;       4 
33; 9824;       1 
34; 0024;       8 
34; 0223;       4 
34; 0423;       4 
34; 0623;       3 
34; 0823;       6 
34; 1023;       4 
34; 1222;      10 
34; 1422;       3 
34; 1622;       6 
34; 1822;       2 
34; 2022;       9 
34; 2221;       3 
34; 2421;       5 
34; 2621;       5 
34; 2821;       1 
34; 3020;       5 
34; 3220;       1 
34; 3420;       1 
34; 3620;       3 
34; 3820;       6 
34; 4019;       1 
34; 4219;       2 
34; 4419;       4 
34; 4619;       2 
34; 4818;       4 
34; 5018;       2 
34; 5218;       0 
34; 5418;       5 
34; 5618;       0 
34; 5817;       3 
34; 6017;       0 
34; 6217;       5 
34; 6417;       2 
34; 6616;       4 
34; 6816;       0 
34; 7016;       0 
34; 7216;       0 
34; 7416;       2 
34; 7615;       2 
34; 7815;       2 
34; 8015;       0 
34; 8215;       1 
34; 8414;       5 
34; 8614;       4 
34; 8814;       5 
34; 9014;       0 
34; 9214;       2 
34; 9413;       2 
34; 9613;       3 
34; 9813;       1 
35; 0013;       0 
35; 0212;       1 
35; 0412;       2 
35; 0612;       0 
35; 0812;       3 
35; 1012;       2 
35; 1211;       0 
35; 1411;       1 
35; 1611;       4 
35; 1811;       0 
35; 2010;       0 
35; 2210;       2 
35; 2410;       2 
35; 2610;       1 
35; 2810;       1 
35; 3009;       4 
35; 3209;       1 
35; 3409;       3 
35; 3609;       0 
35; 3808;       2 
35; 4008;       0 
35; 4208;       1 
35; 4408;       1 
35; 4608;       1 
35; 4807;       1 
35; 5007;       0 
35; 5207;       4 
35; 5407;       2 
35; 5606;       3 
35; 5806;       1 
35; 6006;       2 
35; 6206;       1 
35; 6406;       0 
35; 6605;       0 
35; 6805;       1 
35; 7005;       1 
35; 7205;       1 
35; 7404;       2 
35; 7604;       2 
35; 7804;       1 
35; 8004;       2 
35; 8204;       1 
35; 8403;       2 
35; 8603;       1 
35; 8803;       0 
35; 9003;       4 
35; 9202;       0 
35; 9402;       4 
35; 9602;       0 
35; 9802;       0 
36; 0002;       2 
36; 0201;       1 
36; 0401;       1 
36; 0601;       1 
36; 0801;       2 
36; 1000;       0 
36; 1200;       0 
36; 1400;       1 
36; 1600;       0 
36; 1800;       0 
36; 1999;       2 
36; 2199;       0 
36; 2399;       3 
36; 2599;       1 
36; 2799;       0 
36; 2998;       0 
36; 3198;       0 
36; 3398;       1 
36; 3598;       0 
36; 3797;       0 
36; 3997;       0 
36; 4197;       1 
36; 4397;       1 
36; 4597;       1 
36; 4796;       2 
36; 4996;       5 
36; 5196;       0 
36; 5396;       3 
36; 5595;       4 
36; 5795;       3 
36; 5995;       1 
36; 6195;       2 
36; 6395;       3 
36; 6594;       1 
36; 6794;       1 
36; 6994;       3 
36; 7194;       2 
36; 7393;       3 
36; 7593;       1 
36; 7793;       2 
36; 7993;       1 
36; 8193;       1 
36; 8392;       0 
36; 8592;       1 
36; 8792;       1 
36; 8992;       0 
36; 9191;       1 
36; 9391;       2 
36; 9591;       0 
36; 9791;       0 
36; 9991;       0 
37; 0190;       2 
37; 0390;       1 
37; 0590;       1 
37; 0790;       1 
37; 0989;       2 
37; 1189;       4 
37; 1389;       3 
37; 1589;       2 
37; 1789;       0 
37; 1988;       0 
37; 2188;       3 
37; 2388;       0 
37; 2588;       0 
37; 2787;       2 
37; 2987;       0 
37; 3187;       2 
37; 3387;       2 
37; 3587;       1 
37; 3786;       1 
37; 3986;       1 
37; 4186;       0 
37; 4386;       0 
37; 4585;       0 
37; 4785;       0 
37; 4985;       0 
37; 5185;       0 
37; 5385;       1 
37; 5584;       0 
37; 5784;       1 
37; 5984;       0 
37; 6184;       2 
37; 6383;       0 
37; 6583;       0 
37; 6783;       1 
37; 6983;       3 
37; 7183;       0 
37; 7382;       0 
37; 7582;       0 
37; 7782;       1 
37; 7982;       1 
37; 8181;       0 
37; 8381;       2 
37; 8581;       0 
37; 8781;       1 
37; 8981;       1 
37; 9180;       0 
37; 9380;       1 
37; 9580;       0 
37; 9780;       1 
37; 9979;       2 
38; 0179;       1 
38; 0379;       0 
38; 0579;       0 
38; 0779;       1 
38; 0978;       0 
38; 1178;       0 
38; 1378;       1 
38; 1578;       0 
38; 1778;       2 
38; 1977;       1 
38; 2177;       1 
38; 2377;       0 
38; 2577;       0 
38; 2776;       0 
38; 2976;       0 
38; 3176;       0 
38; 3376;       2 
38; 3576;       1 
38; 3775;       0 
38; 3975;       0 
38; 4175;       0 
38; 4375;       1 
38; 4574;       1 
38; 4774;       1 
38; 4974;       0 
38; 5174;       0 
38; 5374;       0 
38; 5573;       0 
38; 5773;       0 
38; 5973;       0 
38; 6173;       1 
38; 6372;       1 
38; 6572;       0 
38; 6772;       0 
38; 6972;       0 
38; 7172;       0 
38; 7371;       1 
38; 7571;       1 
38; 7771;       1 
38; 7971;       0 
38; 8170;       0 
38; 8370;       0 
38; 8570;       1 
38; 8770;       0 
38; 8970;       0 
38; 9169;       0 
38; 9369;       0 
38; 9569;       0 
38; 9769;       0 
38; 9968;       0 
39; 0168;       0 
39; 0368;       2 
39; 0568;       0 
39; 0768;       0 
39; 0967;       0 
39; 1167;       0 
39; 1367;       0 
39; 1567;       0 
39; 1766;       0 
39; 1966;       0 
39; 2166;       0 
39; 2366;       0 
39; 2566;       0 
39; 2765;       1 
39; 2965;       1 
39; 3165;       0 
39; 3365;       0 
39; 3564;       1 
39; 3764;       0 
39; 3964;       0 
39; 4164;       0 
39; 4364;       1 
39; 4563;       0 
39; 4763;       0 
39; 4963;       1 
39; 5163;       0 
39; 5362;       0 
39; 5562;       2 
39; 5762;       0 
39; 5962;       0 
39; 6162;       0 
39; 6361;       1 
39; 6561;       0 
39; 6761;       1 
39; 6961;       0 
39; 7160;       0 
39; 7360;       0 
39; 7560;       0 
39; 7760;       0 
39; 7960;       2 
39; 8159;       0 
39; 8359;       1 
39; 8559;       0 
39; 8759;       0 
39; 8958;       0 
39; 9158;       0 
39; 9358;       0 
39; 9558;       0 
39; 9758;       0 
39; 9957;       0 
40; 0157;       1 
40; 0357;       0 
40; 0557;       0 
40; 0757;       0 
40; 0956;       0 
40; 1156;       0 
40; 1356;       0 
40; 1556;       0 
40; 1755;       0 
40; 1955;       0 
40; 2155;       0 
40; 2355;       0 
40; 2555;       0 
40; 2754;       0 
40; 2954;       0 
40; 3154;       0 
40; 3354;       0 
40; 3553;       0 
40; 3753;       0 
40; 3953;       0 
40; 4153;       0 
40; 4353;       0 
40; 4552;       0 
40; 4752;       0 
40; 4952;       1 
40; 5152;       0 
40; 5351;       1 
40; 5551;       0 
40; 5751;       0 
40; 5951;       0 
40; 6151;       0 
40; 6350;       0 
40; 6550;       0 
40; 6750;       0 
40; 6950;       0 
40; 7149;       0 
40; 7349;       0 
40; 7549;       0 
40; 7749;       0 
40; 7949;       1 
40; 8148;       0 
40; 8348;       0 
40; 8548;       0 
40; 8748;       0 
40; 8947;       0 
