0; 0000;     249 
0; 0200;     225 
0; 0400;     163 
0; 0599;     113 
0; 0799;      59 
0; 0999;      36 
0; 1199;      14 
0; 1398;       7 
0; 1598;       4 
0; 1798;       1 
0; 1998;       1 
0; 2198;       0 
0; 2397;       0 
0; 2597;       0 
0; 2797;       0 
0; 2997;       1 
0; 3196;       0 
0; 3396;       0 
0; 3596;       1 
0; 3796;       0 
0; 3996;       0 
0; 4195;       1 
0; 4395;       0 
0; 4595;       1 
0; 4795;       0 
0; 4994;       0 
0; 5194;       0 
0; 5394;       3 
0; 5594;       7 
0; 5794;      26 
0; 5993;      66 
0; 6193;     112 
0; 6393;     199 
0; 6593;     219 
0; 6792;     231 
0; 6992;     227 
0; 7192;     207 
0; 7392;     204 
0; 7592;     209 
0; 7791;     219 
0; 7991;     199 
0; 8191;     201 
0; 8391;     175 
0; 8590;     184 
0; 8790;     191 
0; 8990;     215 
0; 9190;     218 
0; 9390;     194 
0; 9589;     169 
0; 9789;     164 
0; 9989;     184 
1; 0189;     173 
1; 0388;     191 
1; 0588;     174 
1; 0788;     168 
1; 0988;     182 
1; 1188;     163 
1; 1387;     189 
1; 1587;     174 
1; 1787;     167 
1; 1987;     159 
1; 2186;     152 
1; 2386;     160 
1; 2586;     165 
1; 2786;     158 
1; 2986;     161 
1; 3185;     148 
1; 3385;     157 
1; 3585;     153 
1; 3785;     163 
1; 3984;     161 
1; 4184;     141 
1; 4384;     148 
1; 4584;     147 
1; 4784;     181 
1; 4983;     136 
1; 5183;     158 
1; 5383;     154 
1; 5583;     129 
1; 5782;     141 
1; 5982;     169 
1; 6182;     161 
1; 6382;     168 
1; 6582;     160 
1; 6781;     201 
1; 6981;     207 
1; 7181;     221 
1; 7381;     236 
1; 7581;     203 
1; 7780;     227 
1; 7980;     196 
1; 8180;     170 
1; 8380;     183 
1; 8579;     157 
1; 8779;     139 
1; 8979;     151 
1; 9179;     161 
1; 9379;     179 
1; 9578;     156 
1; 9778;     169 
1; 9978;     177 
2; 0178;     194 
2; 0377;     165 
2; 0577;     156 
2; 0777;     166 
2; 0977;     172 
2; 1177;     157 
2; 1376;     161 
2; 1576;     155 
2; 1776;     178 
2; 1976;     174 
2; 2175;     209 
2; 2375;     189 
2; 2575;     226 
2; 2775;     227 
2; 2975;     255 
2; 3174;     228 
2; 3374;     262 
2; 3574;     242 
2; 3774;     237 
2; 3973;     236 
2; 4173;     239 
2; 4373;     246 
2; 4573;     231 
2; 4773;     240 
2; 4972;     273 
2; 5172;     338 
2; 5372;     376 
2; 5572;     459 
2; 5771;     534 
2; 5971;     641 
2; 6171;     754 
2; 6371;     852 
2; 6571;     939 
2; 6770;     943 
2; 6970;     978 
2; 7170;     965 
2; 7370;     921 
2; 7569;     887 
2; 7769;     805 
2; 7969;     805 
2; 8169;     793 
2; 8369;     781 
2; 8568;     828 
2; 8768;     766 
2; 8968;     796 
2; 9168;     809 
2; 9367;     720 
2; 9567;     715 
2; 9767;     678 
2; 9967;     597 
3; 0167;     538 
3; 0366;     455 
3; 0566;     395 
3; 0766;     377 
3; 0966;     328 
3; 1165;     283 
3; 1365;     255 
3; 1565;     275 
3; 1765;     289 
3; 1965;     296 
3; 2164;     359 
3; 2364;     379 
3; 2564;     399 
3; 2764;     475 
3; 2963;     470 
3; 3163;     488 
3; 3363;     469 
3; 3563;     472 
3; 3763;     387 
3; 3962;     367 
3; 4162;     333 
3; 4362;     264 
3; 4562;     280 
3; 4761;     230 
3; 4961;     273 
3; 5161;     317 
3; 5361;     364 
3; 5561;     435 
3; 5760;     522 
3; 5960;     686 
3; 6160;     929 
3; 6360;    1158 
3; 6559;    1256 
3; 6759;    1323 
3; 6959;    1356 
3; 7159;    1202 
3; 7359;    1057 
3; 7558;     882 
3; 7758;     724 
3; 7958;     558 
3; 8158;     433 
3; 8357;     359 
3; 8557;     307 
3; 8757;     291 
3; 8957;     336 
3; 9157;     309 
3; 9356;     332 
3; 9556;     365 
3; 9756;     387 
3; 9956;     433 
4; 0155;     361 
4; 0355;     398 
4; 0555;     374 
4; 0755;     336 
4; 0955;     329 
4; 1154;     307 
4; 1354;     269 
4; 1554;     278 
4; 1754;     266 
4; 1953;     257 
4; 2153;     256 
4; 2353;     255 
4; 2553;     270 
4; 2753;     276 
4; 2952;     260 
4; 3152;     224 
4; 3352;     268 
4; 3552;     286 
4; 3751;     282 
4; 3951;     269 
4; 4151;     343 
4; 4351;     312 
4; 4551;     367 
4; 4750;     356 
4; 4950;     394 
4; 5150;     389 
4; 5350;     381 
4; 5549;     363 
4; 5749;     344 
4; 5949;     331 
4; 6149;     318 
4; 6349;     317 
4; 6548;     314 
4; 6748;     312 
4; 6948;     321 
4; 7148;     303 
4; 7347;     320 
4; 7547;     317 
4; 7747;     325 
4; 7947;     354 
4; 8147;     343 
4; 8346;     340 
4; 8546;     366 
4; 8746;     394 
4; 8946;     315 
4; 9146;     344 
4; 9345;     376 
4; 9545;     377 
4; 9745;     349 
4; 9945;     347 
5; 0144;     353 
5; 0344;     384 
5; 0544;     342 
5; 0744;     324 
5; 0944;     366 
5; 1143;     347 
5; 1343;     383 
5; 1543;     331 
5; 1743;     335 
5; 1942;     350 
5; 2142;     354 
5; 2342;     365 
5; 2542;     332 
5; 2742;     361 
5; 2941;     414 
5; 3141;     410 
5; 3341;     378 
5; 3541;     428 
5; 3740;     411 
5; 3940;     392 
5; 4140;     403 
5; 4340;     392 
5; 4540;     393 
5; 4739;     441 
5; 4939;     413 
5; 5139;     416 
5; 5339;     406 
5; 5538;     430 
5; 5738;     425 
5; 5938;     420 
5; 6138;     411 
5; 6338;     429 
5; 6537;     446 
5; 6737;     433 
5; 6937;     429 
5; 7137;     458 
5; 7336;     428 
5; 7536;     443 
5; 7736;     430 
5; 7936;     412 
5; 8136;     435 
5; 8335;     426 
5; 8535;     451 
5; 8735;     459 
5; 8935;     491 
5; 9134;     487 
5; 9334;     467 
5; 9534;     420 
5; 9734;     475 
5; 9934;     501 
6; 0133;     486 
6; 0333;     446 
6; 0533;     431 
6; 0733;     513 
6; 0932;     512 
6; 1132;     522 
6; 1332;     555 
6; 1532;     625 
6; 1732;     658 
6; 1931;     832 
6; 2131;     996 
6; 2331;    1130 
6; 2531;    1417 
6; 2730;    1814 
6; 2930;    2154 
6; 3130;    2737 
6; 3330;    3236 
6; 3530;    3745 
6; 3729;    3965 
6; 3929;    4201 
6; 4129;    4114 
6; 4329;    3767 
6; 4528;    3383 
6; 4728;    2783 
6; 4928;    2324 
6; 5128;    1838 
6; 5328;    1411 
6; 5527;    1119 
6; 5727;     866 
6; 5927;     802 
6; 6127;     703 
6; 6326;     656 
6; 6526;     668 
6; 6726;     633 
6; 6926;     596 
6; 7126;     666 
6; 7325;     588 
6; 7525;     678 
6; 7725;     664 
6; 7925;     646 
6; 8124;     690 
6; 8324;     695 
6; 8524;     714 
6; 8724;     737 
6; 8924;     774 
6; 9123;     781 
6; 9323;     877 
6; 9523;     946 
6; 9723;     966 
6; 9922;    1083 
7; 0122;    1156 
7; 0322;    1247 
7; 0522;    1179 
7; 0722;    1268 
7; 0921;    1236 
7; 1121;    1154 
7; 1321;    1100 
7; 1521;    1067 
7; 1720;    1046 
7; 1920;     950 
7; 2120;     916 
7; 2320;     896 
7; 2520;     905 
7; 2719;     953 
7; 2919;     881 
7; 3119;     912 
7; 3319;    1050 
7; 3518;     991 
7; 3718;    1110 
7; 3918;    1153 
7; 4118;    1224 
7; 4318;    1198 
7; 4517;    1244 
7; 4717;    1335 
7; 4917;    1312 
7; 5117;    1303 
7; 5316;    1316 
7; 5516;    1311 
7; 5716;    1254 
7; 5916;    1257 
7; 6116;    1211 
7; 6315;    1245 
7; 6515;    1305 
7; 6715;    1405 
7; 6915;    1460 
7; 7114;    1603 
7; 7314;    1694 
7; 7514;    2102 
7; 7714;    2507 
7; 7914;    3623 
7; 8113;    5352 
7; 8313;    8463 
7; 8513;   13853 
7; 8713;   22253 
7; 8912;   34629 
7; 9112;   52438 
7; 9312;   74653 
7; 9512;  100852 
7; 9712;  128897 
7; 9911;  156554 
8; 0111;  177957 
8; 0311;  191922 
8; 0511;  193915 
8; 0711;  185976 
8; 0910;  167737 
8; 1110;  142137 
8; 1310;  113974 
8; 1510;   86513 
8; 1709;   61814 
8; 1909;   42107 
8; 2109;   26935 
8; 2309;   16528 
8; 2509;    9938 
8; 2708;    5926 
8; 2908;    3719 
8; 3108;    2367 
8; 3308;    1749 
8; 3507;    1366 
8; 3707;    1102 
8; 3907;    1092 
8; 4107;     995 
8; 4307;    1033 
8; 4506;    1037 
8; 4706;     961 
8; 4906;     989 
8; 5106;    1058 
8; 5305;    1050 
8; 5505;    1084 
8; 5705;    1311 
8; 5905;    1334 
8; 6105;    1485 
8; 6304;    1659 
8; 6504;    1830 
8; 6704;    2104 
8; 6904;    2524 
8; 7103;    3366 
8; 7303;    4585 
8; 7503;    6407 
8; 7703;    8900 
8; 7903;   12009 
8; 8102;   15890 
8; 8302;   19916 
8; 8502;   23806 
8; 8702;   26759 
8; 8901;   29455 
8; 9101;   30104 
8; 9301;   29424 
8; 9501;   26758 
8; 9701;   23160 
8; 9900;   18855 
9; 0100;   14922 
9; 0300;   11280 
9; 0500;    7773 
9; 0699;    5256 
9; 0899;    3341 
9; 1099;    2124 
9; 1299;    1345 
9; 1499;     883 
9; 1698;     621 
9; 1898;     433 
9; 2098;     389 
9; 2298;     327 
9; 2497;     281 
9; 2697;     242 
9; 2897;     255 
9; 3097;     246 
9; 3297;     253 
9; 3496;     230 
9; 3696;     236 
9; 3896;     263 
9; 4096;     263 
9; 4295;     243 
9; 4495;     230 
9; 4695;     217 
9; 4895;     237 
9; 5095;     240 
9; 5294;     233 
9; 5494;     263 
9; 5694;     219 
9; 5894;     227 
9; 6093;     237 
9; 6293;     219 
9; 6493;     240 
9; 6693;     248 
9; 6893;     259 
9; 7092;     210 
9; 7292;     216 
9; 7492;     219 
9; 7692;     218 
9; 7891;     200 
9; 8091;     192 
9; 8291;     205 
9; 8491;     186 
9; 8691;     196 
9; 8890;     224 
9; 9090;     180 
9; 9290;     183 
9; 9490;     204 
9; 9689;     183 
9; 9889;     173 
10; 0089;     191 
10; 0289;     187 
10; 0489;     194 
10; 0688;     179 
10; 0888;     174 
10; 1088;     186 
10; 1288;     179 
10; 1487;     165 
10; 1687;     166 
10; 1887;     169 
10; 2087;     169 
10; 2287;     167 
10; 2486;     169 
10; 2686;     174 
10; 2886;     177 
10; 3086;     183 
10; 3285;     168 
10; 3485;     218 
10; 3685;     191 
10; 3885;     230 
10; 4085;     253 
10; 4284;     283 
10; 4484;     292 
10; 4684;     322 
10; 4884;     370 
10; 5083;     440 
10; 5283;     432 
10; 5483;     442 
10; 5683;     410 
10; 5883;     425 
10; 6082;     381 
10; 6282;     361 
10; 6482;     336 
10; 6682;     299 
10; 6881;     253 
10; 7081;     241 
10; 7281;     238 
10; 7481;     218 
10; 7681;     206 
10; 7880;     176 
10; 8080;     191 
10; 8280;     202 
10; 8480;     177 
10; 8679;     194 
10; 8879;     186 
10; 9079;     171 
10; 9279;     152 
10; 9479;     184 
10; 9678;     198 
10; 9878;     201 
11; 0078;     172 
11; 0278;     155 
11; 0477;     157 
11; 0677;     165 
11; 0877;     145 
11; 1077;     161 
11; 1277;     149 
11; 1476;     145 
11; 1676;     143 
11; 1876;     130 
11; 2076;     161 
11; 2275;     152 
11; 2475;     140 
11; 2675;     162 
11; 2875;     175 
11; 3075;     156 
11; 3274;     167 
11; 3474;     152 
11; 3674;     157 
11; 3874;     160 
11; 4074;     162 
11; 4273;     152 
11; 4473;     155 
11; 4673;     129 
11; 4873;     157 
11; 5072;     144 
11; 5272;     158 
11; 5472;     157 
11; 5672;     143 
11; 5872;     142 
11; 6071;     160 
11; 6271;     165 
11; 6471;     156 
11; 6671;     149 
11; 6870;     187 
11; 7070;     197 
11; 7270;     189 
11; 7470;     164 
11; 7670;     189 
11; 7869;     185 
11; 8069;     185 
11; 8269;     170 
11; 8469;     175 
11; 8668;     174 
11; 8868;     159 
11; 9068;     148 
11; 9268;     168 
11; 9468;     135 
11; 9667;     155 
11; 9867;     163 
12; 0067;     151 
12; 0267;     140 
12; 0466;     139 
12; 0666;     156 
12; 0866;     146 
12; 1066;     158 
12; 1266;     145 
12; 1465;     144 
12; 1665;     152 
12; 1865;     135 
12; 2065;     153 
12; 2264;     156 
12; 2464;     132 
12; 2664;     137 
12; 2864;     145 
12; 3064;     130 
12; 3263;     142 
12; 3463;     122 
12; 3663;     114 
12; 3863;     150 
12; 4062;     158 
12; 4262;     133 
12; 4462;     164 
12; 4662;     167 
12; 4862;     185 
12; 5061;     209 
12; 5261;     240 
12; 5461;     281 
12; 5661;     276 
12; 5860;     248 
12; 6060;     287 
12; 6260;     281 
12; 6460;     286 
12; 6660;     272 
12; 6859;     238 
12; 7059;     268 
12; 7259;     215 
12; 7459;     216 
12; 7658;     196 
12; 7858;     138 
12; 8058;     168 
12; 8258;     151 
12; 8458;     164 
12; 8657;     157 
12; 8857;     144 
12; 9057;     139 
12; 9257;     140 
12; 9456;     139 
12; 9656;     123 
12; 9856;     114 
13; 0056;     121 
13; 0256;     150 
13; 0455;     103 
13; 0655;     130 
13; 0855;     124 
13; 1055;     139 
13; 1254;     107 
13; 1454;     127 
13; 1654;     113 
13; 1854;     114 
13; 2054;     115 
13; 2253;     123 
13; 2453;     130 
13; 2653;     122 
13; 2853;     113 
13; 3052;     141 
13; 3252;     125 
13; 3452;     123 
13; 3652;      95 
13; 3852;     124 
13; 4051;     116 
13; 4251;     131 
13; 4451;     104 
13; 4651;     110 
13; 4850;      99 
13; 5050;     114 
13; 5250;     118 
13; 5450;      92 
13; 5650;     126 
13; 5849;     112 
13; 6049;     118 
13; 6249;      88 
13; 6449;     120 
13; 6648;     116 
13; 6848;     126 
13; 7048;     118 
13; 7248;     140 
13; 7448;      96 
13; 7647;     101 
13; 7847;     109 
13; 8047;     112 
13; 8247;     113 
13; 8446;     106 
13; 8646;     134 
13; 8846;      85 
13; 9046;     127 
13; 9246;      94 
13; 9445;     108 
13; 9645;     100 
13; 9845;     113 
14; 0045;      90 
14; 0244;      94 
14; 0444;     119 
14; 0644;     105 
14; 0844;     110 
14; 1044;     135 
14; 1243;     104 
14; 1443;     118 
14; 1643;     111 
14; 1843;      96 
14; 2042;     128 
14; 2242;     120 
14; 2442;     135 
14; 2642;     137 
14; 2842;     144 
14; 3041;     135 
14; 3241;     137 
14; 3441;     159 
14; 3641;     145 
14; 3840;     207 
14; 4040;     200 
14; 4240;     198 
14; 4440;     219 
14; 4640;     191 
14; 4839;     214 
14; 5039;     203 
14; 5239;     205 
14; 5439;     188 
14; 5639;     173 
14; 5838;     159 
14; 6038;     158 
14; 6238;     158 
14; 6438;     110 
14; 6637;     124 
14; 6837;     129 
14; 7037;     109 
14; 7237;     129 
14; 7437;     114 
14; 7636;     129 
14; 7836;     103 
14; 8036;     131 
14; 8236;     145 
14; 8435;     115 
14; 8635;     124 
14; 8835;     134 
14; 9035;      99 
14; 9235;     136 
14; 9434;     111 
14; 9634;     138 
14; 9834;     123 
15; 0034;     109 
15; 0233;     128 
15; 0433;     125 
15; 0633;     119 
15; 0833;     110 
15; 1033;     105 
15; 1232;     109 
15; 1432;     123 
15; 1632;     138 
15; 1832;     152 
15; 2031;     123 
15; 2231;     146 
15; 2431;     127 
15; 2631;     136 
15; 2831;     129 
15; 3030;     136 
15; 3230;     114 
15; 3430;     127 
15; 3630;     123 
15; 3829;     123 
15; 4029;     118 
15; 4229;     123 
15; 4429;     107 
15; 4629;     135 
15; 4828;     118 
15; 5028;     112 
15; 5228;     126 
15; 5428;     128 
15; 5627;     120 
15; 5827;     126 
15; 6027;     114 
15; 6227;     108 
15; 6427;     115 
15; 6626;     111 
15; 6826;     115 
15; 7026;     124 
15; 7226;     110 
15; 7425;     116 
15; 7625;     146 
15; 7825;     148 
15; 8025;     160 
15; 8225;     190 
15; 8424;     231 
15; 8624;     257 
15; 8824;     345 
15; 9024;     409 
15; 9223;     618 
15; 9423;     771 
15; 9623;     953 
15; 9823;    1223 
16; 0023;    1557 
16; 0222;    1809 
16; 0422;    2240 
16; 0622;    2456 
16; 0822;    2615 
16; 1021;    2757 
16; 1221;    2813 
16; 1421;    2649 
16; 1621;    2609 
16; 1821;    2320 
16; 2020;    1903 
16; 2220;    1639 
16; 2420;    1426 
16; 2620;    1158 
16; 2819;     803 
16; 3019;     623 
16; 3219;     427 
16; 3419;     331 
16; 3619;     266 
16; 3818;     198 
16; 4018;     176 
16; 4218;     122 
16; 4418;     111 
16; 4617;      87 
16; 4817;      99 
16; 5017;      99 
16; 5217;     115 
16; 5417;      93 
16; 5616;     107 
16; 5816;     104 
16; 6016;     100 
16; 6216;     104 
16; 6415;     103 
16; 6615;     124 
16; 6815;     133 
16; 7015;     141 
16; 7215;     163 
16; 7414;     195 
16; 7614;     203 
16; 7814;     266 
16; 8014;     337 
16; 8213;     396 
16; 8413;     461 
16; 8613;     504 
16; 8813;     586 
16; 9013;     677 
16; 9212;     799 
16; 9412;     884 
16; 9612;     903 
16; 9812;     901 
17; 0011;     922 
17; 0211;     796 
17; 0411;     804 
17; 0611;     656 
17; 0811;     595 
17; 1010;     507 
17; 1210;     420 
17; 1410;     321 
17; 1610;     246 
17; 1809;     216 
17; 2009;     141 
17; 2209;     107 
17; 2409;      86 
17; 2609;      98 
17; 2808;      84 
17; 3008;      88 
17; 3208;      67 
17; 3408;      64 
17; 3607;      60 
17; 3807;      65 
17; 4007;      68 
17; 4207;      64 
17; 4407;      77 
17; 4606;      78 
17; 4806;      83 
17; 5006;      77 
17; 5206;      61 
17; 5405;      76 
17; 5605;      86 
17; 5805;      84 
17; 6005;      78 
17; 6205;      93 
17; 6404;      78 
17; 6604;      76 
17; 6804;      88 
17; 7004;     101 
17; 7204;     110 
17; 7403;     118 
17; 7603;     115 
17; 7803;     108 
17; 8003;     136 
17; 8202;     112 
17; 8402;     119 
17; 8602;     122 
17; 8802;     127 
17; 9002;      97 
17; 9201;     106 
17; 9401;      89 
17; 9601;      94 
17; 9801;      95 
18; 0000;      93 
18; 0200;      67 
18; 0400;      76 
18; 0600;      80 
18; 0800;      83 
18; 0999;      68 
18; 1199;      58 
18; 1399;      62 
18; 1599;      59 
18; 1798;      68 
18; 1998;      59 
18; 2198;      61 
18; 2398;      68 
18; 2598;      67 
18; 2797;      66 
18; 2997;      63 
18; 3197;      61 
18; 3397;      60 
18; 3596;      67 
18; 3796;      67 
18; 3996;      75 
18; 4196;      67 
18; 4396;      77 
18; 4595;      85 
18; 4795;      78 
18; 4995;      79 
18; 5195;      78 
18; 5394;      78 
18; 5594;      88 
18; 5794;      90 
18; 5994;      93 
18; 6194;     110 
18; 6393;     103 
18; 6593;      93 
18; 6793;     104 
18; 6993;     110 
18; 7192;     122 
18; 7392;     118 
18; 7592;     117 
18; 7792;     126 
18; 7992;     111 
18; 8191;     131 
18; 8391;     148 
18; 8591;     141 
18; 8791;     132 
18; 8990;     173 
18; 9190;     147 
18; 9390;     136 
18; 9590;     170 
18; 9790;     170 
18; 9989;     154 
19; 0189;     156 
19; 0389;     178 
19; 0589;     141 
19; 0788;     153 
19; 0988;     165 
19; 1188;     145 
19; 1388;     131 
19; 1588;     161 
19; 1787;     143 
19; 1987;     142 
19; 2187;     126 
19; 2387;     134 
19; 2586;     148 
19; 2786;     133 
19; 2986;     110 
19; 3186;     129 
19; 3386;     113 
19; 3585;     125 
19; 3785;      97 
19; 3985;     100 
19; 4185;     123 
19; 4384;      93 
19; 4584;      94 
19; 4784;     121 
19; 4984;      61 
19; 5184;      90 
19; 5383;      69 
19; 5583;      96 
19; 5783;      68 
19; 5983;      67 
19; 6182;      92 
19; 6382;      69 
19; 6582;      64 
19; 6782;      61 
19; 6982;      56 
19; 7181;      62 
19; 7381;      60 
19; 7581;      58 
19; 7781;      56 
19; 7980;      55 
19; 8180;      73 
19; 8380;      67 
19; 8580;      62 
19; 8780;      75 
19; 8979;      76 
19; 9179;      72 
19; 9379;      73 
19; 9579;      82 
19; 9778;     105 
19; 9978;     120 
20; 0178;     116 
20; 0378;     105 
20; 0578;     135 
20; 0777;     156 
20; 0977;     143 
20; 1177;     204 
20; 1377;     193 
20; 1576;     177 
20; 1776;     193 
20; 1976;     200 
20; 2176;     187 
20; 2376;     222 
20; 2575;     200 
20; 2775;     181 
20; 2975;     148 
20; 3175;     150 
20; 3374;     137 
20; 3574;     111 
20; 3774;     137 
20; 3974;      73 
20; 4174;      84 
20; 4373;      62 
20; 4573;      60 
20; 4773;      59 
20; 4973;      43 
20; 5172;      50 
20; 5372;      48 
20; 5572;      45 
20; 5772;      59 
20; 5972;      46 
20; 6171;      35 
20; 6371;      30 
20; 6571;      59 
20; 6771;      40 
20; 6970;      46 
20; 7170;      50 
20; 7370;      45 
20; 7570;      45 
20; 7770;      52 
20; 7969;      50 
20; 8169;      52 
20; 8369;      49 
20; 8569;      41 
20; 8768;      55 
20; 8968;      64 
20; 9168;      50 
20; 9368;      68 
20; 9568;      58 
20; 9767;      70 
20; 9967;      60 
21; 0167;      58 
21; 0367;      69 
21; 0567;      83 
21; 0766;      82 
21; 0966;      64 
21; 1166;      81 
21; 1366;      88 
21; 1565;      85 
21; 1765;      68 
21; 1965;      75 
21; 2165;      64 
21; 2365;      85 
21; 2564;      69 
21; 2764;      77 
21; 2964;      56 
21; 3164;      58 
21; 3363;      56 
21; 3563;      52 
21; 3763;      61 
21; 3963;      52 
21; 4163;      53 
21; 4362;      54 
21; 4562;      42 
21; 4762;      54 
21; 4962;      71 
21; 5161;      48 
21; 5361;      53 
21; 5561;      51 
21; 5761;      46 
21; 5961;      63 
21; 6160;      36 
21; 6360;      44 
21; 6560;      42 
21; 6760;      41 
21; 6959;      38 
21; 7159;      44 
21; 7359;      56 
21; 7559;      44 
21; 7759;      36 
21; 7958;      50 
21; 8158;      48 
21; 8358;      36 
21; 8558;      50 
21; 8757;      38 
21; 8957;      41 
21; 9157;      34 
21; 9357;      49 
21; 9557;      28 
21; 9756;      39 
21; 9956;      46 
22; 0156;      46 
22; 0356;      56 
22; 0555;      63 
22; 0755;      43 
22; 0955;      37 
22; 1155;      39 
22; 1355;      47 
22; 1554;      38 
22; 1754;      58 
22; 1954;      56 
22; 2154;      41 
22; 2353;      41 
22; 2553;      22 
22; 2753;      33 
22; 2953;      39 
22; 3153;      38 
22; 3352;      27 
22; 3552;      27 
22; 3752;      39 
22; 3952;      40 
22; 4151;      32 
22; 4351;      28 
22; 4551;      31 
22; 4751;      31 
22; 4951;      29 
22; 5150;      31 
22; 5350;      28 
22; 5550;      32 
22; 5750;      46 
22; 5949;      50 
22; 6149;      56 
22; 6349;      51 
22; 6549;      46 
22; 6749;      53 
22; 6948;      47 
22; 7148;      47 
22; 7348;      59 
22; 7548;      51 
22; 7747;      44 
22; 7947;      57 
22; 8147;      54 
22; 8347;      42 
22; 8547;      31 
22; 8746;      42 
22; 8946;      38 
22; 9146;      41 
22; 9346;      30 
22; 9545;      35 
22; 9745;      31 
22; 9945;      35 
23; 0145;      30 
23; 0345;      21 
23; 0544;      28 
23; 0744;      26 
23; 0944;      28 
23; 1144;      34 
23; 1343;      22 
23; 1543;      39 
23; 1743;      36 
23; 1943;      17 
23; 2143;      25 
23; 2342;      31 
23; 2542;      22 
23; 2742;      30 
23; 2942;      27 
23; 3141;      26 
23; 3341;      27 
23; 3541;      37 
23; 3741;      32 
23; 3941;      22 
23; 4140;      30 
23; 4340;      27 
23; 4540;      28 
23; 4740;      24 
23; 4939;      25 
23; 5139;      26 
23; 5339;      36 
23; 5539;      36 
23; 5739;      18 
23; 5938;      24 
23; 6138;      31 
23; 6338;      27 
23; 6538;      28 
23; 6737;      28 
23; 6937;      29 
23; 7137;      38 
23; 7337;      22 
23; 7537;      18 
23; 7736;      23 
23; 7936;      26 
23; 8136;      31 
23; 8336;      21 
23; 8535;      26 
23; 8735;      30 
23; 8935;      28 
23; 9135;      25 
23; 9335;      28 
23; 9534;      29 
23; 9734;      22 
23; 9934;      29 
24; 0134;      33 
24; 0333;      27 
24; 0533;      39 
24; 0733;      30 
24; 0933;      42 
24; 1133;      39 
24; 1332;      35 
24; 1532;      44 
24; 1732;      40 
24; 1932;      38 
24; 2132;      41 
24; 2331;      44 
24; 2531;      32 
24; 2731;      42 
24; 2931;      40 
24; 3130;      37 
24; 3330;      39 
24; 3530;      30 
24; 3730;      21 
24; 3930;      24 
24; 4129;      28 
24; 4329;      22 
24; 4529;      19 
24; 4729;      26 
24; 4928;      19 
24; 5128;      20 
24; 5328;      16 
24; 5528;      21 
24; 5728;      36 
24; 5927;      23 
24; 6127;      18 
24; 6327;      27 
24; 6527;      23 
24; 6726;      15 
24; 6926;      19 
24; 7126;      19 
24; 7326;      26 
24; 7526;      38 
24; 7725;      22 
24; 7925;      17 
24; 8125;      26 
24; 8325;      26 
24; 8524;      21 
24; 8724;      17 
24; 8924;      24 
24; 9124;      32 
24; 9324;      30 
24; 9523;      25 
24; 9723;      31 
24; 9923;      39 
25; 0123;      27 
25; 0322;      31 
25; 0522;      28 
25; 0722;      29 
25; 0922;      31 
25; 1122;      26 
25; 1321;      26 
25; 1521;      26 
25; 1721;      33 
25; 1921;      24 
25; 2120;      21 
25; 2320;      31 
25; 2520;      21 
25; 2720;      18 
25; 2920;      26 
25; 3119;      24 
25; 3319;       9 
25; 3519;      29 
25; 3719;      21 
25; 3918;      22 
25; 4118;      12 
25; 4318;      19 
25; 4518;      15 
25; 4718;      14 
25; 4917;      20 
25; 5117;      19 
25; 5317;      27 
25; 5517;      26 
25; 5716;      19 
25; 5916;      21 
25; 6116;      20 
25; 6316;      18 
25; 6516;      12 
25; 6715;      22 
25; 6915;      22 
25; 7115;      21 
25; 7315;      16 
25; 7514;      23 
25; 7714;      25 
25; 7914;      16 
25; 8114;      12 
25; 8314;      19 
25; 8513;      24 
25; 8713;      17 
25; 8913;      13 
25; 9113;      22 
25; 9312;      23 
25; 9512;       6 
25; 9712;      18 
25; 9912;      20 
26; 0112;      14 
26; 0311;      20 
26; 0511;      21 
26; 0711;      22 
26; 0911;      22 
26; 1110;      25 
26; 1310;      21 
26; 1510;      16 
26; 1710;      15 
26; 1910;      12 
26; 2109;      31 
26; 2309;      20 
26; 2509;      19 
26; 2709;      21 
26; 2908;      15 
26; 3108;      16 
26; 3308;      21 
26; 3508;      18 
26; 3708;      19 
26; 3907;      23 
26; 4107;      15 
26; 4307;      20 
26; 4507;      21 
26; 4706;      12 
26; 4906;      12 
26; 5106;      18 
26; 5306;      14 
26; 5506;      15 
26; 5705;      14 
26; 5905;      23 
26; 6105;      18 
26; 6305;      17 
26; 6504;      22 
26; 6704;      24 
26; 6904;      14 
26; 7104;      19 
26; 7304;      15 
26; 7503;      20 
26; 7703;      12 
26; 7903;      18 
26; 8103;      23 
26; 8302;      17 
26; 8502;      17 
26; 8702;      12 
26; 8902;      14 
26; 9102;      13 
26; 9301;      21 
26; 9501;      20 
26; 9701;      19 
26; 9901;      14 
27; 0100;      22 
27; 0300;      13 
27; 0500;      13 
27; 0700;      18 
27; 0900;      17 
27; 1099;      16 
27; 1299;      20 
27; 1499;      20 
27; 1699;      12 
27; 1898;       8 
27; 2098;      12 
27; 2298;      18 
27; 2498;      27 
27; 2698;      26 
27; 2897;      24 
27; 3097;      16 
27; 3297;      20 
27; 3497;      16 
27; 3697;       8 
27; 3896;      15 
27; 4096;      12 
27; 4296;      18 
27; 4496;      19 
27; 4695;      18 
27; 4895;      21 
27; 5095;      17 
27; 5295;      14 
27; 5495;      21 
27; 5694;      15 
27; 5894;      19 
27; 6094;      15 
27; 6294;      16 
27; 6493;      14 
27; 6693;      11 
27; 6893;      17 
27; 7093;      14 
27; 7293;      16 
27; 7492;      13 
27; 7692;      11 
27; 7892;      14 
27; 8092;      11 
27; 8291;      14 
27; 8491;      16 
27; 8691;      17 
27; 8891;      18 
27; 9091;      13 
27; 9290;      17 
27; 9490;      17 
27; 9690;      14 
27; 9890;      10 
28; 0089;      11 
28; 0289;      18 
28; 0489;      20 
28; 0689;      13 
28; 0889;      14 
28; 1088;      16 
28; 1288;      12 
28; 1488;      21 
28; 1688;      15 
28; 1887;      12 
28; 2087;      23 
28; 2287;      17 
28; 2487;      13 
28; 2687;      13 
28; 2886;      13 
28; 3086;      14 
28; 3286;      20 
28; 3486;      18 
28; 3685;      15 
28; 3885;      16 
28; 4085;      15 
28; 4285;      18 
28; 4485;      11 
28; 4684;      15 
28; 4884;      13 
28; 5084;      11 
28; 5284;      16 
28; 5483;      14 
28; 5683;       8 
28; 5883;      10 
28; 6083;      11 
28; 6283;      10 
28; 6482;      11 
28; 6682;      12 
28; 6882;      12 
28; 7082;      12 
28; 7281;      17 
28; 7481;      18 
28; 7681;      15 
28; 7881;      21 
28; 8081;       6 
28; 8280;       9 
28; 8480;      13 
28; 8680;      11 
28; 8880;      13 
28; 9079;      11 
28; 9279;      12 
28; 9479;      15 
28; 9679;      18 
28; 9879;      11 
29; 0078;      13 
29; 0278;      11 
29; 0478;      10 
29; 0678;       6 
29; 0877;      14 
29; 1077;       7 
29; 1277;      14 
29; 1477;       7 
29; 1677;      13 
29; 1876;      18 
29; 2076;       4 
29; 2276;      11 
29; 2476;      11 
29; 2675;      15 
29; 2875;      17 
29; 3075;      11 
29; 3275;      14 
29; 3475;      16 
29; 3674;      15 
29; 3874;       7 
29; 4074;       9 
29; 4274;      15 
29; 4473;       8 
29; 4673;      11 
29; 4873;      12 
29; 5073;       7 
29; 5273;      12 
29; 5472;      13 
29; 5672;       8 
29; 5872;      15 
29; 6072;       9 
29; 6271;       7 
29; 6471;       8 
29; 6671;       6 
29; 6871;      10 
29; 7071;      13 
29; 7270;       8 
29; 7470;      15 
29; 7670;      10 
29; 7870;       4 
29; 8069;       7 
29; 8269;      15 
29; 8469;       6 
29; 8669;      12 
29; 8869;      10 
29; 9068;      10 
29; 9268;       9 
29; 9468;      11 
29; 9668;       9 
29; 9867;      14 
30; 0067;       8 
30; 0267;      14 
30; 0467;       8 
30; 0667;       7 
30; 0866;      13 
30; 1066;      22 
30; 1266;      12 
30; 1466;      10 
30; 1665;       4 
30; 1865;       4 
30; 2065;       7 
30; 2265;      10 
30; 2465;       7 
30; 2664;      10 
30; 2864;      13 
30; 3064;       9 
30; 3264;      10 
30; 3463;      12 
30; 3663;       6 
30; 3863;      10 
30; 4063;       6 
30; 4263;      11 
30; 4462;      11 
30; 4662;      10 
30; 4862;       8 
30; 5062;      10 
30; 5261;       7 
30; 5461;       7 
30; 5661;       8 
30; 5861;       7 
30; 6061;       4 
30; 6260;       6 
30; 6460;       6 
30; 6660;       6 
30; 6860;       9 
30; 7060;      15 
30; 7259;      11 
30; 7459;      10 
30; 7659;      12 
30; 7859;       5 
30; 8058;       7 
30; 8258;      13 
30; 8458;       6 
30; 8658;      13 
30; 8858;      16 
30; 9057;       8 
30; 9257;      13 
30; 9457;       9 
30; 9657;      11 
30; 9856;       3 
31; 0056;      11 
31; 0256;       4 
31; 0456;       8 
31; 0656;       4 
31; 0855;       8 
31; 1055;       7 
31; 1255;       8 
31; 1455;       8 
31; 1654;       4 
31; 1854;      12 
31; 2054;       4 
31; 2254;       9 
31; 2454;       3 
31; 2653;       7 
31; 2853;       7 
31; 3053;       6 
31; 3253;       7 
31; 3452;       3 
31; 3652;       7 
31; 3852;       9 
31; 4052;       5 
31; 4252;       6 
31; 4451;       5 
31; 4651;       5 
31; 4851;       5 
31; 5051;       5 
31; 5250;      11 
31; 5450;       6 
31; 5650;       4 
31; 5850;       3 
31; 6050;      11 
31; 6249;       8 
31; 6449;       6 
31; 6649;       7 
31; 6849;       6 
31; 7048;       7 
31; 7248;       6 
31; 7448;       7 
31; 7648;       9 
31; 7848;       4 
31; 8047;       4 
31; 8247;       7 
31; 8447;       9 
31; 8647;       6 
31; 8846;       5 
31; 9046;       9 
31; 9246;       7 
31; 9446;       3 
31; 9646;       6 
31; 9845;       6 
32; 0045;       5 
32; 0245;       5 
32; 0445;      12 
32; 0644;       4 
32; 0844;       2 
32; 1044;       4 
32; 1244;       6 
32; 1444;       4 
32; 1643;       5 
32; 1843;       4 
32; 2043;      12 
32; 2243;       4 
32; 2442;       8 
32; 2642;       4 
32; 2842;       6 
32; 3042;       4 
32; 3242;       2 
32; 3441;       3 
32; 3641;       1 
32; 3841;       6 
32; 4041;       4 
32; 4240;       6 
32; 4440;       3 
32; 4640;       4 
32; 4840;       8 
32; 5040;       2 
32; 5239;       7 
32; 5439;       9 
32; 5639;       5 
32; 5839;       5 
32; 6038;       3 
32; 6238;       6 
32; 6438;       5 
32; 6638;       6 
32; 6838;       3 
32; 7037;       5 
32; 7237;       4 
32; 7437;       7 
32; 7637;       4 
32; 7836;       6 
32; 8036;       5 
32; 8236;       6 
32; 8436;      10 
32; 8636;       3 
32; 8835;       2 
32; 9035;       4 
32; 9235;       6 
32; 9435;       3 
32; 9634;       4 
32; 9834;       7 
33; 0034;       3 
33; 0234;       1 
33; 0434;       8 
33; 0633;       6 
33; 0833;       4 
33; 1033;       5 
33; 1233;       4 
33; 1432;       5 
33; 1632;       3 
33; 1832;       3 
33; 2032;       4 
33; 2232;       6 
33; 2431;       1 
33; 2631;       1 
33; 2831;       4 
33; 3031;       3 
33; 3230;       7 
33; 3430;       5 
33; 3630;       4 
33; 3830;       3 
33; 4030;       5 
33; 4229;       3 
33; 4429;       6 
33; 4629;       5 
33; 4829;       3 
33; 5028;       3 
33; 5228;       4 
33; 5428;       8 
33; 5628;       2 
33; 5828;       6 
33; 6027;       6 
33; 6227;       3 
33; 6427;       6 
33; 6627;       2 
33; 6826;       3 
33; 7026;       1 
33; 7226;       3 
33; 7426;       5 
33; 7626;       3 
33; 7825;       8 
33; 8025;       5 
33; 8225;       2 
33; 8425;       0 
33; 8625;       3 
33; 8824;       3 
33; 9024;       3 
33; 9224;       5 
33; 9424;       2 
33; 9623;       3 
33; 9823;       2 
34; 0023;       1 
34; 0223;       5 
34; 0423;       2 
34; 0622;       1 
34; 0822;       5 
34; 1022;       0 
34; 1222;       0 
34; 1421;       0 
34; 1621;       1 
34; 1821;       3 
34; 2021;       1 
34; 2221;       2 
34; 2420;       5 
34; 2620;       1 
34; 2820;       2 
34; 3020;       5 
34; 3219;       3 
34; 3419;       1 
34; 3619;       2 
34; 3819;       1 
34; 4019;       3 
34; 4218;       2 
34; 4418;       1 
34; 4618;       3 
34; 4818;       2 
34; 5017;       1 
34; 5217;       1 
34; 5417;       6 
34; 5617;       1 
34; 5817;       3 
34; 6016;       3 
34; 6216;       1 
34; 6416;       2 
34; 6616;       2 
34; 6815;       0 
34; 7015;       2 
34; 7215;       2 
34; 7415;       3 
34; 7615;       3 
34; 7814;       0 
34; 8014;       2 
34; 8214;       4 
34; 8414;       2 
34; 8613;       2 
34; 8813;       2 
34; 9013;       5 
34; 9213;       0 
34; 9413;       2 
34; 9612;       1 
34; 9812;       1 
35; 0012;       4 
35; 0212;       3 
35; 0411;       2 
35; 0611;       1 
35; 0811;       1 
35; 1011;       1 
35; 1211;       2 
35; 1410;       2 
35; 1610;       2 
35; 1810;       2 
35; 2010;       3 
35; 2209;       0 
35; 2409;       2 
35; 2609;       2 
35; 2809;       3 
35; 3009;       2 
35; 3208;       3 
35; 3408;       0 
35; 3608;       1 
35; 3808;       4 
35; 4007;       3 
35; 4207;       1 
35; 4407;       3 
35; 4607;       0 
35; 4807;       2 
35; 5006;       2 
35; 5206;       0 
35; 5406;       2 
35; 5606;       6 
35; 5805;       1 
35; 6005;       0 
35; 6205;       0 
35; 6405;       1 
35; 6605;       2 
35; 6804;       1 
35; 7004;       3 
35; 7204;       4 
35; 7404;       2 
35; 7603;       1 
35; 7803;       1 
35; 8003;       2 
35; 8203;       0 
35; 8403;       2 
35; 8602;       1 
35; 8802;       1 
35; 9002;       1 
35; 9202;       0 
35; 9401;       2 
35; 9601;       1 
35; 9801;       0 
36; 0001;       0 
36; 0201;       1 
36; 0400;       1 
36; 0600;       0 
36; 0800;       1 
36; 1000;       0 
36; 1199;       0 
36; 1399;       0 
36; 1599;       1 
36; 1799;       2 
36; 1999;       0 
36; 2198;       1 
36; 2398;       0 
36; 2598;       3 
36; 2798;       2 
36; 2997;       1 
36; 3197;       2 
36; 3397;       0 
36; 3597;       0 
36; 3797;       0 
36; 3996;       1 
36; 4196;       2 
36; 4396;       0 
36; 4596;       1 
36; 4795;       1 
36; 4995;       1 
36; 5195;       1 
36; 5395;       2 
36; 5595;       2 
36; 5794;       1 
36; 5994;       1 
36; 6194;       0 
36; 6394;       2 
36; 6593;       1 
36; 6793;       1 
36; 6993;       1 
36; 7193;       3 
36; 7393;       2 
36; 7592;       0 
36; 7792;       0 
36; 7992;       0 
36; 8192;       1 
36; 8391;       0 
36; 8591;       0 
36; 8791;       2 
36; 8991;       1 
36; 9191;       1 
36; 9390;       2 
36; 9590;       0 
36; 9790;       0 
36; 9990;       0 
37; 0190;       0 
37; 0389;       0 
37; 0589;       2 
37; 0789;       2 
37; 0989;       1 
37; 1188;       2 
37; 1388;       0 
37; 1588;       0 
37; 1788;       2 
37; 1988;       1 
37; 2187;       0 
37; 2387;       0 
37; 2587;       2 
37; 2787;       0 
37; 2986;       0 
37; 3186;       0 
37; 3386;       0 
37; 3586;       0 
37; 3786;       1 
37; 3985;       0 
37; 4185;       2 
37; 4385;       0 
37; 4585;       1 
37; 4784;       1 
37; 4984;       1 
37; 5184;       0 
37; 5384;       0 
37; 5584;       0 
37; 5783;       1 
37; 5983;       1 
37; 6183;       2 
37; 6383;       0 
37; 6582;       0 
37; 6782;       0 
37; 6982;       0 
37; 7182;       0 
37; 7382;       1 
37; 7581;       0 
37; 7781;       0 
37; 7981;       0 
37; 8181;       0 
37; 8380;       0 
37; 8580;       1 
37; 8780;       0 
37; 8980;       1 
37; 9180;       2 
37; 9379;       0 
37; 9579;       0 
37; 9779;       2 
37; 9979;       0 
38; 0178;       0 
38; 0378;       0 
38; 0578;       0 
38; 0778;       1 
38; 0978;       0 
38; 1177;       1 
38; 1377;       1 
38; 1577;       0 
38; 1777;       1 
38; 1976;       1 
38; 2176;       0 
38; 2376;       1 
38; 2576;       4 
38; 2776;       0 
38; 2975;       0 
38; 3175;       0 
38; 3375;       0 
38; 3575;       1 
38; 3774;       0 
38; 3974;       0 
38; 4174;       0 
38; 4374;       0 
38; 4574;       0 
38; 4773;       0 
38; 4973;       1 
38; 5173;       1 
38; 5373;       0 
38; 5572;       1 
38; 5772;       0 
38; 5972;       0 
38; 6172;       0 
38; 6372;       0 
38; 6571;       1 
38; 6771;       1 
38; 6971;       1 
38; 7171;       2 
38; 7370;       0 
38; 7570;       0 
38; 7770;       0 
38; 7970;       1 
38; 8170;       1 
38; 8369;       1 
38; 8569;       0 
38; 8769;       0 
38; 8969;       0 
38; 9168;       0 
38; 9368;       0 
38; 9568;       0 
38; 9768;       0 
38; 9968;       1 
39; 0167;       1 
39; 0367;       2 
39; 0567;       0 
39; 0767;       0 
39; 0966;       0 
39; 1166;       0 
39; 1366;       0 
39; 1566;       1 
39; 1766;       0 
39; 1965;       0 
39; 2165;       0 
39; 2365;       0 
39; 2565;       0 
39; 2764;       0 
39; 2964;       0 
39; 3164;       0 
39; 3364;       1 
39; 3564;       0 
39; 3763;       3 
39; 3963;       0 
39; 4163;       0 
39; 4363;       2 
39; 4562;       0 
39; 4762;       0 
39; 4962;       1 
39; 5162;       0 
39; 5362;       0 
39; 5561;       0 
39; 5761;       0 
39; 5961;       0 
39; 6161;       0 
39; 6360;       0 
39; 6560;       0 
39; 6760;       0 
39; 6960;       0 
39; 7160;       0 
39; 7359;       0 
39; 7559;       0 
39; 7759;       1 
39; 7959;       0 
39; 8158;       1 
39; 8358;       0 
39; 8558;       1 
39; 8758;       0 
39; 8958;       1 
39; 9157;       0 
39; 9357;       0 
39; 9557;       0 
39; 9757;       1 
39; 9956;       0 
40; 0156;       0 
40; 0356;       0 
40; 0556;       0 
40; 0756;       2 
40; 0955;       1 
40; 1155;       0 
40; 1355;       1 
40; 1555;       0 
40; 1754;       0 
40; 1954;       0 
40; 2154;       0 
40; 2354;       0 
40; 2554;       0 
40; 2753;       1 
40; 2953;       0 
40; 3153;       0 
40; 3353;       0 
40; 3553;       0 
40; 3752;       0 
40; 3952;       0 
40; 4152;       0 
40; 4352;       0 
40; 4551;       0 
40; 4751;       0 
40; 4951;       0 
40; 5151;       0 
40; 5351;       0 
40; 5550;       0 
40; 5750;       2 
40; 5950;       0 
40; 6150;       0 
40; 6349;       0 
40; 6549;       1 
40; 6749;       0 
40; 6949;       0 
40; 7149;       1 
40; 7348;       0 
40; 7548;       0 
40; 7748;       0 
40; 7948;       1 
40; 8147;       0 
40; 8347;       0 
40; 8547;       0 
40; 8747;       2 
40; 8947;       0 
