0; 0000;     240 
0; 0200;     211 
0; 0400;     170 
0; 0600;      97 
0; 0800;      63 
0; 1000;      25 
0; 1200;      16 
0; 1400;       6 
0; 1600;       1 
0; 1800;       0 
0; 2000;       1 
0; 2200;       0 
0; 2400;       0 
0; 2600;       2 
0; 2800;       0 
0; 3000;       0 
0; 3200;       0 
0; 3400;       0 
0; 3600;       0 
0; 3800;       2 
0; 4000;       0 
0; 4200;       0 
0; 4400;       2 
0; 4600;       0 
0; 4800;       0 
0; 5000;       0 
0; 5200;       0 
0; 5400;       2 
0; 5600;      12 
0; 5800;      23 
0; 6000;      79 
0; 6200;     124 
0; 6400;     204 
0; 6601;     212 
0; 6801;     240 
0; 7001;     234 
0; 7201;     205 
0; 7401;     218 
0; 7601;     194 
0; 7801;     217 
0; 8001;     211 
0; 8201;     197 
0; 8401;     215 
0; 8601;     217 
0; 8801;     210 
0; 9001;     209 
0; 9201;     216 
0; 9401;     227 
0; 9601;     175 
0; 9801;     173 
1; 0001;     183 
1; 0201;     223 
1; 0401;     168 
1; 0601;     177 
1; 0801;     174 
1; 1001;     184 
1; 1201;     178 
1; 1401;     181 
1; 1601;     172 
1; 1801;     165 
1; 2001;     170 
1; 2201;     174 
1; 2401;     183 
1; 2601;     162 
1; 2801;     162 
1; 3001;     163 
1; 3201;     164 
1; 3401;     147 
1; 3601;     147 
1; 3801;     157 
1; 4001;     168 
1; 4201;     166 
1; 4401;     125 
1; 4601;     168 
1; 4801;     159 
1; 5001;     179 
1; 5201;     165 
1; 5401;     136 
1; 5601;     154 
1; 5801;     147 
1; 6001;     146 
1; 6201;     137 
1; 6401;     153 
1; 6601;     172 
1; 6801;     169 
1; 7001;     172 
1; 7201;     175 
1; 7401;     181 
1; 7601;     166 
1; 7801;     173 
1; 8001;     149 
1; 8201;     186 
1; 8401;     174 
1; 8601;     156 
1; 8801;     145 
1; 9001;     176 
1; 9201;     164 
1; 9402;     191 
1; 9602;     212 
1; 9802;     203 
2; 0002;     219 
2; 0202;     220 
2; 0402;     180 
2; 0602;     184 
2; 0802;     175 
2; 1002;     152 
2; 1202;     186 
2; 1402;     183 
2; 1602;     189 
2; 1802;     155 
2; 2002;     172 
2; 2202;     210 
2; 2402;     209 
2; 2602;     226 
2; 2802;     252 
2; 3002;     284 
2; 3202;     248 
2; 3402;     229 
2; 3602;     235 
2; 3802;     247 
2; 4002;     215 
2; 4202;     256 
2; 4402;     249 
2; 4602;     275 
2; 4802;     203 
2; 5002;     273 
2; 5202;     308 
2; 5402;     339 
2; 5602;     424 
2; 5802;     478 
2; 6002;     606 
2; 6202;     709 
2; 6402;     817 
2; 6602;     849 
2; 6802;     930 
2; 7002;     892 
2; 7202;     891 
2; 7402;     860 
2; 7602;     845 
2; 7802;     747 
2; 8002;     783 
2; 8202;     800 
2; 8402;     802 
2; 8602;     829 
2; 8802;     763 
2; 9002;     783 
2; 9202;     774 
2; 9402;     736 
2; 9602;     706 
2; 9802;     649 
3; 0002;     588 
3; 0202;     501 
3; 0402;     436 
3; 0602;     408 
3; 0802;     335 
3; 1002;     302 
3; 1202;     264 
3; 1402;     258 
3; 1602;     295 
3; 1802;     283 
3; 2002;     289 
3; 2202;     295 
3; 2403;     273 
3; 2603;     300 
3; 2803;     297 
3; 3003;     374 
3; 3203;     331 
3; 3403;     315 
3; 3603;     275 
3; 3803;     273 
3; 4003;     284 
3; 4203;     275 
3; 4403;     251 
3; 4603;     243 
3; 4803;     291 
3; 5003;     262 
3; 5203;     332 
3; 5403;     378 
3; 5603;     441 
3; 5803;     627 
3; 6003;     815 
3; 6203;    1034 
3; 6403;    1224 
3; 6603;    1335 
3; 6803;    1527 
3; 7003;    1442 
3; 7203;    1324 
3; 7403;    1188 
3; 7603;     909 
3; 7803;     760 
3; 8003;     608 
3; 8203;     462 
3; 8403;     371 
3; 8603;     336 
3; 8803;     287 
3; 9003;     321 
3; 9203;     362 
3; 9403;     357 
3; 9603;     378 
3; 9803;     437 
4; 0003;     409 
4; 0203;     401 
4; 0403;     401 
4; 0603;     399 
4; 0803;     402 
4; 1003;     348 
4; 1203;     332 
4; 1403;     324 
4; 1603;     261 
4; 1803;     255 
4; 2003;     253 
4; 2203;     234 
4; 2403;     237 
4; 2603;     254 
4; 2803;     282 
4; 3003;     251 
4; 3203;     268 
4; 3403;     278 
4; 3603;     297 
4; 3803;     286 
4; 4003;     259 
4; 4203;     299 
4; 4403;     369 
4; 4603;     347 
4; 4803;     361 
4; 5003;     371 
4; 5204;     365 
4; 5404;     372 
4; 5604;     337 
4; 5804;     365 
4; 6004;     334 
4; 6204;     320 
4; 6404;     317 
4; 6604;     343 
4; 6804;     350 
4; 7004;     324 
4; 7204;     364 
4; 7404;     331 
4; 7604;     325 
4; 7804;     321 
4; 8004;     344 
4; 8204;     352 
4; 8404;     345 
4; 8604;     330 
4; 8804;     334 
4; 9004;     323 
4; 9204;     370 
4; 9404;     351 
4; 9604;     345 
4; 9804;     348 
5; 0004;     321 
5; 0204;     336 
5; 0404;     370 
5; 0604;     342 
5; 0804;     324 
5; 1004;     329 
5; 1204;     335 
5; 1404;     323 
5; 1604;     356 
5; 1804;     363 
5; 2004;     372 
5; 2204;     370 
5; 2404;     376 
5; 2604;     390 
5; 2804;     383 
5; 3004;     364 
5; 3204;     343 
5; 3404;     429 
5; 3604;     429 
5; 3804;     434 
5; 4004;     467 
5; 4204;     415 
5; 4404;     404 
5; 4604;     458 
5; 4804;     428 
5; 5004;     406 
5; 5204;     451 
5; 5404;     446 
5; 5604;     463 
5; 5804;     443 
5; 6004;     415 
5; 6204;     411 
5; 6404;     451 
5; 6604;     456 
5; 6804;     412 
5; 7004;     449 
5; 7204;     428 
5; 7404;     437 
5; 7604;     414 
5; 7804;     450 
5; 8004;     490 
5; 8205;     501 
5; 8405;     441 
5; 8605;     464 
5; 8805;     522 
5; 9005;     501 
5; 9205;     518 
5; 9405;     489 
5; 9605;     483 
5; 9805;     497 
6; 0005;     503 
6; 0205;     491 
6; 0405;     456 
6; 0605;     466 
6; 0805;     470 
6; 1005;     518 
6; 1205;     548 
6; 1405;     579 
6; 1605;     647 
6; 1805;     682 
6; 2005;     841 
6; 2205;     909 
6; 2405;    1126 
6; 2605;    1313 
6; 2805;    1676 
6; 3005;    1906 
6; 3205;    2307 
6; 3405;    2652 
6; 3605;    2959 
6; 3805;    3109 
6; 4005;    3178 
6; 4205;    2929 
6; 4405;    2751 
6; 4605;    2363 
6; 4805;    2090 
6; 5005;    1592 
6; 5205;    1338 
6; 5405;     977 
6; 5605;     838 
6; 5805;     773 
6; 6005;     689 
6; 6205;     623 
6; 6405;     615 
6; 6605;     571 
6; 6805;     588 
6; 7005;     596 
6; 7205;     610 
6; 7405;     611 
6; 7605;     635 
6; 7805;     660 
6; 8005;     711 
6; 8205;     691 
6; 8405;     699 
6; 8605;     662 
6; 8805;     691 
6; 9005;     752 
6; 9205;     795 
6; 9405;     876 
6; 9605;     840 
6; 9805;     922 
7; 0005;    1017 
7; 0205;    1009 
7; 0405;    1066 
7; 0605;    1083 
7; 0805;    1105 
7; 1006;    1008 
7; 1206;    1026 
7; 1406;    1008 
7; 1606;     945 
7; 1806;     963 
7; 2006;     897 
7; 2206;     931 
7; 2406;     862 
7; 2606;     946 
7; 2806;     927 
7; 3006;     976 
7; 3206;    1025 
7; 3406;    1110 
7; 3606;    1123 
7; 3806;    1146 
7; 4006;    1334 
7; 4206;    1314 
7; 4406;    1484 
7; 4606;    1434 
7; 4806;    1476 
7; 5006;    1460 
7; 5206;    1427 
7; 5406;    1415 
7; 5606;    1400 
7; 5806;    1389 
7; 6006;    1277 
7; 6206;    1349 
7; 6406;    1332 
7; 6606;    1376 
7; 6806;    1458 
7; 7006;    1487 
7; 7206;    1657 
7; 7406;    1890 
7; 7606;    2169 
7; 7806;    2849 
7; 8006;    4156 
7; 8206;    6515 
7; 8406;   10588 
7; 8606;   17211 
7; 8806;   26953 
7; 9006;   42018 
7; 9206;   61732 
7; 9406;   86799 
7; 9606;  114347 
7; 9806;  142465 
8; 0006;  167993 
8; 0206;  185916 
8; 0406;  194703 
8; 0606;  192549 
8; 0806;  178455 
8; 1006;  156550 
8; 1206;  130002 
8; 1406;  100915 
8; 1606;   74421 
8; 1806;   51440 
8; 2006;   34325 
8; 2206;   21355 
8; 2406;   13009 
8; 2606;    7784 
8; 2806;    4592 
8; 3006;    3047 
8; 3206;    2080 
8; 3406;    1574 
8; 3606;    1290 
8; 3806;    1188 
8; 4007;    1197 
8; 4207;    1080 
8; 4407;    1136 
8; 4607;    1233 
8; 4807;    1378 
8; 5007;    1668 
8; 5207;    1973 
8; 5407;    2215 
8; 5607;    2651 
8; 5807;    3074 
8; 6007;    3390 
8; 6207;    3613 
8; 6407;    3933 
8; 6607;    3966 
8; 6807;    4190 
8; 7007;    4508 
8; 7207;    5234 
8; 7407;    6560 
8; 7607;    8129 
8; 7807;   10751 
8; 8007;   14188 
8; 8207;   17978 
8; 8407;   21619 
8; 8607;   25425 
8; 8807;   28033 
8; 9007;   29443 
8; 9207;   29434 
8; 9407;   27681 
8; 9607;   25041 
8; 9807;   21105 
9; 0007;   16821 
9; 0207;   12692 
9; 0407;    9260 
9; 0607;    6311 
9; 0807;    4239 
9; 1007;    2677 
9; 1207;    1656 
9; 1407;    1072 
9; 1607;     705 
9; 1807;     473 
9; 2007;     413 
9; 2207;     302 
9; 2407;     302 
9; 2607;     296 
9; 2807;     240 
9; 3007;     281 
9; 3207;     239 
9; 3407;     265 
9; 3607;     247 
9; 3807;     258 
9; 4007;     243 
9; 4207;     275 
9; 4407;     283 
9; 4607;     298 
9; 4807;     326 
9; 5007;     362 
9; 5207;     361 
9; 5407;     378 
9; 5607;     389 
9; 5807;     408 
9; 6007;     384 
9; 6207;     385 
9; 6407;     348 
9; 6607;     318 
9; 6808;     309 
9; 7008;     258 
9; 7208;     249 
9; 7408;     234 
9; 7608;     229 
9; 7808;     195 
9; 8008;     182 
9; 8208;     184 
9; 8408;     186 
9; 8608;     179 
9; 8808;     191 
9; 9008;     180 
9; 9208;     192 
9; 9408;     181 
9; 9608;     178 
9; 9808;     160 
10; 0008;     195 
10; 0208;     170 
10; 0408;     177 
10; 0608;     188 
10; 0808;     183 
10; 1008;     175 
10; 1208;     166 
10; 1408;     157 
10; 1608;     166 
10; 1808;     174 
10; 2008;     187 
10; 2208;     190 
10; 2408;     177 
10; 2608;     183 
10; 2808;     172 
10; 3008;     167 
10; 3208;     165 
10; 3408;     181 
10; 3608;     176 
10; 3808;     179 
10; 4008;     203 
10; 4208;     227 
10; 4408;     216 
10; 4608;     270 
10; 4808;     262 
10; 5008;     261 
10; 5208;     322 
10; 5408;     294 
10; 5608;     326 
10; 5808;     308 
10; 6008;     315 
10; 6208;     287 
10; 6408;     269 
10; 6608;     229 
10; 6808;     230 
10; 7008;     213 
10; 7208;     180 
10; 7408;     211 
10; 7608;     199 
10; 7808;     165 
10; 8008;     205 
10; 8208;     153 
10; 8408;     177 
10; 8608;     151 
10; 8808;     167 
10; 9008;     176 
10; 9208;     162 
10; 9408;     153 
10; 9608;     188 
10; 9809;     161 
11; 0009;     157 
11; 0209;     169 
11; 0409;     136 
11; 0609;     147 
11; 0809;     139 
11; 1009;     138 
11; 1209;     157 
11; 1409;     185 
11; 1609;     129 
11; 1809;     151 
11; 2009;     148 
11; 2209;     151 
11; 2409;     161 
11; 2609;     148 
11; 2809;     165 
11; 3009;     157 
11; 3209;     140 
11; 3409;     135 
11; 3609;     151 
11; 3809;     126 
11; 4009;     136 
11; 4209;     141 
11; 4409;     140 
11; 4609;     112 
11; 4809;     135 
11; 5009;     150 
11; 5209;     164 
11; 5409;     117 
11; 5609;     128 
11; 5809;     147 
11; 6009;     133 
11; 6209;     156 
11; 6409;     125 
11; 6609;     154 
11; 6809;     151 
11; 7009;     161 
11; 7209;     166 
11; 7409;     170 
11; 7609;     178 
11; 7809;     185 
11; 8009;     179 
11; 8209;     159 
11; 8409;     168 
11; 8609;     151 
11; 8809;     139 
11; 9009;     137 
11; 9209;     143 
11; 9409;     134 
11; 9609;     155 
11; 9809;     146 
12; 0009;     120 
12; 0209;     131 
12; 0409;     152 
12; 0609;     124 
12; 0809;     142 
12; 1009;     137 
12; 1209;     140 
12; 1409;     131 
12; 1609;     135 
12; 1809;     142 
12; 2009;     126 
12; 2209;     116 
12; 2409;     131 
12; 2610;     130 
12; 2810;     118 
12; 3010;     137 
12; 3210;     120 
12; 3410;     122 
12; 3610;     126 
12; 3810;     129 
12; 4010;     127 
12; 4210;     116 
12; 4410;     119 
12; 4610;     131 
12; 4810;     151 
12; 5010;     173 
12; 5210;     160 
12; 5410;     162 
12; 5610;     187 
12; 5810;     181 
12; 6010;     209 
12; 6210;     201 
12; 6410;     231 
12; 6610;     223 
12; 6810;     194 
12; 7010;     194 
12; 7210;     175 
12; 7410;     143 
12; 7610;     160 
12; 7810;     161 
12; 8010;     138 
12; 8210;     135 
12; 8410;     135 
12; 8610;     130 
12; 8810;     125 
12; 9010;     104 
12; 9210;     131 
12; 9410;     112 
12; 9610;     106 
12; 9810;     124 
13; 0010;     103 
13; 0210;     135 
13; 0410;     107 
13; 0610;     113 
13; 0810;     133 
13; 1010;     108 
13; 1210;     122 
13; 1410;     127 
13; 1610;     118 
13; 1810;     121 
13; 2010;     134 
13; 2210;     123 
13; 2410;     119 
13; 2610;     108 
13; 2810;     125 
13; 3010;     110 
13; 3210;     122 
13; 3410;     116 
13; 3610;     125 
13; 3810;     134 
13; 4010;     118 
13; 4210;     121 
13; 4410;     113 
13; 4610;     116 
13; 4810;     122 
13; 5010;     108 
13; 5210;     100 
13; 5410;     110 
13; 5611;     110 
13; 5811;     105 
13; 6011;     101 
13; 6211;      97 
13; 6411;     104 
13; 6611;     117 
13; 6811;      91 
13; 7011;     106 
13; 7211;     107 
13; 7411;     119 
13; 7611;     109 
13; 7811;     106 
13; 8011;      85 
13; 8211;     103 
13; 8411;     106 
13; 8611;     105 
13; 8811;      92 
13; 9011;     114 
13; 9211;      99 
13; 9411;     109 
13; 9611;     105 
13; 9811;      85 
14; 0011;     108 
14; 0211;     115 
14; 0411;     108 
14; 0611;     101 
14; 0811;     107 
14; 1011;     136 
14; 1211;      98 
14; 1411;     116 
14; 1611;     123 
14; 1811;     125 
14; 2011;     113 
14; 2211;     121 
14; 2411;     140 
14; 2611;     109 
14; 2811;     119 
14; 3011;     124 
14; 3211;     152 
14; 3411;     139 
14; 3611;     142 
14; 3811;     164 
14; 4011;     172 
14; 4211;     181 
14; 4411;     175 
14; 4611;     200 
14; 4811;     179 
14; 5011;     175 
14; 5211;     174 
14; 5411;     186 
14; 5611;     152 
14; 5811;     142 
14; 6011;     122 
14; 6211;     126 
14; 6411;     113 
14; 6611;     106 
14; 6811;     105 
14; 7011;      78 
14; 7211;     128 
14; 7411;     107 
14; 7611;     100 
14; 7811;     114 
14; 8011;     100 
14; 8211;     120 
14; 8412;     125 
14; 8612;     117 
14; 8812;     110 
14; 9012;     108 
14; 9212;     105 
14; 9412;      88 
14; 9612;     114 
14; 9812;      89 
15; 0012;     138 
15; 0212;     107 
15; 0412;     118 
15; 0612;      94 
15; 0812;     126 
15; 1012;     122 
15; 1212;     110 
15; 1412;     139 
15; 1612;     107 
15; 1812;     115 
15; 2012;     135 
15; 2212;     127 
15; 2412;     124 
15; 2612;     100 
15; 2812;     124 
15; 3012;     115 
15; 3212;     112 
15; 3412;     132 
15; 3612;     130 
15; 3812;     130 
15; 4012;     152 
15; 4212;     107 
15; 4412;     122 
15; 4612;     117 
15; 4812;     126 
15; 5012;     121 
15; 5212;     137 
15; 5412;     125 
15; 5612;     126 
15; 5812;     105 
15; 6012;     126 
15; 6212;      97 
15; 6412;     137 
15; 6612;     138 
15; 6812;     135 
15; 7012;     118 
15; 7212;     126 
15; 7412;     114 
15; 7612;     141 
15; 7812;     143 
15; 8012;     156 
15; 8212;     192 
15; 8412;     222 
15; 8612;     264 
15; 8812;     325 
15; 9012;     486 
15; 9212;     559 
15; 9412;     803 
15; 9612;    1011 
15; 9812;    1295 
16; 0012;    1631 
16; 0212;    1948 
16; 0412;    2314 
16; 0612;    2540 
16; 0812;    2689 
16; 1012;    2843 
16; 1213;    2910 
16; 1413;    2912 
16; 1613;    2584 
16; 1813;    2390 
16; 2013;    2025 
16; 2213;    1770 
16; 2413;    1479 
16; 2613;    1118 
16; 2813;     868 
16; 3013;     617 
16; 3213;     446 
16; 3413;     338 
16; 3613;     252 
16; 3813;     194 
16; 4013;     174 
16; 4213;     135 
16; 4413;     119 
16; 4613;     106 
16; 4813;     116 
16; 5013;     107 
16; 5213;     113 
16; 5413;     111 
16; 5613;     132 
16; 5813;     138 
16; 6013;     147 
16; 6213;     170 
16; 6413;     152 
16; 6613;     180 
16; 6813;     170 
16; 7013;     186 
16; 7213;     189 
16; 7413;     225 
16; 7613;     256 
16; 7813;     303 
16; 8013;     339 
16; 8213;     412 
16; 8413;     475 
16; 8613;     580 
16; 8813;     673 
16; 9013;     738 
16; 9213;     808 
16; 9413;     870 
16; 9613;     884 
16; 9813;     902 
17; 0013;     890 
17; 0213;     834 
17; 0413;     806 
17; 0613;     683 
17; 0813;     614 
17; 1013;     505 
17; 1213;     421 
17; 1413;     330 
17; 1613;     245 
17; 1813;     187 
17; 2013;     150 
17; 2213;     116 
17; 2413;     102 
17; 2613;     100 
17; 2813;      90 
17; 3013;      74 
17; 3213;      84 
17; 3413;      87 
17; 3613;      58 
17; 3813;      61 
17; 4013;      76 
17; 4214;      70 
17; 4414;      80 
17; 4614;      73 
17; 4814;      75 
17; 5014;      63 
17; 5214;      73 
17; 5414;      83 
17; 5614;      80 
17; 5814;      92 
17; 6014;      80 
17; 6214;      96 
17; 6414;      93 
17; 6614;      86 
17; 6814;      95 
17; 7014;     113 
17; 7214;     121 
17; 7414;     111 
17; 7614;     136 
17; 7814;     107 
17; 8014;     123 
17; 8214;     117 
17; 8414;     141 
17; 8614;     124 
17; 8814;     148 
17; 9014;     108 
17; 9214;      98 
17; 9414;     126 
17; 9614;      93 
17; 9814;      92 
18; 0014;      69 
18; 0214;      65 
18; 0414;      84 
18; 0614;      74 
18; 0814;      72 
18; 1014;      62 
18; 1214;      64 
18; 1414;      63 
18; 1614;      62 
18; 1814;      64 
18; 2014;      66 
18; 2214;      66 
18; 2414;      68 
18; 2614;      73 
18; 2814;      55 
18; 3014;      67 
18; 3214;      67 
18; 3414;      84 
18; 3614;      77 
18; 3814;      73 
18; 4014;      73 
18; 4214;      72 
18; 4414;      85 
18; 4614;      74 
18; 4814;      70 
18; 5014;      69 
18; 5214;      87 
18; 5414;      84 
18; 5614;      77 
18; 5814;     101 
18; 6014;      95 
18; 6214;      85 
18; 6414;      88 
18; 6614;     123 
18; 6814;      98 
18; 7015;     116 
18; 7215;     106 
18; 7415;     106 
18; 7615;     110 
18; 7815;     112 
18; 8015;      97 
18; 8215;     116 
18; 8415;     110 
18; 8615;     146 
18; 8815;     139 
18; 9015;     113 
18; 9215;     120 
18; 9415;     138 
18; 9615;     142 
18; 9815;     158 
19; 0015;     153 
19; 0215;     162 
19; 0415;     156 
19; 0615;     150 
19; 0815;     152 
19; 1015;     158 
19; 1215;     124 
19; 1415;     134 
19; 1615;     153 
19; 1815;     147 
19; 2015;     151 
19; 2215;     126 
19; 2415;     141 
19; 2615;     131 
19; 2815;     140 
19; 3015;     124 
19; 3215;     115 
19; 3415;     119 
19; 3615;     110 
19; 3815;     114 
19; 4015;      91 
19; 4215;     108 
19; 4415;      91 
19; 4615;      76 
19; 4815;      84 
19; 5015;      89 
19; 5215;      80 
19; 5415;      72 
19; 5615;      72 
19; 5815;      72 
19; 6015;      70 
19; 6215;      68 
19; 6415;      68 
19; 6615;      79 
19; 6815;      60 
19; 7015;      35 
19; 7215;      71 
19; 7415;      72 
19; 7615;      54 
19; 7815;      67 
19; 8015;      61 
19; 8215;      52 
19; 8415;      63 
19; 8615;      63 
19; 8815;      68 
19; 9015;      58 
19; 9215;      70 
19; 9415;      82 
19; 9615;      80 
19; 9815;      79 
20; 0016;     100 
20; 0216;      97 
20; 0416;     134 
20; 0616;     128 
20; 0816;     151 
20; 1016;     143 
20; 1216;     186 
20; 1416;     178 
20; 1616;     187 
20; 1816;     180 
20; 2016;     209 
20; 2216;     199 
20; 2416;     190 
20; 2616;     197 
20; 2816;     151 
20; 3016;     137 
20; 3216;     118 
20; 3416;     118 
20; 3616;     115 
20; 3816;      92 
20; 4016;      85 
20; 4216;      82 
20; 4416;      70 
20; 4616;      61 
20; 4816;      57 
20; 5016;      57 
20; 5216;      41 
20; 5416;      52 
20; 5616;      52 
20; 5816;      45 
20; 6016;      53 
20; 6216;      37 
20; 6416;      49 
20; 6616;      53 
20; 6816;      34 
20; 7016;      42 
20; 7216;      49 
20; 7416;      39 
20; 7616;      41 
20; 7816;      50 
20; 8016;      40 
20; 8216;      43 
20; 8416;      40 
20; 8616;      44 
20; 8816;      54 
20; 9016;      46 
20; 9216;      59 
20; 9416;      43 
20; 9616;      50 
20; 9816;      54 
21; 0016;      63 
21; 0216;      66 
21; 0416;      63 
21; 0616;      75 
21; 0816;      70 
21; 1016;      60 
21; 1216;      77 
21; 1416;      74 
21; 1616;      74 
21; 1816;      72 
21; 2016;      78 
21; 2216;      71 
21; 2416;      67 
21; 2616;      72 
21; 2817;      75 
21; 3017;      61 
21; 3217;      59 
21; 3417;      62 
21; 3617;      54 
21; 3817;      57 
21; 4017;      57 
21; 4217;      56 
21; 4417;      60 
21; 4617;      53 
21; 4817;      57 
21; 5017;      43 
21; 5217;      48 
21; 5417;      44 
21; 5617;      48 
21; 5817;      47 
21; 6017;      47 
21; 6217;      38 
21; 6417;      50 
21; 6617;      44 
21; 6817;      35 
21; 7017;      44 
21; 7217;      39 
21; 7417;      29 
21; 7617;      30 
21; 7817;      46 
21; 8017;      42 
21; 8217;      43 
21; 8417;      36 
21; 8617;      38 
21; 8817;      35 
21; 9017;      29 
21; 9217;      30 
21; 9417;      35 
21; 9617;      47 
21; 9817;      37 
22; 0017;      48 
22; 0217;      31 
22; 0417;      32 
22; 0617;      41 
22; 0817;      48 
22; 1017;      36 
22; 1217;      47 
22; 1417;      35 
22; 1617;      33 
22; 1817;      31 
22; 2017;      33 
22; 2217;      32 
22; 2417;      32 
22; 2617;      32 
22; 2817;      29 
22; 3017;      28 
22; 3217;      48 
22; 3417;      35 
22; 3617;      33 
22; 3817;      40 
22; 4017;      30 
22; 4217;      40 
22; 4417;      26 
22; 4617;      27 
22; 4817;      32 
22; 5017;      32 
22; 5217;      37 
22; 5417;      36 
22; 5617;      35 
22; 5818;      31 
22; 6018;      37 
22; 6218;      35 
22; 6418;      45 
22; 6618;      44 
22; 6818;      50 
22; 7018;      50 
22; 7218;      54 
22; 7418;      57 
22; 7618;      45 
22; 7818;      50 
22; 8018;      43 
22; 8218;      39 
22; 8418;      34 
22; 8618;      44 
22; 8818;      37 
22; 9018;      34 
22; 9218;      32 
22; 9418;      25 
22; 9618;      30 
22; 9818;      20 
23; 0018;      32 
23; 0218;      28 
23; 0418;      32 
23; 0618;      24 
23; 0818;      24 
23; 1018;      28 
23; 1218;      29 
23; 1418;      23 
23; 1618;      16 
23; 1818;      34 
23; 2018;      23 
23; 2218;      36 
23; 2418;      38 
23; 2618;      29 
23; 2818;      35 
23; 3018;      30 
23; 3218;      19 
23; 3418;      25 
23; 3618;      27 
23; 3818;      26 
23; 4018;      22 
23; 4218;      30 
23; 4418;      19 
23; 4618;      18 
23; 4818;      21 
23; 5018;      19 
23; 5218;      29 
23; 5418;      21 
23; 5618;      12 
23; 5818;      29 
23; 6018;      21 
23; 6218;      23 
23; 6418;      33 
23; 6618;      28 
23; 6818;      20 
23; 7018;      24 
23; 7218;      31 
23; 7418;      32 
23; 7618;      24 
23; 7818;      30 
23; 8018;      38 
23; 8218;      24 
23; 8418;      26 
23; 8619;      32 
23; 8819;      31 
23; 9019;      23 
23; 9219;      38 
23; 9419;      35 
23; 9619;      27 
23; 9819;      24 
24; 0019;      30 
24; 0219;      31 
24; 0419;      39 
24; 0619;      33 
24; 0819;      43 
24; 1019;      44 
24; 1219;      31 
24; 1419;      44 
24; 1619;      36 
24; 1819;      43 
24; 2019;      52 
24; 2219;      48 
24; 2419;      42 
24; 2619;      41 
24; 2819;      51 
24; 3019;      45 
24; 3219;      33 
24; 3419;      26 
24; 3619;      45 
24; 3819;      23 
24; 4019;      27 
24; 4219;      29 
24; 4419;      21 
24; 4619;      22 
24; 4819;      22 
24; 5019;      16 
24; 5219;      17 
24; 5419;      18 
24; 5619;      28 
24; 5819;      17 
24; 6019;      18 
24; 6219;      28 
24; 6419;      16 
24; 6619;      15 
24; 6819;      18 
24; 7019;      29 
24; 7219;      13 
24; 7419;      18 
24; 7619;      19 
24; 7819;      23 
24; 8019;      16 
24; 8219;      34 
24; 8419;      26 
24; 8619;      26 
24; 8819;      34 
24; 9019;      26 
24; 9219;      30 
24; 9419;      34 
24; 9619;      27 
24; 9819;      33 
25; 0019;      27 
25; 0219;      39 
25; 0419;      35 
25; 0619;      36 
25; 0819;      41 
25; 1019;      32 
25; 1219;      40 
25; 1419;      26 
25; 1620;      27 
25; 1820;      46 
25; 2020;      43 
25; 2220;      29 
25; 2420;      54 
25; 2620;      40 
25; 2820;      40 
25; 3020;      52 
25; 3220;      34 
25; 3420;      34 
25; 3620;      37 
25; 3820;      23 
25; 4020;      34 
25; 4220;      27 
25; 4420;      19 
25; 4620;      30 
25; 4820;      18 
25; 5020;      23 
25; 5220;      24 
25; 5420;      21 
25; 5620;      21 
25; 5820;      17 
25; 6020;      18 
25; 6220;      15 
25; 6420;      21 
25; 6620;      12 
25; 6820;      21 
25; 7020;      24 
25; 7220;      23 
25; 7420;      16 
25; 7620;      15 
25; 7820;      17 
25; 8020;      14 
25; 8220;      17 
25; 8420;      22 
25; 8620;      15 
25; 8820;      27 
25; 9020;      13 
25; 9220;      20 
25; 9420;      15 
25; 9620;      19 
25; 9820;      18 
26; 0020;      14 
26; 0220;       4 
26; 0420;      23 
26; 0620;      21 
26; 0820;      13 
26; 1020;      18 
26; 1220;      29 
26; 1420;      14 
26; 1620;      23 
26; 1820;      23 
26; 2020;      17 
26; 2220;      22 
26; 2420;      22 
26; 2620;      19 
26; 2820;      19 
26; 3020;      19 
26; 3220;      24 
26; 3420;      21 
26; 3620;      23 
26; 3820;      21 
26; 4020;      19 
26; 4220;      26 
26; 4421;      23 
26; 4621;      17 
26; 4821;      20 
26; 5021;      18 
26; 5221;      16 
26; 5421;      13 
26; 5621;      17 
26; 5821;      15 
26; 6021;      18 
26; 6221;      13 
26; 6421;      17 
26; 6621;      15 
26; 6821;      15 
26; 7021;      20 
26; 7221;      25 
26; 7421;      25 
26; 7621;      21 
26; 7821;      12 
26; 8021;      13 
26; 8221;      18 
26; 8421;      18 
26; 8621;      12 
26; 8821;      20 
26; 9021;      15 
26; 9221;      12 
26; 9421;      15 
26; 9621;      19 
26; 9821;       9 
27; 0021;      17 
27; 0221;      14 
27; 0421;      15 
27; 0621;       9 
27; 0821;      15 
27; 1021;      14 
27; 1221;      14 
27; 1421;      16 
27; 1621;      14 
27; 1821;      20 
27; 2021;      19 
27; 2221;      19 
27; 2421;      18 
27; 2621;      10 
27; 2821;      18 
27; 3021;      22 
27; 3221;      15 
27; 3421;      13 
27; 3621;      12 
27; 3821;      15 
27; 4021;      10 
27; 4221;      15 
27; 4421;      14 
27; 4621;      16 
27; 4821;      16 
27; 5021;      17 
27; 5221;      13 
27; 5421;      12 
27; 5621;      12 
27; 5821;      11 
27; 6021;       8 
27; 6221;      22 
27; 6421;      15 
27; 6621;      16 
27; 6821;      22 
27; 7021;      18 
27; 7221;      13 
27; 7422;      18 
27; 7622;      15 
27; 7822;      15 
27; 8022;      15 
27; 8222;      13 
27; 8422;      15 
27; 8622;      18 
27; 8822;      11 
27; 9022;      11 
27; 9222;      13 
27; 9422;      12 
27; 9622;      20 
27; 9822;       8 
28; 0022;      15 
28; 0222;      17 
28; 0422;       6 
28; 0622;      11 
28; 0822;      13 
28; 1022;      11 
28; 1222;      18 
28; 1422;      13 
28; 1622;      17 
28; 1822;      18 
28; 2022;      15 
28; 2222;      16 
28; 2422;      15 
28; 2622;      13 
28; 2822;       8 
28; 3022;      17 
28; 3222;      14 
28; 3422;      11 
28; 3622;      26 
28; 3822;      16 
28; 4022;      19 
28; 4222;      17 
28; 4422;      12 
28; 4622;      18 
28; 4822;      12 
28; 5022;      14 
28; 5222;      15 
28; 5422;      14 
28; 5622;      16 
28; 5822;      18 
28; 6022;      14 
28; 6222;      11 
28; 6422;      17 
28; 6622;      12 
28; 6822;       8 
28; 7022;      16 
28; 7222;      17 
28; 7422;      17 
28; 7622;      12 
28; 7822;       9 
28; 8022;      10 
28; 8222;       8 
28; 8422;      11 
28; 8622;      14 
28; 8822;      11 
28; 9022;       8 
28; 9222;      11 
28; 9422;      13 
28; 9622;       5 
28; 9822;      12 
29; 0022;       9 
29; 0223;      12 
29; 0423;      12 
29; 0623;      15 
29; 0823;      12 
29; 1023;       8 
29; 1223;      13 
29; 1423;       8 
29; 1623;       7 
29; 1823;      14 
29; 2023;       8 
29; 2223;      14 
29; 2423;      13 
29; 2623;      17 
29; 2823;      12 
29; 3023;      15 
29; 3223;       7 
29; 3423;      14 
29; 3623;      11 
29; 3823;       9 
29; 4023;       9 
29; 4223;       9 
29; 4423;       2 
29; 4623;       7 
29; 4823;      11 
29; 5023;       8 
29; 5223;       9 
29; 5423;      11 
29; 5623;      10 
29; 5823;       8 
29; 6023;      15 
29; 6223;      15 
29; 6423;      11 
29; 6623;      10 
29; 6823;      15 
29; 7023;      11 
29; 7223;      10 
29; 7423;       7 
29; 7623;      11 
29; 7823;      10 
29; 8023;       6 
29; 8223;       8 
29; 8423;       6 
29; 8623;       9 
29; 8823;       6 
29; 9023;      10 
29; 9223;       7 
29; 9423;       7 
29; 9623;      11 
29; 9823;       8 
30; 0023;       2 
30; 0223;       7 
30; 0423;       8 
30; 0623;      13 
30; 0823;       6 
30; 1023;       9 
30; 1223;       4 
30; 1423;       9 
30; 1623;       8 
30; 1823;       5 
30; 2023;       8 
30; 2223;      12 
30; 2423;       6 
30; 2623;       7 
30; 2823;       8 
30; 3023;      10 
30; 3224;      11 
30; 3424;       5 
30; 3624;       9 
30; 3824;       8 
30; 4024;       6 
30; 4224;      14 
30; 4424;       3 
30; 4624;      12 
30; 4824;      13 
30; 5024;       4 
30; 5224;       6 
30; 5424;       3 
30; 5624;       7 
30; 5824;       9 
30; 6024;       6 
30; 6224;      12 
30; 6424;       7 
30; 6624;       3 
30; 6824;      10 
30; 7024;      10 
30; 7224;       6 
30; 7424;       7 
30; 7624;      11 
30; 7824;       8 
30; 8024;       4 
30; 8224;       5 
30; 8424;      10 
30; 8624;      13 
30; 8824;       4 
30; 9024;       6 
30; 9224;       4 
30; 9424;       9 
30; 9624;       6 
30; 9824;      12 
31; 0024;       8 
31; 0224;       9 
31; 0424;       9 
31; 0624;      10 
31; 0824;       3 
31; 1024;       4 
31; 1224;       8 
31; 1424;       7 
31; 1624;       3 
31; 1824;       7 
31; 2024;       6 
31; 2224;       6 
31; 2424;       7 
31; 2624;       7 
31; 2824;       2 
31; 3024;       6 
31; 3224;       4 
31; 3424;       4 
31; 3624;       8 
31; 3824;      10 
31; 4024;       4 
31; 4224;       5 
31; 4424;       5 
31; 4624;       9 
31; 4824;       5 
31; 5024;       9 
31; 5224;      12 
31; 5424;       6 
31; 5624;       6 
31; 5824;       7 
31; 6025;      11 
31; 6225;       4 
31; 6425;       3 
31; 6625;      11 
31; 6825;       2 
31; 7025;       3 
31; 7225;       5 
31; 7425;       2 
31; 7625;       3 
31; 7825;       5 
31; 8025;       5 
31; 8225;       5 
31; 8425;       8 
31; 8625;       6 
31; 8825;       5 
31; 9025;       8 
31; 9225;       6 
31; 9425;       8 
31; 9625;       6 
31; 9825;       5 
32; 0025;       7 
32; 0225;       2 
32; 0425;       5 
32; 0625;       7 
32; 0825;       4 
32; 1025;       4 
32; 1225;       6 
32; 1425;       4 
32; 1625;       5 
32; 1825;       5 
32; 2025;       0 
32; 2225;       4 
32; 2425;       6 
32; 2625;       4 
32; 2825;       5 
32; 3025;       6 
32; 3225;       6 
32; 3425;       3 
32; 3625;       7 
32; 3825;       5 
32; 4025;       6 
32; 4225;       9 
32; 4425;       2 
32; 4625;      11 
32; 4825;       4 
32; 5025;       4 
32; 5225;       4 
32; 5425;       7 
32; 5625;       4 
32; 5825;       6 
32; 6025;       4 
32; 6225;       8 
32; 6425;       5 
32; 6625;       3 
32; 6825;       6 
32; 7025;       3 
32; 7225;       2 
32; 7425;       2 
32; 7625;       3 
32; 7825;       1 
32; 8025;       3 
32; 8225;       4 
32; 8425;       4 
32; 8625;       8 
32; 8825;       5 
32; 9026;       2 
32; 9226;       5 
32; 9426;       2 
32; 9626;       8 
32; 9826;       3 
33; 0026;       4 
33; 0226;       6 
33; 0426;       8 
33; 0626;       5 
33; 0826;       7 
33; 1026;       0 
33; 1226;       5 
33; 1426;       6 
33; 1626;       7 
33; 1826;       4 
33; 2026;       4 
33; 2226;       4 
33; 2426;       5 
33; 2626;       2 
33; 2826;       4 
33; 3026;       4 
33; 3226;       3 
33; 3426;       3 
33; 3626;       5 
33; 3826;       4 
33; 4026;       7 
33; 4226;       6 
33; 4426;       3 
33; 4626;       4 
33; 4826;       4 
33; 5026;       4 
33; 5226;       4 
33; 5426;       4 
33; 5626;       7 
33; 5826;       4 
33; 6026;       1 
33; 6226;       2 
33; 6426;       2 
33; 6626;       3 
33; 6826;       2 
33; 7026;       7 
33; 7226;       1 
33; 7426;       3 
33; 7626;       1 
33; 7826;       5 
33; 8026;       6 
33; 8226;       4 
33; 8426;       6 
33; 8626;       2 
33; 8826;       4 
33; 9026;       1 
33; 9226;       3 
33; 9426;       4 
33; 9626;       3 
33; 9826;       3 
34; 0026;       4 
34; 0226;       5 
34; 0426;       3 
34; 0626;       4 
34; 0826;       4 
34; 1026;       2 
34; 1226;       4 
34; 1426;       3 
34; 1626;       3 
34; 1827;       5 
34; 2027;       7 
34; 2227;       3 
34; 2427;       3 
34; 2627;       4 
34; 2827;       3 
34; 3027;       3 
34; 3227;       1 
34; 3427;       5 
34; 3627;       0 
34; 3827;       2 
34; 4027;       3 
34; 4227;       1 
34; 4427;       3 
34; 4627;       7 
34; 4827;       2 
34; 5027;       4 
34; 5227;       4 
34; 5427;       1 
34; 5627;       2 
34; 5827;       0 
34; 6027;       1 
34; 6227;       0 
34; 6427;       2 
34; 6627;       2 
34; 6827;       1 
34; 7027;       1 
34; 7227;       2 
34; 7427;       3 
34; 7627;       1 
34; 7827;       0 
34; 8027;       1 
34; 8227;       0 
34; 8427;       3 
34; 8627;       1 
34; 8827;       4 
34; 9027;       1 
34; 9227;       2 
34; 9427;       2 
34; 9627;       3 
34; 9827;       1 
35; 0027;       2 
35; 0227;       3 
35; 0427;       1 
35; 0627;       1 
35; 0827;       2 
35; 1027;       4 
35; 1227;       2 
35; 1427;       4 
35; 1627;       1 
35; 1827;       2 
35; 2027;       1 
35; 2227;       2 
35; 2427;       1 
35; 2627;       2 
35; 2827;       3 
35; 3027;       2 
35; 3227;       2 
35; 3427;       2 
35; 3627;       2 
35; 3827;       2 
35; 4027;       1 
35; 4227;       1 
35; 4427;       1 
35; 4627;       3 
35; 4828;       3 
35; 5028;       1 
35; 5228;       3 
35; 5428;       1 
35; 5628;       0 
35; 5828;       1 
35; 6028;       0 
35; 6228;       2 
35; 6428;       1 
35; 6628;       1 
35; 6828;       1 
35; 7028;       2 
35; 7228;       1 
35; 7428;       1 
35; 7628;       0 
35; 7828;       0 
35; 8028;       1 
35; 8228;       2 
35; 8428;       2 
35; 8628;       0 
35; 8828;       0 
35; 9028;       2 
35; 9228;       2 
35; 9428;       0 
35; 9628;       4 
35; 9828;       1 
36; 0028;       1 
36; 0228;       0 
36; 0428;       2 
36; 0628;       6 
36; 0828;       1 
36; 1028;       1 
36; 1228;       0 
36; 1428;       3 
36; 1628;       2 
36; 1828;       0 
36; 2028;       0 
36; 2228;       0 
36; 2428;       0 
36; 2628;       3 
36; 2828;       1 
36; 3028;       1 
36; 3228;       1 
36; 3428;       1 
36; 3628;       1 
36; 3828;       0 
36; 4028;       2 
36; 4228;       2 
36; 4428;       4 
36; 4628;       1 
36; 4828;       0 
36; 5028;       2 
36; 5228;       0 
36; 5428;       0 
36; 5628;       0 
36; 5828;       2 
36; 6028;       0 
36; 6228;       0 
36; 6428;       0 
36; 6628;       0 
36; 6828;       1 
36; 7028;       0 
36; 7228;       1 
36; 7428;       2 
36; 7629;       1 
36; 7829;       0 
36; 8029;       0 
36; 8229;       1 
36; 8429;       2 
36; 8629;       0 
36; 8829;       1 
36; 9029;       1 
36; 9229;       2 
36; 9429;       1 
36; 9629;       0 
36; 9829;       0 
37; 0029;       0 
37; 0229;       0 
37; 0429;       0 
37; 0629;       1 
37; 0829;       0 
37; 1029;       1 
37; 1229;       1 
37; 1429;       0 
37; 1629;       0 
37; 1829;       1 
37; 2029;       0 
37; 2229;       2 
37; 2429;       0 
37; 2629;       1 
37; 2829;       1 
37; 3029;       2 
37; 3229;       1 
37; 3429;       1 
37; 3629;       0 
37; 3829;       1 
37; 4029;       0 
37; 4229;       1 
37; 4429;       0 
37; 4629;       1 
37; 4829;       0 
37; 5029;       1 
37; 5229;       1 
37; 5429;       0 
37; 5629;       1 
37; 5829;       0 
37; 6029;       1 
37; 6229;       0 
37; 6429;       0 
37; 6629;       0 
37; 6829;       1 
37; 7029;       1 
37; 7229;       0 
37; 7429;       1 
37; 7629;       0 
37; 7829;       1 
37; 8029;       0 
37; 8229;       0 
37; 8429;       0 
37; 8629;       1 
37; 8829;       0 
37; 9029;       0 
37; 9229;       1 
37; 9429;       0 
37; 9629;       0 
37; 9829;       1 
38; 0029;       0 
38; 0229;       0 
38; 0429;       1 
38; 0630;       0 
38; 0830;       1 
38; 1030;       0 
38; 1230;       0 
38; 1430;       0 
38; 1630;       2 
38; 1830;       0 
38; 2030;       0 
38; 2230;       1 
38; 2430;       0 
38; 2630;       0 
38; 2830;       0 
38; 3030;       1 
38; 3230;       2 
38; 3430;       1 
38; 3630;       0 
38; 3830;       0 
38; 4030;       0 
38; 4230;       0 
38; 4430;       0 
38; 4630;       0 
38; 4830;       0 
38; 5030;       0 
38; 5230;       0 
38; 5430;       0 
38; 5630;       0 
38; 5830;       0 
38; 6030;       0 
38; 6230;       0 
38; 6430;       1 
38; 6630;       2 
38; 6830;       0 
38; 7030;       0 
38; 7230;       2 
38; 7430;       0 
38; 7630;       1 
38; 7830;       0 
38; 8030;       1 
38; 8230;       0 
38; 8430;       0 
38; 8630;       0 
38; 8830;       1 
38; 9030;       1 
38; 9230;       0 
38; 9430;       0 
38; 9630;       1 
38; 9830;       1 
39; 0030;       0 
39; 0230;       1 
39; 0430;       1 
39; 0630;       0 
39; 0830;       0 
39; 1030;       0 
39; 1230;       0 
39; 1430;       0 
39; 1630;       0 
39; 1830;       0 
39; 2030;       0 
39; 2230;       0 
39; 2430;       0 
39; 2630;       1 
39; 2830;       0 
39; 3030;       0 
39; 3230;       0 
39; 3431;       1 
39; 3631;       0 
39; 3831;       0 
39; 4031;       0 
39; 4231;       0 
39; 4431;       0 
39; 4631;       0 
39; 4831;       0 
39; 5031;       1 
39; 5231;       0 
39; 5431;       0 
39; 5631;       0 
39; 5831;       0 
39; 6031;       0 
39; 6231;       0 
39; 6431;       1 
39; 6631;       0 
39; 6831;       0 
39; 7031;       0 
39; 7231;       0 
39; 7431;       0 
39; 7631;       0 
39; 7831;       0 
39; 8031;       0 
39; 8231;       1 
39; 8431;       0 
39; 8631;       0 
39; 8831;       0 
39; 9031;       0 
39; 9231;       1 
39; 9431;       0 
39; 9631;       0 
39; 9831;       0 
40; 0031;       0 
40; 0231;       0 
40; 0431;       0 
40; 0631;       0 
40; 0831;       1 
40; 1031;       0 
40; 1231;       0 
40; 1431;       0 
40; 1631;       0 
40; 1831;       0 
40; 2031;       1 
40; 2231;       0 
40; 2431;       0 
40; 2631;       0 
40; 2831;       1 
40; 3031;       0 
40; 3231;       1 
40; 3431;       0 
40; 3631;       0 
40; 3831;       0 
40; 4031;       1 
40; 4231;       0 
40; 4431;       0 
40; 4631;       0 
40; 4831;       0 
40; 5031;       0 
40; 5231;       0 
40; 5431;       0 
40; 5631;       0 
40; 5831;       0 
40; 6031;       0 
40; 6231;       0 
40; 6432;       0 
40; 6632;       0 
40; 6832;       0 
40; 7032;       0 
40; 7232;       0 
40; 7432;       0 
40; 7632;       1 
40; 7832;       0 
40; 8032;       0 
40; 8232;       0 
40; 8432;       1 
40; 8632;       0 
40; 8832;       0 
40; 9032;       0 
40; 9232;       0 
40; 9432;       1 
