0; 0000;     260 
0; 0200;     232 
0; 0399;     167 
0; 0599;     101 
0; 0799;      61 
0; 0998;      27 
0; 1198;      14 
0; 1398;       2 
0; 1597;       2 
0; 1797;       0 
0; 1997;       0 
0; 2196;       1 
0; 2396;       0 
0; 2596;       0 
0; 2795;       0 
0; 2995;       0 
0; 3195;       0 
0; 3394;       0 
0; 3594;       0 
0; 3794;       1 
0; 3994;       0 
0; 4193;       0 
0; 4393;       0 
0; 4593;       2 
0; 4792;       0 
0; 4992;       1 
0; 5192;       2 
0; 5391;       2 
0; 5591;       5 
0; 5791;      17 
0; 5990;      67 
0; 6190;     130 
0; 6390;     163 
0; 6589;     246 
0; 6789;     204 
0; 6989;     199 
0; 7188;     204 
0; 7388;     201 
0; 7588;     197 
0; 7787;     192 
0; 7987;     204 
0; 8187;     219 
0; 8386;     195 
0; 8586;     179 
0; 8786;     211 
0; 8985;     199 
0; 9185;     198 
0; 9385;     177 
0; 9584;     165 
0; 9784;     180 
0; 9984;     180 
1; 0183;     193 
1; 0383;     187 
1; 0583;     166 
1; 0783;     161 
1; 0982;     167 
1; 1182;     160 
1; 1382;     174 
1; 1581;     151 
1; 1781;     150 
1; 1981;     156 
1; 2180;     151 
1; 2380;     178 
1; 2580;     142 
1; 2779;     131 
1; 2979;     149 
1; 3179;     140 
1; 3378;     122 
1; 3578;     158 
1; 3778;     144 
1; 3977;     150 
1; 4177;     152 
1; 4377;     171 
1; 4576;     158 
1; 4776;     159 
1; 4976;     137 
1; 5175;     171 
1; 5375;     161 
1; 5575;     145 
1; 5774;     145 
1; 5974;     144 
1; 6174;     191 
1; 6373;     186 
1; 6573;     188 
1; 6773;     210 
1; 6972;     248 
1; 7172;     248 
1; 7372;     256 
1; 7571;     253 
1; 7771;     225 
1; 7971;     220 
1; 8171;     207 
1; 8370;     199 
1; 8570;     184 
1; 8770;     165 
1; 8969;     161 
1; 9169;     172 
1; 9369;     179 
1; 9568;     172 
1; 9768;     150 
1; 9968;     171 
2; 0167;     178 
2; 0367;     159 
2; 0567;     187 
2; 0766;     165 
2; 0966;     152 
2; 1166;     164 
2; 1365;     170 
2; 1565;     153 
2; 1765;     192 
2; 1964;     166 
2; 2164;     187 
2; 2364;     200 
2; 2563;     187 
2; 2763;     214 
2; 2963;     214 
2; 3162;     231 
2; 3362;     209 
2; 3562;     217 
2; 3761;     252 
2; 3961;     208 
2; 4161;     225 
2; 4360;     226 
2; 4560;     222 
2; 4760;     222 
2; 4959;     226 
2; 5159;     274 
2; 5359;     316 
2; 5559;     388 
2; 5758;     460 
2; 5958;     565 
2; 6158;     650 
2; 6357;     749 
2; 6557;     826 
2; 6757;     923 
2; 6956;     915 
2; 7156;     892 
2; 7356;     914 
2; 7555;     859 
2; 7755;     788 
2; 7955;     836 
2; 8154;     775 
2; 8354;     768 
2; 8554;     763 
2; 8753;     793 
2; 8953;     821 
2; 9153;     777 
2; 9352;     786 
2; 9552;     690 
2; 9752;     667 
2; 9951;     584 
3; 0151;     517 
3; 0351;     463 
3; 0550;     372 
3; 0750;     358 
3; 0950;     300 
3; 1149;     262 
3; 1349;     288 
3; 1549;     309 
3; 1748;     292 
3; 1948;     270 
3; 2148;     327 
3; 2348;     379 
3; 2547;     417 
3; 2747;     450 
3; 2947;     451 
3; 3146;     450 
3; 3346;     440 
3; 3546;     459 
3; 3745;     395 
3; 3945;     336 
3; 4145;     273 
3; 4344;     299 
3; 4544;     264 
3; 4744;     263 
3; 4943;     255 
3; 5143;     287 
3; 5343;     342 
3; 5542;     397 
3; 5742;     501 
3; 5942;     701 
3; 6141;     850 
3; 6341;    1042 
3; 6541;    1143 
3; 6740;    1260 
3; 6940;    1268 
3; 7140;    1250 
3; 7339;    1030 
3; 7539;     892 
3; 7739;     728 
3; 7938;     584 
3; 8138;     431 
3; 8338;     339 
3; 8537;     333 
3; 8737;     317 
3; 8937;     258 
3; 9136;     305 
3; 9336;     328 
3; 9536;     369 
3; 9736;     401 
3; 9935;     369 
4; 0135;     379 
4; 0335;     412 
4; 0534;     368 
4; 0734;     355 
4; 0934;     322 
4; 1133;     288 
4; 1333;     301 
4; 1533;     235 
4; 1732;     271 
4; 1932;     251 
4; 2132;     249 
4; 2331;     251 
4; 2531;     283 
4; 2731;     298 
4; 2930;     242 
4; 3130;     285 
4; 3330;     283 
4; 3529;     283 
4; 3729;     292 
4; 3929;     274 
4; 4128;     338 
4; 4328;     336 
4; 4528;     386 
4; 4727;     388 
4; 4927;     414 
4; 5127;     366 
4; 5326;     396 
4; 5526;     389 
4; 5726;     383 
4; 5925;     355 
4; 6125;     343 
4; 6325;     311 
4; 6525;     305 
4; 6724;     335 
4; 6924;     295 
4; 7124;     318 
4; 7323;     321 
4; 7523;     292 
4; 7723;     322 
4; 7922;     310 
4; 8122;     346 
4; 8322;     327 
4; 8521;     343 
4; 8721;     351 
4; 8921;     377 
4; 9120;     384 
4; 9320;     402 
4; 9520;     383 
4; 9719;     388 
4; 9919;     374 
5; 0119;     363 
5; 0318;     363 
5; 0518;     364 
5; 0718;     339 
5; 0917;     323 
5; 1117;     376 
5; 1317;     344 
5; 1516;     359 
5; 1716;     347 
5; 1916;     344 
5; 2115;     352 
5; 2315;     363 
5; 2515;     386 
5; 2714;     377 
5; 2914;     318 
5; 3114;     431 
5; 3313;     366 
5; 3513;     411 
5; 3713;     375 
5; 3913;     401 
5; 4112;     416 
5; 4312;     402 
5; 4512;     426 
5; 4711;     399 
5; 4911;     426 
5; 5111;     419 
5; 5310;     408 
5; 5510;     405 
5; 5710;     438 
5; 5909;     454 
5; 6109;     416 
5; 6309;     428 
5; 6508;     453 
5; 6708;     433 
5; 6908;     403 
5; 7107;     430 
5; 7307;     431 
5; 7507;     447 
5; 7706;     437 
5; 7906;     416 
5; 8106;     471 
5; 8305;     450 
5; 8505;     489 
5; 8705;     519 
5; 8904;     471 
5; 9104;     512 
5; 9304;     503 
5; 9503;     489 
5; 9703;     484 
5; 9903;     495 
6; 0102;     471 
6; 0302;     493 
6; 0502;     472 
6; 0701;     518 
6; 0901;     495 
6; 1101;     518 
6; 1301;     565 
6; 1500;     607 
6; 1700;     621 
6; 1900;     777 
6; 2099;     882 
6; 2299;    1105 
6; 2499;    1331 
6; 2698;    1602 
6; 2898;    2002 
6; 3098;    2396 
6; 3297;    2771 
6; 3497;    3228 
6; 3697;    3428 
6; 3896;    3650 
6; 4096;    3594 
6; 4296;    3433 
6; 4495;    2928 
6; 4695;    2631 
6; 4895;    2191 
6; 5094;    1741 
6; 5294;    1307 
6; 5494;    1082 
6; 5693;     870 
6; 5893;     815 
6; 6093;     647 
6; 6292;     661 
6; 6492;     638 
6; 6692;     676 
6; 6891;     620 
6; 7091;     662 
6; 7291;     682 
6; 7490;     670 
6; 7690;     624 
6; 7890;     696 
6; 8090;     670 
6; 8289;     668 
6; 8489;     668 
6; 8689;     741 
6; 8888;     745 
6; 9088;     818 
6; 9288;     815 
6; 9487;     900 
6; 9687;     942 
6; 9887;     986 
7; 0086;    1016 
7; 0286;    1079 
7; 0486;    1171 
7; 0685;    1118 
7; 0885;    1079 
7; 1085;    1054 
7; 1284;    1034 
7; 1484;    1041 
7; 1684;     977 
7; 1883;     931 
7; 2083;     887 
7; 2283;     890 
7; 2482;     859 
7; 2682;     858 
7; 2882;     857 
7; 3081;     946 
7; 3281;     958 
7; 3481;    1030 
7; 3680;    1045 
7; 3880;    1068 
7; 4080;    1211 
7; 4279;    1210 
7; 4479;    1324 
7; 4679;    1248 
7; 4878;    1282 
7; 5078;    1277 
7; 5278;    1285 
7; 5478;    1251 
7; 5677;    1250 
7; 5877;    1178 
7; 6077;    1266 
7; 6276;    1181 
7; 6476;    1325 
7; 6676;    1338 
7; 6875;    1439 
7; 7075;    1548 
7; 7275;    1693 
7; 7474;    1936 
7; 7674;    2427 
7; 7874;    3317 
7; 8073;    4843 
7; 8273;    7654 
7; 8473;   12559 
7; 8672;   20186 
7; 8872;   31557 
7; 9072;   47879 
7; 9271;   69624 
7; 9471;   94860 
7; 9671;  123775 
7; 9870;  150409 
8; 0070;  174012 
8; 0270;  189243 
8; 0469;  194077 
8; 0669;  187791 
8; 0869;  172139 
8; 1068;  147652 
8; 1268;  120687 
8; 1468;   91631 
8; 1667;   66574 
8; 1867;   45221 
8; 2067;   29780 
8; 2267;   18534 
8; 2466;   10971 
8; 2666;    6503 
8; 2866;    4105 
8; 3065;    2569 
8; 3265;    1871 
8; 3465;    1429 
8; 3664;    1201 
8; 3864;    1116 
8; 4064;    1048 
8; 4263;    1052 
8; 4463;     993 
8; 4663;     996 
8; 4862;    1056 
8; 5062;    1064 
8; 5262;    1136 
8; 5461;    1227 
8; 5661;    1272 
8; 5861;    1357 
8; 6060;    1505 
8; 6260;    1605 
8; 6460;    1866 
8; 6659;    2110 
8; 6859;    2490 
8; 7059;    3203 
8; 7258;    4416 
8; 7458;    5936 
8; 7658;    8289 
8; 7857;   11385 
8; 8057;   14692 
8; 8257;   19140 
8; 8456;   23151 
8; 8656;   26255 
8; 8856;   29031 
8; 9055;   30262 
8; 9255;   29520 
8; 9455;   27566 
8; 9655;   24324 
8; 9854;   20148 
9; 0054;   16149 
9; 0254;   12083 
9; 0453;    8749 
9; 0653;    5682 
9; 0853;    3742 
9; 1052;    2435 
9; 1252;    1534 
9; 1452;     966 
9; 1651;     628 
9; 1851;     450 
9; 2051;     376 
9; 2250;     323 
9; 2450;     298 
9; 2650;     309 
9; 2849;     246 
9; 3049;     262 
9; 3249;     229 
9; 3448;     256 
9; 3648;     236 
9; 3848;     284 
9; 4047;     244 
9; 4247;     251 
9; 4447;     236 
9; 4646;     243 
9; 4846;     255 
9; 5046;     247 
9; 5245;     257 
9; 5445;     270 
9; 5645;     289 
9; 5844;     255 
9; 6044;     240 
9; 6244;     246 
9; 6443;     238 
9; 6643;     269 
9; 6843;     251 
9; 7043;     195 
9; 7242;     225 
9; 7442;     209 
9; 7642;     172 
9; 7841;     227 
9; 8041;     211 
9; 8241;     209 
9; 8440;     171 
9; 8640;     195 
9; 8840;     167 
9; 9039;     216 
9; 9239;     186 
9; 9439;     191 
9; 9638;     189 
9; 9838;     172 
10; 0038;     180 
10; 0237;     174 
10; 0437;     195 
10; 0637;     192 
10; 0836;     191 
10; 1036;     181 
10; 1236;     157 
10; 1435;     184 
10; 1635;     170 
10; 1835;     185 
10; 2034;     156 
10; 2234;     189 
10; 2434;     177 
10; 2633;     189 
10; 2833;     187 
10; 3033;     197 
10; 3232;     181 
10; 3432;     200 
10; 3632;     194 
10; 3832;     169 
10; 4031;     197 
10; 4231;     229 
10; 4431;     186 
10; 4630;     199 
10; 4830;     230 
10; 5030;     234 
10; 5229;     234 
10; 5429;     240 
10; 5629;     241 
10; 5828;     246 
10; 6028;     239 
10; 6228;     220 
10; 6427;     222 
10; 6627;     224 
10; 6827;     203 
10; 7026;     220 
10; 7226;     181 
10; 7426;     198 
10; 7625;     224 
10; 7825;     188 
10; 8025;     198 
10; 8224;     183 
10; 8424;     186 
10; 8624;     180 
10; 8823;     172 
10; 9023;     175 
10; 9223;     192 
10; 9422;     197 
10; 9622;     177 
10; 9822;     149 
11; 0021;     167 
11; 0221;     155 
11; 0421;     159 
11; 0620;     158 
11; 0820;     164 
11; 1020;     165 
11; 1220;     167 
11; 1419;     162 
11; 1619;     166 
11; 1819;     168 
11; 2018;     148 
11; 2218;     138 
11; 2418;     150 
11; 2617;     166 
11; 2817;     157 
11; 3017;     165 
11; 3216;     175 
11; 3416;     151 
11; 3616;     141 
11; 3815;     163 
11; 4015;     146 
11; 4215;     163 
11; 4414;     162 
11; 4614;     128 
11; 4814;     126 
11; 5013;     148 
11; 5213;     164 
11; 5413;     177 
11; 5612;     161 
11; 5812;     152 
11; 6012;     166 
11; 6211;     159 
11; 6411;     161 
11; 6611;     184 
11; 6810;     168 
11; 7010;     174 
11; 7210;     194 
11; 7409;     194 
11; 7609;     200 
11; 7809;     177 
11; 8008;     183 
11; 8208;     205 
11; 8408;     162 
11; 8608;     154 
11; 8807;     141 
11; 9007;     133 
11; 9207;     186 
11; 9406;     129 
11; 9606;     154 
11; 9806;     141 
12; 0005;     130 
12; 0205;     166 
12; 0405;     149 
12; 0604;     140 
12; 0804;     148 
12; 1004;     134 
12; 1203;     147 
12; 1403;     157 
12; 1603;     150 
12; 1802;     125 
12; 2002;     128 
12; 2202;     149 
12; 2401;     159 
12; 2601;     125 
12; 2801;     125 
12; 3000;     144 
12; 3200;     154 
12; 3400;     133 
12; 3599;     117 
12; 3799;     132 
12; 3999;     144 
12; 4198;     150 
12; 4398;     142 
12; 4598;     175 
12; 4797;     149 
12; 4997;     172 
12; 5197;     150 
12; 5397;     174 
12; 5596;     185 
12; 5796;     168 
12; 5996;     175 
12; 6195;     206 
12; 6395;     199 
12; 6595;     178 
12; 6794;     178 
12; 6994;     147 
12; 7194;     149 
12; 7393;     162 
12; 7593;     135 
12; 7793;     149 
12; 7992;     133 
12; 8192;     157 
12; 8392;     150 
12; 8591;     121 
12; 8791;     142 
12; 8991;     115 
12; 9190;     141 
12; 9390;     119 
12; 9590;     145 
12; 9789;     112 
12; 9989;     116 
13; 0189;     126 
13; 0388;     135 
13; 0588;     108 
13; 0788;     116 
13; 0987;     117 
13; 1187;     129 
13; 1387;     128 
13; 1586;     134 
13; 1786;     103 
13; 1986;     129 
13; 2185;     122 
13; 2385;      96 
13; 2585;     125 
13; 2785;     121 
13; 2984;     131 
13; 3184;     125 
13; 3384;     115 
13; 3583;     130 
13; 3783;     102 
13; 3983;     133 
13; 4182;     123 
13; 4382;     129 
13; 4582;     137 
13; 4781;     118 
13; 4981;     112 
13; 5181;     129 
13; 5380;     125 
13; 5580;     121 
13; 5780;     115 
13; 5979;     119 
13; 6179;      99 
13; 6379;     112 
13; 6578;     100 
13; 6778;     110 
13; 6978;     115 
13; 7177;     117 
13; 7377;     112 
13; 7577;     121 
13; 7776;     116 
13; 7976;     103 
13; 8176;     104 
13; 8375;     121 
13; 8575;     108 
13; 8775;     128 
13; 8974;      99 
13; 9174;     109 
13; 9374;     105 
13; 9574;     112 
13; 9773;     110 
13; 9973;     112 
14; 0173;     122 
14; 0372;     122 
14; 0572;     114 
14; 0772;     103 
14; 0971;     106 
14; 1171;     101 
14; 1371;     116 
14; 1570;     121 
14; 1770;     146 
14; 1970;     115 
14; 2169;     144 
14; 2369;     139 
14; 2569;     141 
14; 2768;     133 
14; 2968;     134 
14; 3168;     161 
14; 3367;     151 
14; 3567;     176 
14; 3767;     180 
14; 3966;     178 
14; 4166;     192 
14; 4366;     186 
14; 4565;     203 
14; 4765;     194 
14; 4965;     198 
14; 5164;     175 
14; 5364;     179 
14; 5564;     173 
14; 5763;     148 
14; 5963;     160 
14; 6163;     118 
14; 6362;     139 
14; 6562;     143 
14; 6762;     115 
14; 6962;     118 
14; 7161;     109 
14; 7361;     116 
14; 7561;     103 
14; 7760;     115 
14; 7960;     116 
14; 8160;     107 
14; 8359;     124 
14; 8559;     132 
14; 8759;     112 
14; 8958;     125 
14; 9158;     118 
14; 9358;     133 
14; 9557;     108 
14; 9757;     124 
14; 9957;     122 
15; 0156;     114 
15; 0356;     123 
15; 0556;     112 
15; 0755;     118 
15; 0955;     126 
15; 1155;     130 
15; 1354;     124 
15; 1554;     123 
15; 1754;     114 
15; 1953;     130 
15; 2153;     144 
15; 2353;     134 
15; 2552;     138 
15; 2752;     129 
15; 2952;     134 
15; 3151;     140 
15; 3351;     128 
15; 3551;     129 
15; 3750;     119 
15; 3950;     121 
15; 4150;     123 
15; 4350;     118 
15; 4549;     113 
15; 4749;     108 
15; 4949;     129 
15; 5148;     134 
15; 5348;     132 
15; 5548;     118 
15; 5747;     121 
15; 5947;     109 
15; 6147;     112 
15; 6346;     124 
15; 6546;     124 
15; 6746;     118 
15; 6945;     123 
15; 7145;     101 
15; 7345;     128 
15; 7544;     157 
15; 7744;     141 
15; 7944;     133 
15; 8143;     147 
15; 8343;     193 
15; 8543;     231 
15; 8742;     307 
15; 8942;     426 
15; 9142;     527 
15; 9341;     694 
15; 9541;     908 
15; 9741;    1102 
15; 9940;    1363 
16; 0140;    1702 
16; 0340;    1956 
16; 0539;    2373 
16; 0739;    2510 
16; 0939;    2725 
16; 1139;    2791 
16; 1338;    2700 
16; 1538;    2561 
16; 1738;    2363 
16; 1937;    2142 
16; 2137;    1802 
16; 2337;    1478 
16; 2536;    1146 
16; 2736;     903 
16; 2936;     709 
16; 3135;     565 
16; 3335;     360 
16; 3535;     261 
16; 3734;     216 
16; 3934;     156 
16; 4134;     136 
16; 4333;     132 
16; 4533;     108 
16; 4733;     119 
16; 4932;     111 
16; 5132;      96 
16; 5332;     107 
16; 5531;     105 
16; 5731;     115 
16; 5931;     112 
16; 6130;     115 
16; 6330;     136 
16; 6530;     117 
16; 6729;     151 
16; 6929;     132 
16; 7129;     161 
16; 7328;     156 
16; 7528;     201 
16; 7728;     220 
16; 7927;     258 
16; 8127;     347 
16; 8327;     403 
16; 8527;     487 
16; 8726;     550 
16; 8926;     705 
16; 9126;     736 
16; 9325;     804 
16; 9525;     866 
16; 9725;     927 
16; 9924;     898 
17; 0124;     817 
17; 0324;     693 
17; 0523;     723 
17; 0723;     612 
17; 0923;     544 
17; 1122;     474 
17; 1322;     350 
17; 1522;     253 
17; 1721;     226 
17; 1921;     167 
17; 2121;     129 
17; 2320;     119 
17; 2520;      85 
17; 2720;      93 
17; 2919;      87 
17; 3119;      72 
17; 3319;      71 
17; 3518;      70 
17; 3718;      82 
17; 3918;      88 
17; 4117;      74 
17; 4317;      73 
17; 4517;      72 
17; 4716;      83 
17; 4916;      61 
17; 5116;      81 
17; 5316;      83 
17; 5515;      73 
17; 5715;      91 
17; 5915;      86 
17; 6114;      72 
17; 6314;      86 
17; 6514;      84 
17; 6713;      76 
17; 6913;     107 
17; 7113;      83 
17; 7312;     119 
17; 7512;     105 
17; 7712;     107 
17; 7911;     118 
17; 8111;     118 
17; 8311;     119 
17; 8510;     123 
17; 8710;     124 
17; 8910;     108 
17; 9109;     123 
17; 9309;     100 
17; 9509;      95 
17; 9708;      97 
17; 9908;      88 
18; 0108;      80 
18; 0307;      78 
18; 0507;      78 
18; 0707;      80 
18; 0906;      87 
18; 1106;      87 
18; 1306;      62 
18; 1505;      71 
18; 1705;      57 
18; 1905;      76 
18; 2104;      65 
18; 2304;      61 
18; 2504;      69 
18; 2704;      69 
18; 2903;      82 
18; 3103;      64 
18; 3303;      90 
18; 3502;      62 
18; 3702;      82 
18; 3902;      75 
18; 4101;      84 
18; 4301;      93 
18; 4501;      86 
18; 4700;      89 
18; 4900;      81 
18; 5100;      78 
18; 5299;      74 
18; 5499;      88 
18; 5699;      89 
18; 5898;      90 
18; 6098;     105 
18; 6298;      80 
18; 6497;     118 
18; 6697;     123 
18; 6897;     104 
18; 7096;     116 
18; 7296;     116 
18; 7496;     113 
18; 7695;     103 
18; 7895;     137 
18; 8095;     138 
18; 8294;     138 
18; 8494;     139 
18; 8694;     161 
18; 8893;     146 
18; 9093;     137 
18; 9293;     160 
18; 9492;     159 
18; 9692;     144 
18; 9892;     165 
19; 0092;     186 
19; 0291;     166 
19; 0491;     173 
19; 0691;     178 
19; 0890;     155 
19; 1090;     168 
19; 1290;     166 
19; 1489;     167 
19; 1689;     173 
19; 1889;     157 
19; 2088;     150 
19; 2288;     150 
19; 2488;     153 
19; 2687;     131 
19; 2887;     127 
19; 3087;     121 
19; 3286;     149 
19; 3486;     134 
19; 3686;     106 
19; 3885;     101 
19; 4085;     114 
19; 4285;     111 
19; 4484;     100 
19; 4684;      98 
19; 4884;      95 
19; 5083;      77 
19; 5283;      94 
19; 5483;      72 
19; 5682;      67 
19; 5882;      71 
19; 6082;      83 
19; 6281;      74 
19; 6481;      69 
19; 6681;      53 
19; 6881;      79 
19; 7080;      61 
19; 7280;      53 
19; 7480;      58 
19; 7679;      60 
19; 7879;      63 
19; 8079;      64 
19; 8278;      60 
19; 8478;      61 
19; 8678;      60 
19; 8877;      62 
19; 9077;      69 
19; 9277;      80 
19; 9476;      94 
19; 9676;      85 
19; 9876;      91 
20; 0075;     110 
20; 0275;     132 
20; 0475;     130 
20; 0674;     143 
20; 0874;     147 
20; 1074;     171 
20; 1273;     162 
20; 1473;     166 
20; 1673;     191 
20; 1872;     202 
20; 2072;     222 
20; 2272;     186 
20; 2471;     198 
20; 2671;     181 
20; 2871;     154 
20; 3070;     163 
20; 3270;     155 
20; 3470;     135 
20; 3669;     118 
20; 3869;      82 
20; 4069;      98 
20; 4269;      75 
20; 4468;      76 
20; 4668;      59 
20; 4868;      48 
20; 5067;      55 
20; 5267;      41 
20; 5467;      54 
20; 5666;      40 
20; 5866;      46 
20; 6066;      42 
20; 6265;      50 
20; 6465;      48 
20; 6665;      45 
20; 6864;      52 
20; 7064;      54 
20; 7264;      51 
20; 7463;      43 
20; 7663;      66 
20; 7863;      33 
20; 8062;      38 
20; 8262;      51 
20; 8462;      44 
20; 8661;      48 
20; 8861;      46 
20; 9061;      51 
20; 9260;      45 
20; 9460;      55 
20; 9660;      56 
20; 9859;      49 
21; 0059;      65 
21; 0259;      74 
21; 0458;      67 
21; 0658;      78 
21; 0858;      89 
21; 1058;      77 
21; 1257;      78 
21; 1457;      59 
21; 1657;      75 
21; 1856;      63 
21; 2056;      82 
21; 2256;      62 
21; 2455;      81 
21; 2655;      82 
21; 2855;      73 
21; 3054;      70 
21; 3254;      58 
21; 3454;      69 
21; 3653;      59 
21; 3853;      64 
21; 4053;      64 
21; 4252;      65 
21; 4452;      49 
21; 4652;      50 
21; 4851;      70 
21; 5051;      51 
21; 5251;      59 
21; 5450;      47 
21; 5650;      77 
21; 5850;      51 
21; 6049;      47 
21; 6249;      53 
21; 6449;      41 
21; 6648;      40 
21; 6848;      59 
21; 7048;      42 
21; 7247;      43 
21; 7447;      39 
21; 7647;      57 
21; 7846;      53 
21; 8046;      26 
21; 8246;      47 
21; 8446;      44 
21; 8645;      42 
21; 8845;      53 
21; 9045;      37 
21; 9244;      29 
21; 9444;      42 
21; 9644;      35 
21; 9843;      46 
22; 0043;      35 
22; 0243;      46 
22; 0442;      44 
22; 0642;      33 
22; 0842;      41 
22; 1041;      38 
22; 1241;      58 
22; 1441;      40 
22; 1640;      55 
22; 1840;      38 
22; 2040;      34 
22; 2239;      42 
22; 2439;      41 
22; 2639;      44 
22; 2838;      45 
22; 3038;      46 
22; 3238;      33 
22; 3437;      36 
22; 3637;      35 
22; 3837;      28 
22; 4036;      30 
22; 4236;      39 
22; 4436;      30 
22; 4635;      38 
22; 4835;      26 
22; 5035;      29 
22; 5234;      27 
22; 5434;      33 
22; 5634;      32 
22; 5834;      38 
22; 6033;      50 
22; 6233;      53 
22; 6433;      43 
22; 6632;      56 
22; 6832;      48 
22; 7032;      52 
22; 7231;      49 
22; 7431;      53 
22; 7631;      60 
22; 7830;      42 
22; 8030;      47 
22; 8230;      45 
22; 8429;      52 
22; 8629;      33 
22; 8829;      40 
22; 9028;      35 
22; 9228;      30 
22; 9428;      32 
22; 9627;      33 
22; 9827;      28 
23; 0027;      33 
23; 0226;      33 
23; 0426;      27 
23; 0626;      25 
23; 0825;      32 
23; 1025;      28 
23; 1225;      33 
23; 1424;      24 
23; 1624;      26 
23; 1824;      27 
23; 2023;      39 
23; 2223;      30 
23; 2423;      33 
23; 2623;      28 
23; 2822;      32 
23; 3022;      26 
23; 3222;      23 
23; 3421;      22 
23; 3621;      30 
23; 3821;      22 
23; 4020;      36 
23; 4220;      27 
23; 4420;      32 
23; 4619;      21 
23; 4819;      16 
23; 5019;      28 
23; 5218;      30 
23; 5418;      24 
23; 5618;      22 
23; 5817;      21 
23; 6017;      20 
23; 6217;      27 
23; 6416;      22 
23; 6616;      33 
23; 6816;      22 
23; 7015;      26 
23; 7215;      21 
23; 7415;      26 
23; 7614;      24 
23; 7814;      26 
23; 8014;      32 
23; 8213;      33 
23; 8413;      33 
23; 8613;      28 
23; 8812;      25 
23; 9012;      39 
23; 9212;      25 
23; 9411;      32 
23; 9611;      33 
23; 9811;      32 
24; 0011;      28 
24; 0210;      37 
24; 0410;      35 
24; 0610;      40 
24; 0809;      34 
24; 1009;      44 
24; 1209;      35 
24; 1408;      41 
24; 1608;      49 
24; 1808;      36 
24; 2007;      42 
24; 2207;      46 
24; 2407;      36 
24; 2606;      43 
24; 2806;      43 
24; 3006;      28 
24; 3205;      26 
24; 3405;      42 
24; 3605;      32 
24; 3804;      35 
24; 4004;      18 
24; 4204;      17 
24; 4403;      25 
24; 4603;      22 
24; 4803;      26 
24; 5002;      28 
24; 5202;      18 
24; 5402;      23 
24; 5601;      22 
24; 5801;      23 
24; 6001;      15 
24; 6200;      27 
24; 6400;      24 
24; 6600;      24 
24; 6800;      21 
24; 6999;      21 
24; 7199;      28 
24; 7399;      15 
24; 7598;      26 
24; 7798;      18 
24; 7998;      24 
24; 8197;      24 
24; 8397;      17 
24; 8597;      32 
24; 8796;      23 
24; 8996;      29 
24; 9196;      26 
24; 9395;      32 
24; 9595;      25 
24; 9795;      33 
24; 9994;      38 
25; 0194;      35 
25; 0394;      33 
25; 0593;      39 
25; 0793;      36 
25; 0993;      31 
25; 1192;      30 
25; 1392;      29 
25; 1592;      26 
25; 1791;      24 
25; 1991;      35 
25; 2191;      20 
25; 2390;      16 
25; 2590;      20 
25; 2790;      29 
25; 2989;      30 
25; 3189;      19 
25; 3389;      20 
25; 3588;      21 
25; 3788;      17 
25; 3988;      19 
25; 4188;      16 
25; 4387;      16 
25; 4587;      22 
25; 4787;      30 
25; 4986;      12 
25; 5186;      21 
25; 5386;      12 
25; 5585;      19 
25; 5785;      17 
25; 5985;      13 
25; 6184;      22 
25; 6384;      21 
25; 6584;      22 
25; 6783;      15 
25; 6983;      24 
25; 7183;      16 
25; 7382;      13 
25; 7582;      21 
25; 7782;      18 
25; 7981;      18 
25; 8181;      25 
25; 8381;      20 
25; 8580;      22 
25; 8780;      15 
25; 8980;      19 
25; 9179;      19 
25; 9379;      23 
25; 9579;      20 
25; 9778;      27 
25; 9978;      16 
26; 0178;      14 
26; 0377;      18 
26; 0577;      22 
26; 0777;      13 
26; 0976;      25 
26; 1176;      23 
26; 1376;      14 
26; 1576;      18 
26; 1775;      25 
26; 1975;      19 
26; 2175;      17 
26; 2374;      12 
26; 2574;      17 
26; 2774;      17 
26; 2973;      18 
26; 3173;      18 
26; 3373;      21 
26; 3572;      11 
26; 3772;      19 
26; 3972;      21 
26; 4171;      20 
26; 4371;      24 
26; 4571;      18 
26; 4770;      19 
26; 4970;      19 
26; 5170;      16 
26; 5369;      19 
26; 5569;      16 
26; 5769;       8 
26; 5968;      17 
26; 6168;      19 
26; 6368;      24 
26; 6567;      17 
26; 6767;      19 
26; 6967;      16 
26; 7166;      17 
26; 7366;      22 
26; 7566;      23 
26; 7765;      14 
26; 7965;      17 
26; 8165;      10 
26; 8365;      19 
26; 8564;      24 
26; 8764;      21 
26; 8964;      17 
26; 9163;      19 
26; 9363;      19 
26; 9563;      23 
26; 9762;      16 
26; 9962;      23 
27; 0162;      22 
27; 0361;      14 
27; 0561;      25 
27; 0761;      17 
27; 0960;      21 
27; 1160;      21 
27; 1360;      18 
27; 1559;      18 
27; 1759;      14 
27; 1959;      18 
27; 2158;      15 
27; 2358;      15 
27; 2558;      19 
27; 2757;      25 
27; 2957;      19 
27; 3157;      16 
27; 3356;      20 
27; 3556;      22 
27; 3756;      12 
27; 3955;      12 
27; 4155;      10 
27; 4355;      15 
27; 4554;      21 
27; 4754;      15 
27; 4954;      13 
27; 5153;      13 
27; 5353;      11 
27; 5553;      20 
27; 5753;      20 
27; 5952;      19 
27; 6152;      12 
27; 6352;      15 
27; 6551;      14 
27; 6751;       8 
27; 6951;       9 
27; 7150;      13 
27; 7350;      20 
27; 7550;       8 
27; 7749;      20 
27; 7949;      16 
27; 8149;      10 
27; 8348;       9 
27; 8548;      16 
27; 8748;      15 
27; 8947;      16 
27; 9147;       8 
27; 9347;      20 
27; 9546;      16 
27; 9746;       9 
27; 9946;      10 
28; 0145;      15 
28; 0345;      10 
28; 0545;      20 
28; 0744;      16 
28; 0944;      13 
28; 1144;      12 
28; 1343;      14 
28; 1543;      14 
28; 1743;      15 
28; 1942;      15 
28; 2142;       7 
28; 2342;      14 
28; 2542;      13 
28; 2741;      18 
28; 2941;      13 
28; 3141;      22 
28; 3340;      12 
28; 3540;      16 
28; 3740;      15 
28; 3939;      16 
28; 4139;      21 
28; 4339;      13 
28; 4538;      18 
28; 4738;      11 
28; 4938;       8 
28; 5137;      15 
28; 5337;       6 
28; 5537;      12 
28; 5736;       9 
28; 5936;      13 
28; 6136;      14 
28; 6335;      11 
28; 6535;       6 
28; 6735;      20 
28; 6934;      14 
28; 7134;      12 
28; 7334;      12 
28; 7533;      13 
28; 7733;      12 
28; 7933;      18 
28; 8132;      11 
28; 8332;       9 
28; 8532;      10 
28; 8731;      10 
28; 8931;      14 
28; 9131;       6 
28; 9330;       8 
28; 9530;      12 
28; 9730;      13 
28; 9930;      11 
29; 0129;      13 
29; 0329;      12 
29; 0529;      14 
29; 0728;       6 
29; 0928;      13 
29; 1128;      14 
29; 1327;      16 
29; 1527;      16 
29; 1727;      22 
29; 1926;      11 
29; 2126;       5 
29; 2326;      13 
29; 2525;      14 
29; 2725;      11 
29; 2925;      14 
29; 3124;      16 
29; 3324;      13 
29; 3524;      15 
29; 3723;       9 
29; 3923;      13 
29; 4123;      11 
29; 4322;       8 
29; 4522;      15 
29; 4722;      11 
29; 4921;      13 
29; 5121;      15 
29; 5321;       9 
29; 5520;       9 
29; 5720;      17 
29; 5920;      10 
29; 6119;      12 
29; 6319;       9 
29; 6519;      11 
29; 6718;       5 
29; 6918;      18 
29; 7118;      13 
29; 7318;      12 
29; 7517;      19 
29; 7717;      16 
29; 7917;      12 
29; 8116;      13 
29; 8316;      13 
29; 8516;      15 
29; 8715;      10 
29; 8915;       8 
29; 9115;       9 
29; 9314;       9 
29; 9514;      13 
29; 9714;      16 
29; 9913;       9 
30; 0113;      12 
30; 0313;       6 
30; 0512;      12 
30; 0712;       9 
30; 0912;       6 
30; 1111;       6 
30; 1311;      12 
30; 1511;      10 
30; 1710;       5 
30; 1910;      12 
30; 2110;      14 
30; 2309;       5 
30; 2509;      10 
30; 2709;       7 
30; 2908;       6 
30; 3108;       7 
30; 3308;       7 
30; 3507;       8 
30; 3707;       6 
30; 3907;      11 
30; 4107;       8 
30; 4306;      10 
30; 4506;       5 
30; 4706;       6 
30; 4905;       5 
30; 5105;      12 
30; 5305;       4 
30; 5504;      11 
30; 5704;       8 
30; 5904;       6 
30; 6103;      10 
30; 6303;       9 
30; 6503;       9 
30; 6702;       8 
30; 6902;       8 
30; 7102;       6 
30; 7301;       9 
30; 7501;       7 
30; 7701;      13 
30; 7900;      10 
30; 8100;       5 
30; 8300;       8 
30; 8499;       6 
30; 8699;       6 
30; 8899;      17 
30; 9098;      11 
30; 9298;       6 
30; 9498;       9 
30; 9697;       4 
30; 9897;      13 
31; 0097;       9 
31; 0296;       8 
31; 0496;       9 
31; 0696;       6 
31; 0895;       7 
31; 1095;       9 
31; 1295;       8 
31; 1495;       8 
31; 1694;       4 
31; 1894;       8 
31; 2094;       6 
31; 2293;       8 
31; 2493;       8 
31; 2693;       7 
31; 2892;       6 
31; 3092;       7 
31; 3292;       6 
31; 3491;       8 
31; 3691;       8 
31; 3891;      12 
31; 4090;      10 
31; 4290;       3 
31; 4490;       7 
31; 4689;       5 
31; 4889;      11 
31; 5089;       8 
31; 5288;       8 
31; 5488;       9 
31; 5688;       8 
31; 5887;       4 
31; 6087;       8 
31; 6287;       8 
31; 6486;       6 
31; 6686;       6 
31; 6886;      11 
31; 7085;       8 
31; 7285;       9 
31; 7485;       5 
31; 7684;      11 
31; 7884;       5 
31; 8084;      11 
31; 8283;      10 
31; 8483;       5 
31; 8683;       4 
31; 8883;      16 
31; 9082;       1 
31; 9282;       3 
31; 9482;       7 
31; 9681;       3 
31; 9881;       8 
32; 0081;       2 
32; 0280;       1 
32; 0480;       7 
32; 0680;       7 
32; 0879;       3 
32; 1079;       4 
32; 1279;       2 
32; 1478;       3 
32; 1678;       4 
32; 1878;       4 
32; 2077;       2 
32; 2277;       7 
32; 2477;       6 
32; 2676;       4 
32; 2876;       2 
32; 3076;       3 
32; 3275;       7 
32; 3475;       2 
32; 3675;       7 
32; 3874;       5 
32; 4074;       5 
32; 4274;       8 
32; 4473;       4 
32; 4673;       2 
32; 4873;       2 
32; 5072;       7 
32; 5272;       6 
32; 5472;       4 
32; 5672;       2 
32; 5871;       4 
32; 6071;       5 
32; 6271;       4 
32; 6470;       4 
32; 6670;       4 
32; 6870;       4 
32; 7069;       5 
32; 7269;       8 
32; 7469;       9 
32; 7668;       6 
32; 7868;       2 
32; 8068;       4 
32; 8267;       4 
32; 8467;       8 
32; 8667;       5 
32; 8866;       4 
32; 9066;       5 
32; 9266;       1 
32; 9465;       3 
32; 9665;       4 
32; 9865;       6 
33; 0064;       3 
33; 0264;       3 
33; 0464;       5 
33; 0663;       2 
33; 0863;       3 
33; 1063;       7 
33; 1262;       1 
33; 1462;       2 
33; 1662;       8 
33; 1861;       2 
33; 2061;       3 
33; 2261;       3 
33; 2460;       4 
33; 2660;       1 
33; 2860;       2 
33; 3060;       0 
33; 3259;       4 
33; 3459;       4 
33; 3659;       1 
33; 3858;       1 
33; 4058;      11 
33; 4258;       7 
33; 4457;       5 
33; 4657;       0 
33; 4857;       4 
33; 5056;       2 
33; 5256;       5 
33; 5456;       3 
33; 5655;       2 
33; 5855;       4 
33; 6055;       1 
33; 6254;       4 
33; 6454;       2 
33; 6654;       0 
33; 6853;       6 
33; 7053;       4 
33; 7253;       2 
33; 7452;       3 
33; 7652;       3 
33; 7852;       3 
33; 8051;       2 
33; 8251;       1 
33; 8451;       4 
33; 8650;       3 
33; 8850;       3 
33; 9050;       1 
33; 9249;       5 
33; 9449;       6 
33; 9649;       2 
33; 9849;       5 
34; 0048;       0 
34; 0248;       1 
34; 0448;       3 
34; 0647;       5 
34; 0847;       2 
34; 1047;       1 
34; 1246;       2 
34; 1446;       4 
34; 1646;       7 
34; 1845;       0 
34; 2045;       2 
34; 2245;       2 
34; 2444;       4 
34; 2644;       2 
34; 2844;       0 
34; 3043;       2 
34; 3243;       2 
34; 3443;       1 
34; 3642;       4 
34; 3842;       2 
34; 4042;       2 
34; 4241;       4 
34; 4441;       6 
34; 4641;       1 
34; 4840;       3 
34; 5040;       1 
34; 5240;       3 
34; 5439;       3 
34; 5639;       4 
34; 5839;       0 
34; 6038;       1 
34; 6238;       5 
34; 6438;       4 
34; 6637;       4 
34; 6837;       3 
34; 7037;       1 
34; 7237;       4 
34; 7436;       0 
34; 7636;       4 
34; 7836;       0 
34; 8035;       2 
34; 8235;       2 
34; 8435;       2 
34; 8634;       2 
34; 8834;       3 
34; 9034;       2 
34; 9233;       1 
34; 9433;       0 
34; 9633;       3 
34; 9832;       2 
35; 0032;       0 
35; 0232;       2 
35; 0431;       3 
35; 0631;       1 
35; 0831;       2 
35; 1030;       3 
35; 1230;       3 
35; 1430;       2 
35; 1629;       1 
35; 1829;       2 
35; 2029;       2 
35; 2228;       1 
35; 2428;       1 
35; 2628;       3 
35; 2827;       5 
35; 3027;       1 
35; 3227;       4 
35; 3426;       2 
35; 3626;       0 
35; 3826;       3 
35; 4025;       1 
35; 4225;       1 
35; 4425;       1 
35; 4625;       1 
35; 4824;       1 
35; 5024;       2 
35; 5224;       2 
35; 5423;       1 
35; 5623;       0 
35; 5823;       3 
35; 6022;       2 
35; 6222;       0 
35; 6422;       1 
35; 6621;       0 
35; 6821;       1 
35; 7021;       0 
35; 7220;       1 
35; 7420;       1 
35; 7620;       0 
35; 7819;       1 
35; 8019;       0 
35; 8219;       1 
35; 8418;       1 
35; 8618;       1 
35; 8818;       2 
35; 9017;       1 
35; 9217;       0 
35; 9417;       1 
35; 9616;       0 
35; 9816;       0 
36; 0016;       1 
36; 0215;       0 
36; 0415;       2 
36; 0615;       1 
36; 0814;       1 
36; 1014;       0 
36; 1214;       2 
36; 1414;       1 
36; 1613;       2 
36; 1813;       0 
36; 2013;       1 
36; 2212;       3 
36; 2412;       0 
36; 2612;       1 
36; 2811;       1 
36; 3011;       1 
36; 3211;       0 
36; 3410;       1 
36; 3610;       0 
36; 3810;       3 
36; 4009;       2 
36; 4209;       1 
36; 4409;       0 
36; 4608;       0 
36; 4808;       4 
36; 5008;       1 
36; 5207;       0 
36; 5407;       0 
36; 5607;       2 
36; 5806;       3 
36; 6006;       0 
36; 6206;       0 
36; 6405;       1 
36; 6605;       0 
36; 6805;       1 
36; 7004;       0 
36; 7204;       2 
36; 7404;       0 
36; 7603;       1 
36; 7803;       1 
36; 8003;       1 
36; 8202;       0 
36; 8402;       1 
36; 8602;       0 
36; 8802;       2 
36; 9001;       1 
36; 9201;       1 
36; 9401;       1 
36; 9600;       0 
36; 9800;       1 
37; 0000;       2 
37; 0199;       0 
37; 0399;       2 
37; 0599;       0 
37; 0798;       1 
37; 0998;       2 
37; 1198;       1 
37; 1397;       0 
37; 1597;       0 
37; 1797;       0 
37; 1996;       1 
37; 2196;       2 
37; 2396;       2 
37; 2595;       1 
37; 2795;       3 
37; 2995;       1 
37; 3194;       0 
37; 3394;       0 
37; 3594;       2 
37; 3793;       0 
37; 3993;       1 
37; 4193;       0 
37; 4392;       1 
37; 4592;       0 
37; 4792;       1 
37; 4991;       1 
37; 5191;       2 
37; 5391;       0 
37; 5591;       0 
37; 5790;       1 
37; 5990;       0 
37; 6190;       0 
37; 6389;       1 
37; 6589;       0 
37; 6789;       2 
37; 6988;       0 
37; 7188;       0 
37; 7388;       0 
37; 7587;       1 
37; 7787;       1 
37; 7987;       0 
37; 8186;       0 
37; 8386;       1 
37; 8586;       1 
37; 8785;       1 
37; 8985;       1 
37; 9185;       0 
37; 9384;       0 
37; 9584;       0 
37; 9784;       0 
37; 9983;       0 
38; 0183;       1 
38; 0383;       0 
38; 0582;       1 
38; 0782;       0 
38; 0982;       0 
38; 1181;       1 
38; 1381;       0 
38; 1581;       0 
38; 1780;       0 
38; 1980;       0 
38; 2180;       0 
38; 2379;       0 
38; 2579;       0 
38; 2779;       1 
38; 2979;       1 
38; 3178;       1 
38; 3378;       1 
38; 3578;       0 
38; 3777;       0 
38; 3977;       0 
38; 4177;       0 
38; 4376;       1 
38; 4576;       0 
38; 4776;       0 
38; 4975;       1 
38; 5175;       0 
38; 5375;       0 
38; 5574;       1 
38; 5774;       0 
38; 5974;       1 
38; 6173;       0 
38; 6373;       0 
38; 6573;       0 
38; 6772;       1 
38; 6972;       0 
38; 7172;       0 
38; 7371;       0 
38; 7571;       0 
38; 7771;       0 
38; 7970;       0 
38; 8170;       1 
38; 8370;       0 
38; 8569;       2 
38; 8769;       0 
38; 8969;       1 
38; 9168;       0 
38; 9368;       1 
38; 9568;       1 
38; 9767;       0 
38; 9967;       0 
39; 0167;       1 
39; 0367;       0 
39; 0566;       0 
39; 0766;       0 
39; 0966;       0 
39; 1165;       1 
39; 1365;       1 
39; 1565;       0 
39; 1764;       0 
39; 1964;       0 
39; 2164;       2 
39; 2363;       0 
39; 2563;       0 
39; 2763;       0 
39; 2962;       0 
39; 3162;       0 
39; 3362;       0 
39; 3561;       0 
39; 3761;       1 
39; 3961;       0 
39; 4160;       0 
39; 4360;       0 
39; 4560;       0 
39; 4759;       0 
39; 4959;       1 
39; 5159;       0 
39; 5358;       0 
39; 5558;       2 
39; 5758;       1 
39; 5957;       0 
39; 6157;       0 
39; 6357;       0 
39; 6556;       0 
39; 6756;       1 
39; 6956;       0 
39; 7156;       0 
39; 7355;       0 
39; 7555;       0 
39; 7755;       0 
39; 7954;       0 
39; 8154;       0 
39; 8354;       0 
39; 8553;       1 
39; 8753;       0 
39; 8953;       0 
39; 9152;       1 
39; 9352;       0 
39; 9552;       0 
39; 9751;       0 
39; 9951;       0 
40; 0151;       0 
40; 0350;       1 
40; 0550;       0 
40; 0750;       0 
40; 0949;       0 
40; 1149;       0 
40; 1349;       0 
40; 1548;       0 
40; 1748;       0 
40; 1948;       0 
40; 2147;       0 
40; 2347;       0 
40; 2547;       0 
40; 2746;       0 
40; 2946;       0 
40; 3146;       0 
40; 3345;       0 
40; 3545;       0 
40; 3745;       0 
40; 3944;       0 
40; 4144;       0 
40; 4344;       1 
40; 4544;       0 
40; 4743;       0 
40; 4943;       0 
40; 5143;       0 
40; 5342;       0 
40; 5542;       0 
40; 5742;       0 
40; 5941;       0 
40; 6141;       0 
40; 6341;       0 
40; 6540;       0 
40; 6740;       0 
40; 6940;       0 
40; 7139;       0 
40; 7339;       0 
40; 7539;       0 
40; 7738;       0 
40; 7938;       0 
40; 8138;       0 
40; 8337;       2 
40; 8537;       0 
40; 8737;       1 
