0; 0000;     224 
0; 0200;     207 
0; 0399;     179 
0; 0599;      99 
0; 0799;      64 
0; 0999;      36 
0; 1198;      19 
0; 1398;       4 
0; 1598;       4 
0; 1798;       1 
0; 1997;       1 
0; 2197;       2 
0; 2397;       0 
0; 2597;       0 
0; 2796;       0 
0; 2996;       0 
0; 3196;       0 
0; 3395;       0 
0; 3595;       0 
0; 3795;       0 
0; 3995;       0 
0; 4194;       1 
0; 4394;       0 
0; 4594;       0 
0; 4794;       0 
0; 4993;       0 
0; 5193;       2 
0; 5393;       2 
0; 5592;       5 
0; 5792;      21 
0; 5992;      55 
0; 6192;     112 
0; 6391;     148 
0; 6591;     218 
0; 6791;     227 
0; 6991;     237 
0; 7190;     201 
0; 7390;     194 
0; 7590;     208 
0; 7790;     201 
0; 7989;     212 
0; 8189;     184 
0; 8389;     186 
0; 8588;     172 
0; 8788;     213 
0; 8988;     201 
0; 9188;     172 
0; 9387;     158 
0; 9587;     187 
0; 9787;     200 
0; 9987;     178 
1; 0186;     179 
1; 0386;     179 
1; 0586;     153 
1; 0786;     174 
1; 0985;     155 
1; 1185;     168 
1; 1385;     167 
1; 1584;     158 
1; 1784;     164 
1; 1984;     157 
1; 2184;     171 
1; 2383;     162 
1; 2583;     165 
1; 2783;     179 
1; 2983;     138 
1; 3182;     151 
1; 3382;     131 
1; 3582;     141 
1; 3781;     153 
1; 3981;     119 
1; 4181;     162 
1; 4381;     171 
1; 4580;     128 
1; 4780;     149 
1; 4980;     185 
1; 5180;     138 
1; 5379;     143 
1; 5579;     163 
1; 5779;     150 
1; 5979;     158 
1; 6178;     150 
1; 6378;     171 
1; 6578;     172 
1; 6777;     169 
1; 6977;     185 
1; 7177;     210 
1; 7377;     209 
1; 7576;     208 
1; 7776;     205 
1; 7976;     181 
1; 8176;     165 
1; 8375;     165 
1; 8575;     143 
1; 8775;     162 
1; 8975;     154 
1; 9174;     183 
1; 9374;     160 
1; 9574;     146 
1; 9773;     161 
1; 9973;     144 
2; 0173;     170 
2; 0373;     181 
2; 0572;     168 
2; 0772;     148 
2; 0972;     156 
2; 1172;     163 
2; 1371;     166 
2; 1571;     171 
2; 1771;     169 
2; 1970;     143 
2; 2170;     172 
2; 2370;     199 
2; 2570;     214 
2; 2769;     214 
2; 2969;     218 
2; 3169;     229 
2; 3369;     235 
2; 3568;     220 
2; 3768;     198 
2; 3968;     207 
2; 4168;     208 
2; 4367;     235 
2; 4567;     221 
2; 4767;     227 
2; 4966;     267 
2; 5166;     286 
2; 5366;     314 
2; 5566;     397 
2; 5765;     481 
2; 5965;     579 
2; 6165;     611 
2; 6365;     783 
2; 6564;     798 
2; 6764;     871 
2; 6964;     872 
2; 7164;     849 
2; 7363;     837 
2; 7563;     822 
2; 7763;     814 
2; 7962;     787 
2; 8162;     733 
2; 8362;     701 
2; 8562;     789 
2; 8761;     757 
2; 8961;     732 
2; 9161;     737 
2; 9361;     713 
2; 9560;     702 
2; 9760;     572 
2; 9960;     616 
3; 0159;     489 
3; 0359;     465 
3; 0559;     385 
3; 0759;     333 
3; 0958;     255 
3; 1158;     312 
3; 1358;     311 
3; 1558;     277 
3; 1757;     294 
3; 1957;     342 
3; 2157;     325 
3; 2357;     340 
3; 2556;     343 
3; 2756;     373 
3; 2956;     397 
3; 3155;     398 
3; 3355;     389 
3; 3555;     392 
3; 3755;     352 
3; 3954;     285 
3; 4154;     263 
3; 4354;     269 
3; 4554;     246 
3; 4753;     234 
3; 4953;     248 
3; 5153;     244 
3; 5353;     292 
3; 5552;     370 
3; 5752;     470 
3; 5952;     547 
3; 6151;     716 
3; 6351;     809 
3; 6551;     917 
3; 6751;    1009 
3; 6950;     959 
3; 7150;     913 
3; 7350;     849 
3; 7550;     745 
3; 7749;     620 
3; 7949;     455 
3; 8149;     363 
3; 8348;     321 
3; 8548;     294 
3; 8748;     302 
3; 8948;     293 
3; 9147;     300 
3; 9347;     302 
3; 9547;     316 
3; 9747;     330 
3; 9946;     368 
4; 0146;     349 
4; 0346;     317 
4; 0546;     328 
4; 0745;     313 
4; 0945;     302 
4; 1145;     262 
4; 1344;     234 
4; 1544;     272 
4; 1744;     241 
4; 1944;     254 
4; 2143;     234 
4; 2343;     242 
4; 2543;     254 
4; 2743;     249 
4; 2942;     253 
4; 3142;     246 
4; 3342;     265 
4; 3542;     255 
4; 3741;     287 
4; 3941;     284 
4; 4141;     291 
4; 4340;     326 
4; 4540;     345 
4; 4740;     350 
4; 4940;     352 
4; 5139;     339 
4; 5339;     327 
4; 5539;     338 
4; 5739;     357 
4; 5938;     323 
4; 6138;     314 
4; 6338;     347 
4; 6537;     320 
4; 6737;     301 
4; 6937;     299 
4; 7137;     289 
4; 7336;     297 
4; 7536;     288 
4; 7736;     296 
4; 7936;     291 
4; 8135;     298 
4; 8335;     322 
4; 8535;     366 
4; 8735;     372 
4; 8934;     352 
4; 9134;     363 
4; 9334;     333 
4; 9533;     385 
4; 9733;     364 
4; 9933;     336 
5; 0133;     339 
5; 0332;     350 
5; 0532;     372 
5; 0732;     321 
5; 0932;     296 
5; 1131;     315 
5; 1331;     325 
5; 1531;     335 
5; 1731;     315 
5; 1930;     299 
5; 2130;     396 
5; 2330;     359 
5; 2529;     340 
5; 2729;     366 
5; 2929;     396 
5; 3129;     355 
5; 3328;     377 
5; 3528;     426 
5; 3728;     377 
5; 3928;     411 
5; 4127;     413 
5; 4327;     418 
5; 4527;     386 
5; 4726;     399 
5; 4926;     410 
5; 5126;     426 
5; 5326;     428 
5; 5525;     412 
5; 5725;     383 
5; 5925;     415 
5; 6125;     401 
5; 6324;     411 
5; 6524;     397 
5; 6724;     425 
5; 6924;     426 
5; 7123;     430 
5; 7323;     402 
5; 7523;     418 
5; 7722;     426 
5; 7922;     419 
5; 8122;     469 
5; 8322;     453 
5; 8521;     453 
5; 8721;     448 
5; 8921;     470 
5; 9121;     459 
5; 9320;     445 
5; 9520;     451 
5; 9720;     461 
5; 9920;     455 
6; 0119;     456 
6; 0319;     461 
6; 0519;     467 
6; 0718;     490 
6; 0918;     476 
6; 1118;     495 
6; 1318;     514 
6; 1517;     607 
6; 1717;     645 
6; 1917;     741 
6; 2117;     876 
6; 2316;    1038 
6; 2516;    1258 
6; 2716;    1491 
6; 2915;    1780 
6; 3115;    2049 
6; 3315;    2459 
6; 3515;    2677 
6; 3714;    2852 
6; 3914;    3081 
6; 4114;    2951 
6; 4314;    2840 
6; 4513;    2499 
6; 4713;    2055 
6; 4913;    1775 
6; 5113;    1391 
6; 5312;    1182 
6; 5512;     981 
6; 5712;     848 
6; 5911;     691 
6; 6111;     700 
6; 6311;     649 
6; 6511;     658 
6; 6710;     615 
6; 6910;     618 
6; 7110;     619 
6; 7310;     633 
6; 7509;     632 
6; 7709;     644 
6; 7909;     693 
6; 8109;     687 
6; 8308;     701 
6; 8508;     672 
6; 8708;     726 
6; 8907;     727 
6; 9107;     785 
6; 9307;     776 
6; 9507;     777 
6; 9706;     868 
6; 9906;     938 
7; 0106;    1014 
7; 0306;     980 
7; 0505;    1014 
7; 0705;    1020 
7; 0905;    1001 
7; 1104;    1046 
7; 1304;     995 
7; 1504;     854 
7; 1704;     927 
7; 1903;     870 
7; 2103;     807 
7; 2303;     883 
7; 2503;     895 
7; 2702;     803 
7; 2902;     841 
7; 3102;     851 
7; 3302;     863 
7; 3501;    1000 
7; 3701;    1023 
7; 3901;    1036 
7; 4100;    1174 
7; 4300;    1274 
7; 4500;    1233 
7; 4700;    1266 
7; 4899;    1276 
7; 5099;    1316 
7; 5299;    1249 
7; 5499;    1311 
7; 5698;    1239 
7; 5898;    1205 
7; 6098;    1199 
7; 6298;    1263 
7; 6497;    1312 
7; 6697;    1398 
7; 6897;    1504 
7; 7096;    1527 
7; 7296;    1722 
7; 7496;    1938 
7; 7696;    2529 
7; 7895;    3445 
7; 8095;    5031 
7; 8295;    8124 
7; 8495;   13450 
7; 8694;   21344 
7; 8894;   33785 
7; 9094;   51359 
7; 9293;   73405 
7; 9493;   99896 
7; 9693;  128239 
7; 9893;  156054 
8; 0092;  179047 
8; 0292;  193850 
8; 0492;  197884 
8; 0692;  189585 
8; 0891;  172114 
8; 1091;  147325 
8; 1291;  118897 
8; 1491;   90897 
8; 1690;   65477 
8; 1890;   44752 
8; 2090;   28918 
8; 2289;   17771 
8; 2489;   10738 
8; 2689;    6382 
8; 2889;    3929 
8; 3088;    2664 
8; 3288;    1874 
8; 3488;    1502 
8; 3688;    1204 
8; 3887;    1128 
8; 4087;    1046 
8; 4287;    1039 
8; 4487;     993 
8; 4686;     977 
8; 4886;    1042 
8; 5086;    1064 
8; 5285;     996 
8; 5485;    1111 
8; 5685;    1187 
8; 5885;    1310 
8; 6084;    1385 
8; 6284;    1467 
8; 6484;    1689 
8; 6684;    1945 
8; 6883;    2349 
8; 7083;    3171 
8; 7283;    4388 
8; 7482;    6104 
8; 7682;    8601 
8; 7882;   11906 
8; 8082;   15865 
8; 8281;   19609 
8; 8481;   23426 
8; 8681;   27234 
8; 8881;   29545 
8; 9080;   30522 
8; 9280;   29879 
8; 9480;   27352 
8; 9680;   24104 
8; 9879;   19804 
9; 0079;   15862 
9; 0279;   11758 
9; 0478;    8195 
9; 0678;    5643 
9; 0878;    3738 
9; 1078;    2422 
9; 1277;    1386 
9; 1477;     912 
9; 1677;     642 
9; 1877;     465 
9; 2076;     337 
9; 2276;     309 
9; 2476;     289 
9; 2676;     264 
9; 2875;     263 
9; 3075;     260 
9; 3275;     241 
9; 3474;     214 
9; 3674;     227 
9; 3874;     238 
9; 4074;     215 
9; 4273;     227 
9; 4473;     215 
9; 4673;     250 
9; 4873;     217 
9; 5072;     223 
9; 5272;     233 
9; 5472;     231 
9; 5671;     200 
9; 5871;     229 
9; 6071;     201 
9; 6271;     229 
9; 6470;     218 
9; 6670;     201 
9; 6870;     228 
9; 7070;     208 
9; 7269;     208 
9; 7469;     230 
9; 7669;     199 
9; 7869;     203 
9; 8068;     208 
9; 8268;     206 
9; 8468;     188 
9; 8667;     180 
9; 8867;     187 
9; 9067;     194 
9; 9267;     194 
9; 9466;     183 
9; 9666;     181 
9; 9866;     182 
10; 0066;     162 
10; 0265;     163 
10; 0465;     164 
10; 0665;     159 
10; 0865;     173 
10; 1064;     158 
10; 1264;     150 
10; 1464;     153 
10; 1663;     157 
10; 1863;     188 
10; 2063;     177 
10; 2263;     167 
10; 2462;     168 
10; 2662;     171 
10; 2862;     167 
10; 3062;     168 
10; 3261;     191 
10; 3461;     172 
10; 3661;     173 
10; 3860;     186 
10; 4060;     209 
10; 4260;     203 
10; 4460;     222 
10; 4659;     236 
10; 4859;     255 
10; 5059;     270 
10; 5259;     272 
10; 5458;     254 
10; 5658;     291 
10; 5858;     285 
10; 6058;     286 
10; 6257;     259 
10; 6457;     246 
10; 6657;     236 
10; 6856;     230 
10; 7056;     241 
10; 7256;     196 
10; 7456;     184 
10; 7655;     185 
10; 7855;     194 
10; 8055;     173 
10; 8255;     199 
10; 8454;     165 
10; 8654;     182 
10; 8854;     146 
10; 9054;     179 
10; 9253;     174 
10; 9453;     165 
10; 9653;     134 
10; 9852;     165 
11; 0052;     164 
11; 0252;     159 
11; 0452;     152 
11; 0651;     154 
11; 0851;     157 
11; 1051;     169 
11; 1251;     147 
11; 1450;     125 
11; 1650;     163 
11; 1850;     143 
11; 2049;     148 
11; 2249;     145 
11; 2449;     131 
11; 2649;     132 
11; 2848;     172 
11; 3048;     155 
11; 3248;     150 
11; 3448;     153 
11; 3647;     158 
11; 3847;     152 
11; 4047;     135 
11; 4247;     160 
11; 4446;     148 
11; 4646;     126 
11; 4846;     141 
11; 5045;     142 
11; 5245;     142 
11; 5445;     151 
11; 5645;     159 
11; 5844;     142 
11; 6044;     130 
11; 6244;     123 
11; 6444;     161 
11; 6643;     144 
11; 6843;     157 
11; 7043;     152 
11; 7243;     160 
11; 7442;     154 
11; 7642;     171 
11; 7842;     183 
11; 8041;     180 
11; 8241;     174 
11; 8441;     154 
11; 8641;     147 
11; 8840;     144 
11; 9040;     116 
11; 9240;     164 
11; 9440;     145 
11; 9639;     138 
11; 9839;     150 
12; 0039;     144 
12; 0238;     138 
12; 0438;     122 
12; 0638;     121 
12; 0838;     123 
12; 1037;     119 
12; 1237;     151 
12; 1437;     117 
12; 1637;     129 
12; 1836;     112 
12; 2036;     138 
12; 2236;     119 
12; 2436;     156 
12; 2635;     122 
12; 2835;     125 
12; 3035;     136 
12; 3234;     123 
12; 3434;     100 
12; 3634;     127 
12; 3834;     125 
12; 4033;     121 
12; 4233;     146 
12; 4433;     123 
12; 4633;     154 
12; 4832;     157 
12; 5032;     143 
12; 5232;     184 
12; 5432;     159 
12; 5631;     198 
12; 5831;     194 
12; 6031;     185 
12; 6230;     213 
12; 6430;     220 
12; 6630;     190 
12; 6830;     198 
12; 7029;     193 
12; 7229;     153 
12; 7429;     161 
12; 7629;     144 
12; 7828;     140 
12; 8028;     117 
12; 8228;     138 
12; 8428;     122 
12; 8627;     126 
12; 8827;     124 
12; 9027;     129 
12; 9226;     111 
12; 9426;     122 
12; 9626;     122 
12; 9826;     112 
13; 0025;      96 
13; 0225;     104 
13; 0425;     121 
13; 0625;     113 
13; 0824;     134 
13; 1024;     108 
13; 1224;     103 
13; 1423;     110 
13; 1623;     132 
13; 1823;     109 
13; 2023;      97 
13; 2222;     126 
13; 2422;     126 
13; 2622;     112 
13; 2822;     124 
13; 3021;     105 
13; 3221;     101 
13; 3421;     108 
13; 3621;     116 
13; 3820;     126 
13; 4020;     113 
13; 4220;     105 
13; 4419;     110 
13; 4619;     109 
13; 4819;     101 
13; 5019;     114 
13; 5218;      88 
13; 5418;     109 
13; 5618;     107 
13; 5818;     112 
13; 6017;     115 
13; 6217;     112 
13; 6417;     116 
13; 6617;     104 
13; 6816;     108 
13; 7016;     118 
13; 7216;      99 
13; 7415;     111 
13; 7615;      95 
13; 7815;     129 
13; 8015;      95 
13; 8214;     100 
13; 8414;     103 
13; 8614;      92 
13; 8814;      90 
13; 9013;      95 
13; 9213;     115 
13; 9413;     101 
13; 9612;      87 
13; 9812;     119 
14; 0012;      97 
14; 0212;     104 
14; 0411;      94 
14; 0611;     110 
14; 0811;     109 
14; 1011;     119 
14; 1210;     115 
14; 1410;     126 
14; 1610;     108 
14; 1810;     102 
14; 2009;     115 
14; 2209;      90 
14; 2409;     101 
14; 2608;     109 
14; 2808;     138 
14; 3008;     130 
14; 3208;     148 
14; 3407;     124 
14; 3607;     157 
14; 3807;     156 
14; 4007;     164 
14; 4206;     177 
14; 4406;     169 
14; 4606;     184 
14; 4806;     214 
14; 5005;     201 
14; 5205;     174 
14; 5405;     146 
14; 5604;     149 
14; 5804;     131 
14; 6004;     134 
14; 6204;     111 
14; 6403;     125 
14; 6603;     124 
14; 6803;     116 
14; 7003;     110 
14; 7202;     112 
14; 7402;     124 
14; 7602;     120 
14; 7801;     114 
14; 8001;     117 
14; 8201;     122 
14; 8401;     109 
14; 8600;     131 
14; 8800;     108 
14; 9000;     100 
14; 9200;     113 
14; 9399;     120 
14; 9599;     113 
14; 9799;     110 
14; 9999;     106 
15; 0198;     125 
15; 0398;      98 
15; 0598;     108 
15; 0797;     112 
15; 0997;     109 
15; 1197;     119 
15; 1397;     111 
15; 1596;     128 
15; 1796;     115 
15; 1996;     117 
15; 2196;     132 
15; 2395;     124 
15; 2595;     123 
15; 2795;     107 
15; 2995;     112 
15; 3194;     113 
15; 3394;     132 
15; 3594;     142 
15; 3793;     119 
15; 3993;     111 
15; 4193;     111 
15; 4393;     110 
15; 4592;     129 
15; 4792;     118 
15; 4992;     107 
15; 5192;     116 
15; 5391;     115 
15; 5591;     111 
15; 5791;     123 
15; 5990;     123 
15; 6190;     125 
15; 6390;     117 
15; 6590;     124 
15; 6789;     114 
15; 6989;     124 
15; 7189;     107 
15; 7389;     118 
15; 7588;     159 
15; 7788;     164 
15; 7988;     154 
15; 8188;     163 
15; 8387;     205 
15; 8587;     264 
15; 8787;     361 
15; 8986;     396 
15; 9186;     580 
15; 9386;     756 
15; 9586;    1040 
15; 9785;    1353 
15; 9985;    1644 
16; 0185;    1933 
16; 0385;    2298 
16; 0584;    2532 
16; 0784;    2816 
16; 0984;    2942 
16; 1184;    2938 
16; 1383;    2967 
16; 1583;    2824 
16; 1783;    2578 
16; 1982;    2223 
16; 2182;    1947 
16; 2382;    1535 
16; 2582;    1268 
16; 2781;     941 
16; 2981;     716 
16; 3181;     525 
16; 3381;     384 
16; 3580;     281 
16; 3780;     229 
16; 3980;     152 
16; 4179;     139 
16; 4379;     116 
16; 4579;     114 
16; 4779;     114 
16; 4978;     104 
16; 5178;     103 
16; 5378;     105 
16; 5578;      95 
16; 5777;     102 
16; 5977;      99 
16; 6177;     113 
16; 6377;     123 
16; 6576;     132 
16; 6776;     111 
16; 6976;     135 
16; 7175;     125 
16; 7375;     151 
16; 7575;     184 
16; 7775;     263 
16; 7974;     324 
16; 8174;     354 
16; 8374;     427 
16; 8574;     559 
16; 8773;     651 
16; 8973;     747 
16; 9173;     800 
16; 9373;     939 
16; 9572;     876 
16; 9772;     955 
16; 9972;     950 
17; 0171;     924 
17; 0371;     838 
17; 0571;     710 
17; 0771;     625 
17; 0970;     547 
17; 1170;     440 
17; 1370;     330 
17; 1570;     276 
17; 1769;     222 
17; 1969;     191 
17; 2169;     161 
17; 2368;     126 
17; 2568;      87 
17; 2768;      84 
17; 2968;      90 
17; 3167;      71 
17; 3367;      64 
17; 3567;      81 
17; 3767;      72 
17; 3966;      52 
17; 4166;      63 
17; 4366;      69 
17; 4566;      57 
17; 4765;      66 
17; 4965;      71 
17; 5165;      62 
17; 5364;      66 
17; 5564;      82 
17; 5764;      69 
17; 5964;      68 
17; 6163;      72 
17; 6363;      87 
17; 6563;      86 
17; 6763;      78 
17; 6962;      84 
17; 7162;      78 
17; 7362;      94 
17; 7562;     115 
17; 7761;     113 
17; 7961;     111 
17; 8161;     118 
17; 8360;     148 
17; 8560;     116 
17; 8760;      98 
17; 8960;     141 
17; 9159;      95 
17; 9359;     117 
17; 9559;     124 
17; 9759;      88 
17; 9958;      80 
18; 0158;      91 
18; 0358;      70 
18; 0557;      66 
18; 0757;      77 
18; 0957;      71 
18; 1157;      60 
18; 1356;      61 
18; 1556;      79 
18; 1756;      67 
18; 1956;      76 
18; 2155;      61 
18; 2355;      56 
18; 2555;      67 
18; 2755;      63 
18; 2954;      54 
18; 3154;      62 
18; 3354;      66 
18; 3553;      70 
18; 3753;      74 
18; 3953;      54 
18; 4153;      63 
18; 4352;      72 
18; 4552;      78 
18; 4752;     103 
18; 4952;      79 
18; 5151;      79 
18; 5351;      86 
18; 5551;      89 
18; 5751;      87 
18; 5950;     109 
18; 6150;      77 
18; 6350;      82 
18; 6549;      94 
18; 6749;      80 
18; 6949;      95 
18; 7149;      84 
18; 7348;     112 
18; 7548;     106 
18; 7748;     104 
18; 7948;     125 
18; 8147;     124 
18; 8347;     118 
18; 8547;     125 
18; 8746;     140 
18; 8946;     135 
18; 9146;     141 
18; 9346;     153 
18; 9545;     162 
18; 9745;     149 
18; 9945;     136 
19; 0145;     172 
19; 0344;     151 
19; 0544;     144 
19; 0744;     150 
19; 0944;     184 
19; 1143;     139 
19; 1343;     143 
19; 1543;     132 
19; 1742;     163 
19; 1942;     148 
19; 2142;     145 
19; 2342;     143 
19; 2541;     116 
19; 2741;     110 
19; 2941;     137 
19; 3141;     122 
19; 3340;     123 
19; 3540;     115 
19; 3740;      85 
19; 3940;     105 
19; 4139;     108 
19; 4339;      93 
19; 4539;      89 
19; 4738;      82 
19; 4938;      84 
19; 5138;      64 
19; 5338;      80 
19; 5537;      75 
19; 5737;      72 
19; 5937;      59 
19; 6137;      69 
19; 6336;      53 
19; 6536;      70 
19; 6736;      53 
19; 6935;      62 
19; 7135;      48 
19; 7335;      47 
19; 7535;      64 
19; 7734;      54 
19; 7934;      54 
19; 8134;      62 
19; 8334;      54 
19; 8533;      51 
19; 8733;      62 
19; 8933;      70 
19; 9133;      77 
19; 9332;      76 
19; 9532;      84 
19; 9732;      88 
19; 9931;      79 
20; 0131;     108 
20; 0331;     123 
20; 0531;     131 
20; 0730;     157 
20; 0930;     155 
20; 1130;     187 
20; 1330;     156 
20; 1529;     201 
20; 1729;     202 
20; 1929;     210 
20; 2129;     180 
20; 2328;     188 
20; 2528;     201 
20; 2728;     155 
20; 2927;     140 
20; 3127;     124 
20; 3327;     102 
20; 3527;      99 
20; 3726;      93 
20; 3926;      93 
20; 4126;      79 
20; 4326;      71 
20; 4525;      51 
20; 4725;      46 
20; 4925;      54 
20; 5124;      54 
20; 5324;      29 
20; 5524;      36 
20; 5724;      38 
20; 5923;      44 
20; 6123;      46 
20; 6323;      41 
20; 6523;      36 
20; 6722;      37 
20; 6922;      50 
20; 7122;      36 
20; 7322;      45 
20; 7521;      39 
20; 7721;      45 
20; 7921;      31 
20; 8120;      35 
20; 8320;      40 
20; 8520;      52 
20; 8720;      49 
20; 8919;      57 
20; 9119;      53 
20; 9319;      59 
20; 9519;      53 
20; 9718;      60 
20; 9918;      64 
21; 0118;      56 
21; 0318;      66 
21; 0517;      57 
21; 0717;      66 
21; 0917;      69 
21; 1116;      71 
21; 1316;      74 
21; 1516;      77 
21; 1716;      84 
21; 1915;      74 
21; 2115;      77 
21; 2315;      78 
21; 2515;      88 
21; 2714;      61 
21; 2914;      61 
21; 3114;      57 
21; 3313;      58 
21; 3513;      38 
21; 3713;      57 
21; 3913;      47 
21; 4112;      44 
21; 4312;      41 
21; 4512;      50 
21; 4712;      42 
21; 4911;      56 
21; 5111;      43 
21; 5311;      40 
21; 5511;      41 
21; 5710;      50 
21; 5910;      51 
21; 6110;      49 
21; 6309;      41 
21; 6509;      31 
21; 6709;      52 
21; 6909;      56 
21; 7108;      24 
21; 7308;      28 
21; 7508;      44 
21; 7708;      44 
21; 7907;      26 
21; 8107;      45 
21; 8307;      45 
21; 8507;      43 
21; 8706;      48 
21; 8906;      49 
21; 9106;      31 
21; 9305;      38 
21; 9505;      35 
21; 9705;      31 
21; 9905;      41 
22; 0104;      36 
22; 0304;      45 
22; 0504;      43 
22; 0704;      45 
22; 0903;      44 
22; 1103;      40 
22; 1303;      57 
22; 1502;      60 
22; 1702;      45 
22; 1902;      50 
22; 2102;      34 
22; 2301;      39 
22; 2501;      36 
22; 2701;      42 
22; 2901;      43 
22; 3100;      39 
22; 3300;      35 
22; 3500;      40 
22; 3700;      27 
22; 3899;      26 
22; 4099;      24 
22; 4299;      32 
22; 4498;      33 
22; 4698;      31 
22; 4898;      33 
22; 5098;      29 
22; 5297;      37 
22; 5497;      33 
22; 5697;      40 
22; 5897;      44 
22; 6096;      39 
22; 6296;      52 
22; 6496;      38 
22; 6696;      40 
22; 6895;      37 
22; 7095;      42 
22; 7295;      54 
22; 7494;      56 
22; 7694;      38 
22; 7894;      56 
22; 8094;      45 
22; 8293;      53 
22; 8493;      40 
22; 8693;      47 
22; 8893;      40 
22; 9092;      53 
22; 9292;      33 
22; 9492;      26 
22; 9691;      27 
22; 9891;      29 
23; 0091;      34 
23; 0291;      21 
23; 0490;      24 
23; 0690;      36 
23; 0890;      27 
23; 1090;      28 
23; 1289;      33 
23; 1489;      29 
23; 1689;      41 
23; 1889;      24 
23; 2088;      32 
23; 2288;      18 
23; 2488;      27 
23; 2687;      28 
23; 2887;      31 
23; 3087;      22 
23; 3287;      26 
23; 3486;      16 
23; 3686;      30 
23; 3886;      28 
23; 4086;      25 
23; 4285;      26 
23; 4485;      25 
23; 4685;      18 
23; 4885;      21 
23; 5084;      13 
23; 5284;      25 
23; 5484;      15 
23; 5683;      23 
23; 5883;      23 
23; 6083;      18 
23; 6283;      25 
23; 6482;      39 
23; 6682;      24 
23; 6882;      25 
23; 7082;      25 
23; 7281;      30 
23; 7481;      28 
23; 7681;      16 
23; 7880;      32 
23; 8080;      34 
23; 8280;      30 
23; 8480;      27 
23; 8679;      20 
23; 8879;      28 
23; 9079;      25 
23; 9279;      34 
23; 9478;      43 
23; 9678;      23 
23; 9878;      33 
24; 0078;      32 
24; 0277;      28 
24; 0477;      32 
24; 0677;      41 
24; 0876;      42 
24; 1076;      37 
24; 1276;      39 
24; 1476;      34 
24; 1675;      39 
24; 1875;      45 
24; 2075;      50 
24; 2275;      43 
24; 2474;      36 
24; 2674;      41 
24; 2874;      40 
24; 3074;      29 
24; 3273;      28 
24; 3473;      34 
24; 3673;      35 
24; 3872;      20 
24; 4072;      18 
24; 4272;      12 
24; 4472;      30 
24; 4671;      19 
24; 4871;      21 
24; 5071;      15 
24; 5271;      26 
24; 5470;      19 
24; 5670;      21 
24; 5870;      27 
24; 6069;      26 
24; 6269;      22 
24; 6469;      17 
24; 6669;      25 
24; 6868;      20 
24; 7068;      22 
24; 7268;      18 
24; 7468;      14 
24; 7667;      15 
24; 7867;      18 
24; 8067;      26 
24; 8267;      24 
24; 8466;      21 
24; 8666;      19 
24; 8866;      22 
24; 9065;      34 
24; 9265;      34 
24; 9465;      28 
24; 9665;      29 
24; 9864;      30 
25; 0064;      23 
25; 0264;      37 
25; 0464;      31 
25; 0663;      29 
25; 0863;      28 
25; 1063;      26 
25; 1263;      30 
25; 1462;      32 
25; 1662;      28 
25; 1862;      19 
25; 2061;      29 
25; 2261;      24 
25; 2461;      25 
25; 2661;      21 
25; 2860;      25 
25; 3060;      25 
25; 3260;      27 
25; 3460;      20 
25; 3659;      20 
25; 3859;      16 
25; 4059;      20 
25; 4258;      15 
25; 4458;      23 
25; 4658;      12 
25; 4858;      18 
25; 5057;      25 
25; 5257;      16 
25; 5457;      13 
25; 5657;      15 
25; 5856;      14 
25; 6056;      26 
25; 6256;      25 
25; 6456;      20 
25; 6655;      17 
25; 6855;      36 
25; 7055;      15 
25; 7254;      18 
25; 7454;      13 
25; 7654;      21 
25; 7854;      16 
25; 8053;      19 
25; 8253;      15 
25; 8453;      17 
25; 8653;      17 
25; 8852;      29 
25; 9052;       9 
25; 9252;      23 
25; 9452;      17 
25; 9651;      18 
25; 9851;      18 
26; 0051;      22 
26; 0250;      12 
26; 0450;      16 
26; 0650;      20 
26; 0850;      24 
26; 1049;      23 
26; 1249;      17 
26; 1449;      13 
26; 1649;      20 
26; 1848;      17 
26; 2048;      26 
26; 2248;      31 
26; 2447;      14 
26; 2647;      17 
26; 2847;      20 
26; 3047;      15 
26; 3246;      18 
26; 3446;      20 
26; 3646;      17 
26; 3846;      18 
26; 4045;      16 
26; 4245;      24 
26; 4445;      18 
26; 4645;      22 
26; 4844;      15 
26; 5044;      18 
26; 5244;      19 
26; 5443;      16 
26; 5643;      19 
26; 5843;      20 
26; 6043;      18 
26; 6242;      18 
26; 6442;      13 
26; 6642;      22 
26; 6842;      18 
26; 7041;      20 
26; 7241;      15 
26; 7441;      21 
26; 7641;      20 
26; 7840;      19 
26; 8040;      20 
26; 8240;      22 
26; 8439;      15 
26; 8639;      13 
26; 8839;      16 
26; 9039;      12 
26; 9238;      19 
26; 9438;      18 
26; 9638;      18 
26; 9838;      19 
27; 0037;      14 
27; 0237;      18 
27; 0437;      17 
27; 0636;      10 
27; 0836;      18 
27; 1036;      16 
27; 1236;      11 
27; 1435;      18 
27; 1635;      12 
27; 1835;      13 
27; 2035;      18 
27; 2234;      19 
27; 2434;      20 
27; 2634;      19 
27; 2834;      16 
27; 3033;      24 
27; 3233;      17 
27; 3433;      23 
27; 3632;      15 
27; 3832;       9 
27; 4032;      19 
27; 4232;      14 
27; 4431;      15 
27; 4631;      18 
27; 4831;      13 
27; 5031;      13 
27; 5230;      15 
27; 5430;      18 
27; 5630;       8 
27; 5830;      19 
27; 6029;      16 
27; 6229;      14 
27; 6429;      14 
27; 6628;      16 
27; 6828;       8 
27; 7028;      15 
27; 7228;      14 
27; 7427;      13 
27; 7627;      16 
27; 7827;      17 
27; 8027;       6 
27; 8226;       9 
27; 8426;      14 
27; 8626;      20 
27; 8825;       7 
27; 9025;      19 
27; 9225;      16 
27; 9425;      16 
27; 9624;       9 
27; 9824;      13 
28; 0024;      12 
28; 0224;      11 
28; 0423;      11 
28; 0623;      14 
28; 0823;      12 
28; 1023;      16 
28; 1222;      17 
28; 1422;      23 
28; 1622;      14 
28; 1821;      12 
28; 2021;      14 
28; 2221;      24 
28; 2421;      16 
28; 2620;      13 
28; 2820;      15 
28; 3020;      25 
28; 3220;      23 
28; 3419;      12 
28; 3619;      15 
28; 3819;      17 
28; 4019;      19 
28; 4218;      13 
28; 4418;      21 
28; 4618;       8 
28; 4817;      10 
28; 5017;      16 
28; 5217;       7 
28; 5417;      13 
28; 5616;      13 
28; 5816;      17 
28; 6016;      13 
28; 6216;      11 
28; 6415;      19 
28; 6615;      13 
28; 6815;      12 
28; 7014;      12 
28; 7214;       7 
28; 7414;      11 
28; 7614;       5 
28; 7813;       7 
28; 8013;      10 
28; 8213;      15 
28; 8413;       9 
28; 8612;       7 
28; 8812;      13 
28; 9012;      13 
28; 9212;      18 
28; 9411;       5 
28; 9611;       9 
28; 9811;       8 
29; 0010;       9 
29; 0210;       8 
29; 0410;       9 
29; 0610;      16 
29; 0809;      12 
29; 1009;      10 
29; 1209;      13 
29; 1409;      19 
29; 1608;      16 
29; 1808;      10 
29; 2008;      11 
29; 2208;      14 
29; 2407;       8 
29; 2607;       6 
29; 2807;       9 
29; 3006;      12 
29; 3206;      16 
29; 3406;       5 
29; 3606;      15 
29; 3805;      14 
29; 4005;      12 
29; 4205;      16 
29; 4405;      10 
29; 4604;       5 
29; 4804;       8 
29; 5004;       9 
29; 5203;      13 
29; 5403;       7 
29; 5603;      12 
29; 5803;      17 
29; 6002;      10 
29; 6202;       7 
29; 6402;      10 
29; 6602;      16 
29; 6801;       9 
29; 7001;       5 
29; 7201;       5 
29; 7401;       6 
29; 7600;      10 
29; 7800;       5 
29; 8000;       7 
29; 8199;       9 
29; 8399;       5 
29; 8599;      12 
29; 8799;      10 
29; 8998;      13 
29; 9198;       7 
29; 9398;      14 
29; 9598;      10 
29; 9797;       8 
29; 9997;      11 
30; 0197;      10 
30; 0397;      12 
30; 0596;       7 
30; 0796;       6 
30; 0996;       5 
30; 1195;      13 
30; 1395;      11 
30; 1595;       7 
30; 1795;       9 
30; 1994;      10 
30; 2194;       6 
30; 2394;      16 
30; 2594;      11 
30; 2793;       7 
30; 2993;      10 
30; 3193;       8 
30; 3392;       7 
30; 3592;      12 
30; 3792;      10 
30; 3992;       9 
30; 4191;      10 
30; 4391;       9 
30; 4591;      11 
30; 4791;       6 
30; 4990;       5 
30; 5190;       6 
30; 5390;       8 
30; 5590;      11 
30; 5789;      12 
30; 5989;       6 
30; 6189;      11 
30; 6388;       9 
30; 6588;      12 
30; 6788;       6 
30; 6988;       9 
30; 7187;       8 
30; 7387;       6 
30; 7587;      11 
30; 7787;       5 
30; 7986;      12 
30; 8186;      10 
30; 8386;       6 
30; 8586;       4 
30; 8785;       6 
30; 8985;       7 
30; 9185;       4 
30; 9384;      10 
30; 9584;       9 
30; 9784;       6 
30; 9984;       2 
31; 0183;       3 
31; 0383;       4 
31; 0583;       5 
31; 0783;       1 
31; 0982;      10 
31; 1182;       9 
31; 1382;      10 
31; 1581;       5 
31; 1781;       6 
31; 1981;       7 
31; 2181;       5 
31; 2380;       8 
31; 2580;       6 
31; 2780;       4 
31; 2980;       5 
31; 3179;       8 
31; 3379;       6 
31; 3579;       5 
31; 3779;       3 
31; 3978;       3 
31; 4178;       8 
31; 4378;       6 
31; 4577;       6 
31; 4777;       5 
31; 4977;       8 
31; 5177;       5 
31; 5376;       4 
31; 5576;       2 
31; 5776;       7 
31; 5976;       1 
31; 6175;       5 
31; 6375;       6 
31; 6575;      10 
31; 6775;       2 
31; 6974;       7 
31; 7174;       6 
31; 7374;       5 
31; 7573;       7 
31; 7773;       9 
31; 7973;       9 
31; 8173;       3 
31; 8372;       5 
31; 8572;       5 
31; 8772;       4 
31; 8972;      12 
31; 9171;       7 
31; 9371;       6 
31; 9571;       7 
31; 9770;       4 
31; 9970;       5 
32; 0170;       6 
32; 0370;       5 
32; 0569;       9 
32; 0769;       6 
32; 0969;       5 
32; 1169;       3 
32; 1368;       6 
32; 1568;       5 
32; 1768;       4 
32; 1968;       6 
32; 2167;       2 
32; 2367;       4 
32; 2567;       7 
32; 2766;       6 
32; 2966;       7 
32; 3166;       6 
32; 3366;       7 
32; 3565;       6 
32; 3765;       7 
32; 3965;       4 
32; 4165;       5 
32; 4364;       4 
32; 4564;       1 
32; 4764;       5 
32; 4964;       6 
32; 5163;       1 
32; 5363;       2 
32; 5563;       8 
32; 5762;       4 
32; 5962;       4 
32; 6162;       2 
32; 6362;       4 
32; 6561;       4 
32; 6761;       3 
32; 6961;       7 
32; 7161;       2 
32; 7360;       6 
32; 7560;       0 
32; 7760;       5 
32; 7959;       7 
32; 8159;       4 
32; 8359;       4 
32; 8559;       5 
32; 8758;       7 
32; 8958;       0 
32; 9158;       4 
32; 9358;       1 
32; 9557;       2 
32; 9757;       4 
32; 9957;       4 
33; 0157;       7 
33; 0356;       0 
33; 0556;       3 
33; 0756;       3 
33; 0955;       7 
33; 1155;       3 
33; 1355;       5 
33; 1555;       5 
33; 1754;       4 
33; 1954;       6 
33; 2154;       6 
33; 2354;       8 
33; 2553;       9 
33; 2753;       4 
33; 2953;       3 
33; 3153;       1 
33; 3352;       2 
33; 3552;       3 
33; 3752;       4 
33; 3951;       4 
33; 4151;       3 
33; 4351;       6 
33; 4551;       3 
33; 4750;       2 
33; 4950;       1 
33; 5150;       2 
33; 5350;       6 
33; 5549;       4 
33; 5749;       2 
33; 5949;       2 
33; 6148;       2 
33; 6348;       3 
33; 6548;       3 
33; 6748;       1 
33; 6947;       7 
33; 7147;       1 
33; 7347;       3 
33; 7547;       2 
33; 7746;       1 
33; 7946;       2 
33; 8146;       4 
33; 8346;       4 
33; 8545;       5 
33; 8745;       2 
33; 8945;       4 
33; 9144;       5 
33; 9344;       3 
33; 9544;       2 
33; 9744;       4 
33; 9943;       2 
34; 0143;       3 
34; 0343;       1 
34; 0543;       0 
34; 0742;       2 
34; 0942;       1 
34; 1142;       2 
34; 1342;       4 
34; 1541;       2 
34; 1741;       2 
34; 1941;       3 
34; 2140;       3 
34; 2340;       3 
34; 2540;       2 
34; 2740;       1 
34; 2939;       3 
34; 3139;       1 
34; 3339;       1 
34; 3539;       4 
34; 3738;       1 
34; 3938;       2 
34; 4138;       2 
34; 4337;       1 
34; 4537;       3 
34; 4737;       3 
34; 4937;       1 
34; 5136;       1 
34; 5336;       2 
34; 5536;       2 
34; 5736;       2 
34; 5935;       2 
34; 6135;       2 
34; 6335;       2 
34; 6535;       2 
34; 6734;       2 
34; 6934;       3 
34; 7134;       3 
34; 7333;       1 
34; 7533;       2 
34; 7733;       3 
34; 7933;       1 
34; 8132;       1 
34; 8332;       1 
34; 8532;       3 
34; 8732;       0 
34; 8931;       1 
34; 9131;       2 
34; 9331;       3 
34; 9531;       3 
34; 9730;       0 
34; 9930;       2 
35; 0130;       2 
35; 0329;       3 
35; 0529;       1 
35; 0729;       0 
35; 0929;       2 
35; 1128;       1 
35; 1328;       1 
35; 1528;       1 
35; 1728;       2 
35; 1927;       2 
35; 2127;       0 
35; 2327;       4 
35; 2526;       1 
35; 2726;       2 
35; 2926;       1 
35; 3126;       2 
35; 3325;       1 
35; 3525;       1 
35; 3725;       0 
35; 3925;       0 
35; 4124;       2 
35; 4324;       1 
35; 4524;       2 
35; 4724;       1 
35; 4923;       1 
35; 5123;       0 
35; 5323;       1 
35; 5522;       5 
35; 5722;       0 
35; 5922;       3 
35; 6122;       3 
35; 6321;       2 
35; 6521;       1 
35; 6721;       1 
35; 6921;       0 
35; 7120;       2 
35; 7320;       3 
35; 7520;       1 
35; 7720;       1 
35; 7919;       1 
35; 8119;       0 
35; 8319;       1 
35; 8518;       1 
35; 8718;       1 
35; 8918;       1 
35; 9118;       3 
35; 9317;       1 
35; 9517;       1 
35; 9717;       1 
35; 9917;       2 
36; 0116;       2 
36; 0316;       2 
36; 0516;       0 
36; 0715;       0 
36; 0915;       1 
36; 1115;       2 
36; 1315;       2 
36; 1514;       0 
36; 1714;       1 
36; 1914;       2 
36; 2114;       1 
36; 2313;       1 
36; 2513;       0 
36; 2713;       2 
36; 2913;       1 
36; 3112;       1 
36; 3312;       0 
36; 3512;       1 
36; 3711;       1 
36; 3911;       2 
36; 4111;       0 
36; 4311;       0 
36; 4510;       4 
36; 4710;       1 
36; 4910;       1 
36; 5110;       1 
36; 5309;       0 
36; 5509;       0 
36; 5709;       1 
36; 5909;       0 
36; 6108;       0 
36; 6308;       1 
36; 6508;       0 
36; 6707;       0 
36; 6907;       0 
36; 7107;       1 
36; 7307;       0 
36; 7506;       1 
36; 7706;       0 
36; 7906;       1 
36; 8106;       0 
36; 8305;       1 
36; 8505;       0 
36; 8705;       0 
36; 8904;       2 
36; 9104;       3 
36; 9304;       1 
36; 9504;       1 
36; 9703;       2 
36; 9903;       2 
37; 0103;       0 
37; 0303;       0 
37; 0502;       1 
37; 0702;       1 
37; 0902;       0 
37; 1102;       0 
37; 1301;       0 
37; 1501;       0 
37; 1701;       0 
37; 1900;       1 
37; 2100;       0 
37; 2300;       0 
37; 2500;       0 
37; 2699;       3 
37; 2899;       1 
37; 3099;       0 
37; 3299;       1 
37; 3498;       1 
37; 3698;       1 
37; 3898;       1 
37; 4098;       2 
37; 4297;       1 
37; 4497;       1 
37; 4697;       0 
37; 4896;       1 
37; 5096;       0 
37; 5296;       0 
37; 5496;       1 
37; 5695;       3 
37; 5895;       0 
37; 6095;       0 
37; 6295;       0 
37; 6494;       0 
37; 6694;       0 
37; 6894;       3 
37; 7094;       1 
37; 7293;       3 
37; 7493;       0 
37; 7693;       1 
37; 7892;       0 
37; 8092;       1 
37; 8292;       2 
37; 8492;       0 
37; 8691;       0 
37; 8891;       1 
37; 9091;       0 
37; 9291;       0 
37; 9490;       0 
37; 9690;       0 
37; 9890;       0 
38; 0089;       0 
38; 0289;       0 
38; 0489;       0 
38; 0689;       0 
38; 0888;       0 
38; 1088;       1 
38; 1288;       0 
38; 1488;       0 
38; 1687;       0 
38; 1887;       0 
38; 2087;       1 
38; 2287;       0 
38; 2486;       0 
38; 2686;       1 
38; 2886;       1 
38; 3085;       1 
38; 3285;       0 
38; 3485;       0 
38; 3685;       0 
38; 3884;       0 
38; 4084;       0 
38; 4284;       0 
38; 4484;       1 
38; 4683;       0 
38; 4883;       1 
38; 5083;       1 
38; 5283;       0 
38; 5482;       0 
38; 5682;       1 
38; 5882;       2 
38; 6081;       1 
38; 6281;       0 
38; 6481;       0 
38; 6681;       0 
38; 6880;       0 
38; 7080;       0 
38; 7280;       0 
38; 7480;       0 
38; 7679;       0 
38; 7879;       0 
38; 8079;       0 
38; 8278;       1 
38; 8478;       0 
38; 8678;       0 
38; 8878;       1 
38; 9077;       1 
38; 9277;       1 
38; 9477;       0 
38; 9677;       0 
38; 9876;       0 
39; 0076;       1 
39; 0276;       0 
39; 0476;       1 
39; 0675;       0 
39; 0875;       0 
39; 1075;       0 
39; 1274;       0 
39; 1474;       0 
39; 1674;       0 
39; 1874;       0 
39; 2073;       0 
39; 2273;       0 
39; 2473;       0 
39; 2673;       0 
39; 2872;       0 
39; 3072;       1 
39; 3272;       0 
39; 3472;       0 
39; 3671;       0 
39; 3871;       0 
39; 4071;       0 
39; 4270;       0 
39; 4470;       0 
39; 4670;       0 
39; 4870;       0 
39; 5069;       2 
39; 5269;       0 
39; 5469;       0 
39; 5669;       0 
39; 5868;       2 
39; 6068;       0 
39; 6268;       0 
39; 6467;       0 
39; 6667;       0 
39; 6867;       1 
39; 7067;       1 
39; 7266;       0 
39; 7466;       0 
39; 7666;       1 
39; 7866;       1 
39; 8065;       0 
39; 8265;       1 
39; 8465;       0 
39; 8665;       0 
39; 8864;       0 
39; 9064;       0 
39; 9264;       0 
39; 9463;       0 
39; 9663;       0 
39; 9863;       0 
40; 0063;       1 
40; 0262;       0 
40; 0462;       0 
40; 0662;       0 
40; 0862;       0 
40; 1061;       0 
40; 1261;       0 
40; 1461;       0 
40; 1661;       0 
40; 1860;       0 
40; 2060;       0 
40; 2260;       0 
40; 2459;       1 
40; 2659;       0 
40; 2859;       1 
40; 3059;       0 
40; 3258;       0 
40; 3458;       0 
40; 3658;       0 
40; 3858;       0 
40; 4057;       0 
40; 4257;       0 
40; 4457;       0 
40; 4656;       0 
40; 4856;       1 
40; 5056;       0 
40; 5256;       0 
40; 5455;       1 
40; 5655;       0 
40; 5855;       1 
40; 6055;       0 
40; 6254;       0 
40; 6454;       0 
40; 6654;       1 
40; 6854;       0 
40; 7053;       0 
40; 7253;       1 
40; 7453;       0 
40; 7652;       0 
40; 7852;       0 
40; 8052;       0 
40; 8252;       0 
40; 8451;       1 
40; 8651;       0 
40; 8851;       0 
