0; 0000;     252 
0; 0200;     262 
0; 0400;     168 
0; 0599;     107 
0; 0799;      72 
0; 0999;      39 
0; 1199;      16 
0; 1398;       7 
0; 1598;       2 
0; 1798;       2 
0; 1998;       0 
0; 2197;       0 
0; 2397;       0 
0; 2597;       0 
0; 2797;       0 
0; 2997;       1 
0; 3196;       0 
0; 3396;       0 
0; 3596;       0 
0; 3796;       1 
0; 3995;       1 
0; 4195;       0 
0; 4395;       2 
0; 4595;       1 
0; 4794;       1 
0; 4994;       0 
0; 5194;       1 
0; 5394;       2 
0; 5594;       7 
0; 5793;      20 
0; 5993;      59 
0; 6193;     110 
0; 6393;     176 
0; 6592;     229 
0; 6792;     213 
0; 6992;     253 
0; 7192;     222 
0; 7391;     220 
0; 7591;     215 
0; 7791;     232 
0; 7991;     200 
0; 8191;     196 
0; 8390;     209 
0; 8590;     219 
0; 8790;     213 
0; 8990;     189 
0; 9189;     199 
0; 9389;     175 
0; 9589;     213 
0; 9789;     186 
0; 9989;     169 
1; 0188;     185 
1; 0388;     177 
1; 0588;     180 
1; 0788;     176 
1; 0987;     166 
1; 1187;     186 
1; 1387;     164 
1; 1587;     188 
1; 1786;     173 
1; 1986;     183 
1; 2186;     156 
1; 2386;     165 
1; 2586;     133 
1; 2785;     161 
1; 2985;     170 
1; 3185;     167 
1; 3385;     149 
1; 3584;     158 
1; 3784;     157 
1; 3984;     160 
1; 4184;     185 
1; 4383;     198 
1; 4583;     182 
1; 4783;     151 
1; 4983;     178 
1; 5183;     184 
1; 5382;     148 
1; 5582;     155 
1; 5782;     163 
1; 5982;     151 
1; 6181;     176 
1; 6381;     160 
1; 6581;     157 
1; 6781;     166 
1; 6980;     173 
1; 7180;     182 
1; 7380;     183 
1; 7580;     175 
1; 7780;     176 
1; 7979;     168 
1; 8179;     199 
1; 8379;     176 
1; 8579;     159 
1; 8778;     163 
1; 8978;     162 
1; 9178;     185 
1; 9378;     187 
1; 9577;     166 
1; 9777;     196 
1; 9977;     212 
2; 0177;     207 
2; 0377;     198 
2; 0576;     185 
2; 0776;     170 
2; 0976;     176 
2; 1176;     197 
2; 1375;     173 
2; 1575;     168 
2; 1775;     197 
2; 1975;     211 
2; 2174;     194 
2; 2374;     224 
2; 2574;     303 
2; 2774;     278 
2; 2974;     311 
2; 3173;     306 
2; 3373;     314 
2; 3573;     309 
2; 3773;     293 
2; 3972;     268 
2; 4172;     257 
2; 4372;     267 
2; 4572;     276 
2; 4772;     270 
2; 4971;     317 
2; 5171;     314 
2; 5371;     386 
2; 5571;     422 
2; 5770;     541 
2; 5970;     669 
2; 6170;     740 
2; 6370;     848 
2; 6569;     882 
2; 6769;     947 
2; 6969;     910 
2; 7169;     940 
2; 7369;     897 
2; 7568;     858 
2; 7768;     801 
2; 7968;     812 
2; 8168;     800 
2; 8367;     766 
2; 8567;     779 
2; 8767;     788 
2; 8967;     809 
2; 9166;     821 
2; 9366;     774 
2; 9566;     738 
2; 9766;     685 
2; 9966;     621 
3; 0165;     560 
3; 0365;     510 
3; 0565;     406 
3; 0765;     374 
3; 0964;     351 
3; 1164;     276 
3; 1364;     315 
3; 1564;     280 
3; 1763;     303 
3; 1963;     318 
3; 2163;     304 
3; 2363;     315 
3; 2563;     309 
3; 2762;     384 
3; 2962;     420 
3; 3162;     454 
3; 3362;     498 
3; 3561;     563 
3; 3761;     678 
3; 3961;     746 
3; 4161;     756 
3; 4360;     786 
3; 4560;     793 
3; 4760;     732 
3; 4960;     658 
3; 5160;     611 
3; 5359;     591 
3; 5559;     656 
3; 5759;     694 
3; 5959;     842 
3; 6158;     940 
3; 6358;    1132 
3; 6558;    1297 
3; 6758;    1319 
3; 6957;    1390 
3; 7157;    1241 
3; 7357;    1096 
3; 7557;     958 
3; 7757;     845 
3; 7956;     624 
3; 8156;     557 
3; 8356;     488 
3; 8556;     442 
3; 8755;     455 
3; 8955;     434 
3; 9155;     445 
3; 9355;     415 
3; 9555;     440 
3; 9754;     431 
3; 9954;     405 
4; 0154;     421 
4; 0354;     418 
4; 0553;     394 
4; 0753;     392 
4; 0953;     388 
4; 1153;     381 
4; 1352;     323 
4; 1552;     312 
4; 1752;     331 
4; 1952;     280 
4; 2152;     298 
4; 2351;     297 
4; 2551;     300 
4; 2751;     256 
4; 2951;     284 
4; 3150;     285 
4; 3350;     295 
4; 3550;     309 
4; 3750;     347 
4; 3949;     338 
4; 4149;     383 
4; 4349;     340 
4; 4549;     357 
4; 4749;     415 
4; 4948;     390 
4; 5148;     373 
4; 5348;     373 
4; 5548;     344 
4; 5747;     357 
4; 5947;     342 
4; 6147;     329 
4; 6347;     332 
4; 6546;     294 
4; 6746;     286 
4; 6946;     311 
4; 7146;     292 
4; 7346;     281 
4; 7545;     310 
4; 7745;     318 
4; 7945;     304 
4; 8145;     284 
4; 8344;     269 
4; 8544;     301 
4; 8744;     306 
4; 8944;     345 
4; 9143;     314 
4; 9343;     308 
4; 9543;     328 
4; 9743;     331 
4; 9943;     303 
5; 0142;     334 
5; 0342;     328 
5; 0542;     302 
5; 0742;     325 
5; 0941;     334 
5; 1141;     348 
5; 1341;     292 
5; 1541;     335 
5; 1740;     315 
5; 1940;     349 
5; 2140;     364 
5; 2340;     339 
5; 2540;     356 
5; 2739;     386 
5; 2939;     374 
5; 3139;     340 
5; 3339;     411 
5; 3538;     398 
5; 3738;     415 
5; 3938;     435 
5; 4138;     390 
5; 4337;     404 
5; 4537;     408 
5; 4737;     432 
5; 4937;     414 
5; 5137;     423 
5; 5336;     393 
5; 5536;     394 
5; 5736;     433 
5; 5936;     412 
5; 6135;     440 
5; 6335;     409 
5; 6535;     412 
5; 6735;     393 
5; 6935;     423 
5; 7134;     424 
5; 7334;     440 
5; 7534;     451 
5; 7734;     435 
5; 7933;     425 
5; 8133;     462 
5; 8333;     487 
5; 8533;     483 
5; 8732;     487 
5; 8932;     497 
5; 9132;     524 
5; 9332;     525 
5; 9532;     502 
5; 9731;     547 
5; 9931;     506 
6; 0131;     486 
6; 0331;     529 
6; 0530;     558 
6; 0730;     533 
6; 0930;     554 
6; 1130;     535 
6; 1329;     628 
6; 1529;     580 
6; 1729;     729 
6; 1929;     797 
6; 2129;     940 
6; 2328;    1134 
6; 2528;    1298 
6; 2728;    1631 
6; 2928;    2079 
6; 3127;    2288 
6; 3327;    2752 
6; 3527;    2987 
6; 3727;    3255 
6; 3926;    3328 
6; 4126;    3369 
6; 4326;    3111 
6; 4526;    2763 
6; 4726;    2432 
6; 4925;    1973 
6; 5125;    1608 
6; 5325;    1201 
6; 5525;    1031 
6; 5724;     863 
6; 5924;     716 
6; 6124;     726 
6; 6324;     691 
6; 6523;     651 
6; 6723;     627 
6; 6923;     643 
6; 7123;     586 
6; 7323;     683 
6; 7522;     711 
6; 7722;     681 
6; 7922;     707 
6; 8122;     654 
6; 8321;     666 
6; 8521;     690 
6; 8721;     765 
6; 8921;     778 
6; 9120;     796 
6; 9320;     833 
6; 9520;     819 
6; 9720;     923 
6; 9920;     929 
7; 0119;    1000 
7; 0319;    1050 
7; 0519;    1140 
7; 0719;    1021 
7; 0918;    1018 
7; 1118;    1003 
7; 1318;     973 
7; 1518;     853 
7; 1718;     847 
7; 1917;     872 
7; 2117;     807 
7; 2317;     811 
7; 2517;     875 
7; 2716;     842 
7; 2916;     855 
7; 3116;     922 
7; 3316;     982 
7; 3515;    1056 
7; 3715;    1196 
7; 3915;    1268 
7; 4115;    1393 
7; 4315;    1485 
7; 4514;    1629 
7; 4714;    1625 
7; 4914;    1641 
7; 5114;    1676 
7; 5313;    1591 
7; 5513;    1549 
7; 5713;    1360 
7; 5913;    1323 
7; 6112;    1274 
7; 6312;    1280 
7; 6512;    1276 
7; 6712;    1333 
7; 6912;    1330 
7; 7111;    1459 
7; 7311;    1639 
7; 7511;    1896 
7; 7711;    2363 
7; 7910;    3222 
7; 8110;    4779 
7; 8310;    7697 
7; 8510;   12314 
7; 8709;   19847 
7; 8909;   31416 
7; 9109;   46956 
7; 9309;   67609 
7; 9509;   92019 
7; 9708;  117952 
7; 9908;  143238 
8; 0108;  162812 
8; 0308;  175112 
8; 0507;  178317 
8; 0707;  170221 
8; 0907;  153674 
8; 1107;  131544 
8; 1306;  104789 
8; 1506;   79631 
8; 1706;   56766 
8; 1906;   38384 
8; 2106;   24860 
8; 2305;   15396 
8; 2505;    9450 
8; 2705;    5372 
8; 2905;    3501 
8; 3104;    2333 
8; 3304;    1761 
8; 3504;    1444 
8; 3704;    1292 
8; 3903;    1298 
8; 4103;    1430 
8; 4303;    1631 
8; 4503;    2052 
8; 4703;    2670 
8; 4902;    3626 
8; 5102;    5024 
8; 5302;    6567 
8; 5502;    8193 
8; 5701;   10172 
8; 5901;   11528 
8; 6101;   12946 
8; 6301;   13876 
8; 6501;   13742 
8; 6700;   13097 
8; 6900;   12436 
8; 7100;   11357 
8; 7300;   10670 
8; 7499;   10645 
8; 7699;   11552 
8; 7899;   13182 
8; 8099;   15604 
8; 8298;   18787 
8; 8498;   22056 
8; 8698;   24854 
8; 8898;   26583 
8; 9098;   27486 
8; 9297;   26434 
8; 9497;   24268 
8; 9697;   20970 
8; 9897;   17612 
9; 0096;   13793 
9; 0296;   10234 
9; 0496;    7213 
9; 0696;    4877 
9; 0895;    3219 
9; 1095;    2057 
9; 1295;    1379 
9; 1495;     870 
9; 1695;     614 
9; 1894;     485 
9; 2094;     449 
9; 2294;     372 
9; 2494;     361 
9; 2693;     340 
9; 2893;     302 
9; 3093;     304 
9; 3293;     320 
9; 3492;     306 
9; 3692;     331 
9; 3892;     308 
9; 4092;     380 
9; 4292;     425 
9; 4491;     500 
9; 4691;     604 
9; 4891;     691 
9; 5091;     807 
9; 5290;     905 
9; 5490;     938 
9; 5690;     981 
9; 5890;    1017 
9; 6089;     957 
9; 6289;     891 
9; 6489;     781 
9; 6689;     658 
9; 6889;     578 
9; 7088;     451 
9; 7288;     377 
9; 7488;     313 
9; 7688;     282 
9; 7887;     225 
9; 8087;     238 
9; 8287;     186 
9; 8487;     199 
9; 8686;     228 
9; 8886;     217 
9; 9086;     210 
9; 9286;     210 
9; 9486;     216 
9; 9685;     213 
9; 9885;     216 
10; 0085;     167 
10; 0285;     202 
10; 0484;     190 
10; 0684;     189 
10; 0884;     205 
10; 1084;     194 
10; 1284;     186 
10; 1483;     194 
10; 1683;     210 
10; 1883;     195 
10; 2083;     175 
10; 2282;     181 
10; 2482;     200 
10; 2682;     214 
10; 2882;     221 
10; 3081;     270 
10; 3281;     337 
10; 3481;     408 
10; 3681;     494 
10; 3881;     646 
10; 4080;     810 
10; 4280;    1018 
10; 4480;    1303 
10; 4680;    1602 
10; 4879;    1764 
10; 5079;    1982 
10; 5279;    2117 
10; 5479;    2197 
10; 5678;    2129 
10; 5878;    2040 
10; 6078;    1890 
10; 6278;    1564 
10; 6478;    1303 
10; 6677;    1137 
10; 6877;     857 
10; 7077;     635 
10; 7277;     526 
10; 7476;     405 
10; 7676;     315 
10; 7876;     257 
10; 8076;     262 
10; 8275;     222 
10; 8475;     213 
10; 8675;     199 
10; 8875;     212 
10; 9075;     167 
10; 9274;     200 
10; 9474;     209 
10; 9674;     178 
10; 9874;     191 
11; 0073;     181 
11; 0273;     162 
11; 0473;     180 
11; 0673;     162 
11; 0872;     194 
11; 1072;     175 
11; 1272;     165 
11; 1472;     169 
11; 1672;     154 
11; 1871;     179 
11; 2071;     168 
11; 2271;     152 
11; 2471;     189 
11; 2670;     174 
11; 2870;     172 
11; 3070;     172 
11; 3270;     165 
11; 3469;     183 
11; 3669;     193 
11; 3869;     187 
11; 4069;     183 
11; 4269;     199 
11; 4468;     193 
11; 4668;     174 
11; 4868;     182 
11; 5068;     205 
11; 5267;     202 
11; 5467;     197 
11; 5667;     200 
11; 5867;     209 
11; 6066;     214 
11; 6266;     226 
11; 6466;     223 
11; 6666;     209 
11; 6866;     235 
11; 7065;     253 
11; 7265;     301 
11; 7465;     305 
11; 7665;     285 
11; 7864;     265 
11; 8064;     256 
11; 8264;     237 
11; 8464;     219 
11; 8664;     219 
11; 8863;     201 
11; 9063;     172 
11; 9263;     184 
11; 9463;     169 
11; 9662;     157 
11; 9862;     169 
12; 0062;     161 
12; 0262;     149 
12; 0461;     182 
12; 0661;     190 
12; 0861;     176 
12; 1061;     184 
12; 1261;     170 
12; 1460;     146 
12; 1660;     193 
12; 1860;     169 
12; 2060;     165 
12; 2259;     206 
12; 2459;     211 
12; 2659;     217 
12; 2859;     207 
12; 3058;     217 
12; 3258;     228 
12; 3458;     217 
12; 3658;     237 
12; 3858;     240 
12; 4057;     251 
12; 4257;     304 
12; 4457;     355 
12; 4657;     460 
12; 4856;     537 
12; 5056;     689 
12; 5256;     798 
12; 5456;     973 
12; 5655;    1123 
12; 5855;    1234 
12; 6055;    1288 
12; 6255;    1303 
12; 6455;    1350 
12; 6654;    1290 
12; 6854;    1175 
12; 7054;    1071 
12; 7254;     867 
12; 7453;     747 
12; 7653;     612 
12; 7853;     541 
12; 8053;     423 
12; 8252;     371 
12; 8452;     319 
12; 8652;     228 
12; 8852;     252 
12; 9052;     205 
12; 9251;     218 
12; 9451;     190 
12; 9651;     199 
12; 9851;     192 
13; 0050;     182 
13; 0250;     180 
13; 0450;     200 
13; 0650;     178 
13; 0849;     172 
13; 1049;     170 
13; 1249;     148 
13; 1449;     132 
13; 1649;     119 
13; 1848;     141 
13; 2048;     125 
13; 2248;     119 
13; 2448;     101 
13; 2647;     129 
13; 2847;     112 
13; 3047;     127 
13; 3247;     134 
13; 3447;     124 
13; 3646;     122 
13; 3846;     132 
13; 4046;     120 
13; 4246;     109 
13; 4445;     133 
13; 4645;     138 
13; 4845;     103 
13; 5045;     114 
13; 5244;     118 
13; 5444;     119 
13; 5644;     113 
13; 5844;     112 
13; 6044;     111 
13; 6243;     119 
13; 6443;     103 
13; 6643;     124 
13; 6843;     107 
13; 7042;     117 
13; 7242;     131 
13; 7442;     125 
13; 7642;     113 
13; 7841;     103 
13; 8041;     107 
13; 8241;      97 
13; 8441;     118 
13; 8641;     113 
13; 8840;     114 
13; 9040;     101 
13; 9240;     103 
13; 9440;     113 
13; 9639;      99 
13; 9839;     112 
14; 0039;     124 
14; 0239;     102 
14; 0438;     103 
14; 0638;     112 
14; 0838;     102 
14; 1038;     131 
14; 1238;     123 
14; 1437;     135 
14; 1637;     115 
14; 1837;     124 
14; 2037;     103 
14; 2236;     113 
14; 2436;     133 
14; 2636;     138 
14; 2836;     120 
14; 3035;     146 
14; 3235;     158 
14; 3435;     185 
14; 3635;     169 
14; 3835;     162 
14; 4034;     186 
14; 4234;     178 
14; 4434;     185 
14; 4634;     185 
14; 4833;     157 
14; 5033;     183 
14; 5233;     181 
14; 5433;     179 
14; 5632;     172 
14; 5832;     187 
14; 6032;     162 
14; 6232;     188 
14; 6432;     198 
14; 6631;     217 
14; 6831;     233 
14; 7031;     237 
14; 7231;     245 
14; 7430;     242 
14; 7630;     271 
14; 7830;     274 
14; 8030;     288 
14; 8230;     255 
14; 8429;     237 
14; 8629;     241 
14; 8829;     187 
14; 9029;     192 
14; 9228;     181 
14; 9428;     176 
14; 9628;     175 
14; 9828;     154 
15; 0027;     140 
15; 0227;     139 
15; 0427;     160 
15; 0627;     143 
15; 0827;     171 
15; 1026;     154 
15; 1226;     143 
15; 1426;     156 
15; 1626;     153 
15; 1825;     150 
15; 2025;     185 
15; 2225;     156 
15; 2425;     152 
15; 2624;     165 
15; 2824;     133 
15; 3024;     149 
15; 3224;     131 
15; 3424;     146 
15; 3623;     127 
15; 3823;     124 
15; 4023;     138 
15; 4223;     115 
15; 4422;     125 
15; 4622;     118 
15; 4822;     112 
15; 5022;     105 
15; 5221;     105 
15; 5421;     125 
15; 5621;     145 
15; 5821;     115 
15; 6021;     136 
15; 6220;     119 
15; 6420;     125 
15; 6620;     113 
15; 6820;     133 
15; 7019;     125 
15; 7219;     117 
15; 7419;     129 
15; 7619;     137 
15; 7818;     144 
15; 8018;     113 
15; 8218;     161 
15; 8418;     184 
15; 8618;     220 
15; 8817;     257 
15; 9017;     373 
15; 9217;     460 
15; 9417;     620 
15; 9616;     801 
15; 9816;     987 
16; 0016;    1270 
16; 0216;    1493 
16; 0415;    1832 
16; 0615;    2022 
16; 0815;    2296 
16; 1015;    2298 
16; 1215;    2304 
16; 1414;    2305 
16; 1614;    2063 
16; 1814;    1926 
16; 2014;    1635 
16; 2213;    1342 
16; 2413;    1130 
16; 2613;     911 
16; 2813;     687 
16; 3012;     526 
16; 3212;     395 
16; 3412;     288 
16; 3612;     214 
16; 3812;     166 
16; 4011;     148 
16; 4211;     149 
16; 4411;     123 
16; 4611;     129 
16; 4810;     142 
16; 5010;     130 
16; 5210;     159 
16; 5410;     167 
16; 5610;     196 
16; 5809;     235 
16; 6009;     277 
16; 6209;     308 
16; 6409;     330 
16; 6608;     341 
16; 6808;     399 
16; 7008;     460 
16; 7208;     427 
16; 7407;     438 
16; 7607;     452 
16; 7807;     457 
16; 8007;     451 
16; 8207;     447 
16; 8406;     500 
16; 8606;     537 
16; 8806;     572 
16; 9006;     643 
16; 9205;     669 
16; 9405;     685 
16; 9605;     715 
16; 9805;     696 
17; 0004;     708 
17; 0204;     685 
17; 0404;     662 
17; 0604;     578 
17; 0804;     465 
17; 1003;     405 
17; 1203;     319 
17; 1403;     300 
17; 1603;     220 
17; 1802;     166 
17; 2002;     125 
17; 2202;     121 
17; 2402;     107 
17; 2601;     115 
17; 2801;      98 
17; 3001;      85 
17; 3201;      75 
17; 3401;      85 
17; 3600;      86 
17; 3800;     104 
17; 4000;      91 
17; 4200;     106 
17; 4399;      81 
17; 4599;      81 
17; 4799;     100 
17; 4999;     122 
17; 5198;     113 
17; 5398;     136 
17; 5598;     127 
17; 5798;     128 
17; 5998;     115 
17; 6197;     139 
17; 6397;     133 
17; 6597;     114 
17; 6797;     129 
17; 6996;     123 
17; 7196;     107 
17; 7396;     113 
17; 7596;      96 
17; 7795;     122 
17; 7995;     114 
17; 8195;     100 
17; 8395;     100 
17; 8595;     114 
17; 8794;     109 
17; 8994;     107 
17; 9194;     104 
17; 9394;      89 
17; 9593;     110 
17; 9793;     102 
17; 9993;      85 
18; 0193;      81 
18; 0393;      55 
18; 0592;      79 
18; 0792;      71 
18; 0992;      63 
18; 1192;      63 
18; 1391;      54 
18; 1591;      57 
18; 1791;      56 
18; 1991;      61 
18; 2190;      65 
18; 2390;      79 
18; 2590;      97 
18; 2790;      74 
18; 2990;      76 
18; 3189;      78 
18; 3389;      63 
18; 3589;      67 
18; 3789;      75 
18; 3988;      76 
18; 4188;      84 
18; 4388;      98 
18; 4588;      92 
18; 4787;      95 
18; 4987;     102 
18; 5187;     113 
18; 5387;     114 
18; 5587;     136 
18; 5786;     134 
18; 5986;     128 
18; 6186;     131 
18; 6386;     143 
18; 6585;     143 
18; 6785;     143 
18; 6985;     133 
18; 7185;     126 
18; 7384;     118 
18; 7584;     138 
18; 7784;     147 
18; 7984;     107 
18; 8184;     145 
18; 8383;     127 
18; 8583;     137 
18; 8783;     121 
18; 8983;     152 
18; 9182;     126 
18; 9382;     115 
18; 9582;     130 
18; 9782;     153 
18; 9981;     151 
19; 0181;     141 
19; 0381;     169 
19; 0581;     146 
19; 0781;     153 
19; 0980;     158 
19; 1180;     164 
19; 1380;     160 
19; 1580;     151 
19; 1779;     153 
19; 1979;     131 
19; 2179;     138 
19; 2379;     129 
19; 2578;     111 
19; 2778;     123 
19; 2978;     143 
19; 3178;     116 
19; 3378;     121 
19; 3577;     125 
19; 3777;      97 
19; 3977;     111 
19; 4177;     100 
19; 4376;     106 
19; 4576;     105 
19; 4776;      99 
19; 4976;      97 
19; 5176;     103 
19; 5375;      92 
19; 5575;      96 
19; 5775;      81 
19; 5975;      87 
19; 6174;      71 
19; 6374;      71 
19; 6574;      64 
19; 6774;      53 
19; 6973;      58 
19; 7173;      59 
19; 7373;      52 
19; 7573;      53 
19; 7773;      62 
19; 7972;      56 
19; 8172;      49 
19; 8372;      79 
19; 8572;      70 
19; 8771;      65 
19; 8971;      64 
19; 9171;      60 
19; 9371;      91 
19; 9570;      85 
19; 9770;      94 
19; 9970;      97 
20; 0170;     107 
20; 0370;     130 
20; 0569;     142 
20; 0769;     145 
20; 0969;     167 
20; 1169;     183 
20; 1368;     203 
20; 1568;     218 
20; 1768;     212 
20; 1968;     226 
20; 2167;     174 
20; 2367;     220 
20; 2567;     173 
20; 2767;     174 
20; 2967;     170 
20; 3166;     166 
20; 3366;     136 
20; 3566;     111 
20; 3766;     111 
20; 3965;      82 
20; 4165;      89 
20; 4365;      74 
20; 4565;      86 
20; 4764;      62 
20; 4964;      68 
20; 5164;      58 
20; 5364;      74 
20; 5564;      54 
20; 5763;      51 
20; 5963;      63 
20; 6163;      59 
20; 6363;      53 
20; 6562;      68 
20; 6762;      74 
20; 6962;      60 
20; 7162;      59 
20; 7361;      62 
20; 7561;      70 
20; 7761;      66 
20; 7961;      68 
20; 8161;      63 
20; 8360;      74 
20; 8560;      77 
20; 8760;      68 
20; 8960;      65 
20; 9159;      68 
20; 9359;      68 
20; 9559;      57 
20; 9759;      79 
20; 9958;      87 
21; 0158;      82 
21; 0358;      74 
21; 0558;      90 
21; 0758;     100 
21; 0957;     104 
21; 1157;      90 
21; 1357;     100 
21; 1557;     110 
21; 1756;     112 
21; 1956;      91 
21; 2156;     100 
21; 2356;     107 
21; 2556;      89 
21; 2755;     102 
21; 2955;      85 
21; 3155;      79 
21; 3355;      55 
21; 3554;      60 
21; 3754;      53 
21; 3954;      60 
21; 4154;      64 
21; 4353;      54 
21; 4553;      54 
21; 4753;      52 
21; 4953;      55 
21; 5153;      37 
21; 5352;      52 
21; 5552;      44 
21; 5752;      50 
21; 5952;      58 
21; 6151;      57 
21; 6351;      37 
21; 6551;      40 
21; 6751;      44 
21; 6950;      46 
21; 7150;      36 
21; 7350;      36 
21; 7550;      30 
21; 7750;      51 
21; 7949;      34 
21; 8149;      43 
21; 8349;      36 
21; 8549;      60 
21; 8748;      39 
21; 8948;      55 
21; 9148;      66 
21; 9348;      51 
21; 9547;      52 
21; 9747;      70 
21; 9947;      52 
22; 0147;      63 
22; 0347;      50 
22; 0546;      90 
22; 0746;      75 
22; 0946;      72 
22; 1146;      82 
22; 1345;      71 
22; 1545;      90 
22; 1745;      62 
22; 1945;      72 
22; 2144;      69 
22; 2344;      78 
22; 2544;      76 
22; 2744;      52 
22; 2944;      51 
22; 3143;      52 
22; 3343;      52 
22; 3543;      49 
22; 3743;      42 
22; 3942;      47 
22; 4142;      31 
22; 4342;      40 
22; 4542;      29 
22; 4741;      45 
22; 4941;      21 
22; 5141;      33 
22; 5341;      35 
22; 5541;      41 
22; 5740;      25 
22; 5940;      47 
22; 6140;      56 
22; 6340;      50 
22; 6539;      48 
22; 6739;      54 
22; 6939;      53 
22; 7139;      45 
22; 7339;      63 
22; 7538;      62 
22; 7738;      57 
22; 7938;      45 
22; 8138;      45 
22; 8337;      42 
22; 8537;      50 
22; 8737;      56 
22; 8937;      44 
22; 9136;      34 
22; 9336;      37 
22; 9536;      40 
22; 9736;      37 
22; 9936;      31 
23; 0135;      25 
23; 0335;      34 
23; 0535;      37 
23; 0735;      23 
23; 0934;      31 
23; 1134;      38 
23; 1334;      27 
23; 1534;      28 
23; 1733;      33 
23; 1933;      24 
23; 2133;      23 
23; 2333;      43 
23; 2533;      28 
23; 2732;      33 
23; 2932;      18 
23; 3132;      27 
23; 3332;      30 
23; 3531;      35 
23; 3731;      37 
23; 3931;      33 
23; 4131;      27 
23; 4330;      33 
23; 4530;      33 
23; 4730;      22 
23; 4930;      22 
23; 5130;      32 
23; 5329;      30 
23; 5529;      25 
23; 5729;      32 
23; 5929;      27 
23; 6128;      26 
23; 6328;      22 
23; 6528;      41 
23; 6728;      32 
23; 6927;      21 
23; 7127;      41 
23; 7327;      31 
23; 7527;      37 
23; 7727;      37 
23; 7926;      32 
23; 8126;      28 
23; 8326;      39 
23; 8526;      36 
23; 8725;      40 
23; 8925;      45 
23; 9125;      42 
23; 9325;      33 
23; 9524;      32 
23; 9724;      33 
23; 9924;      29 
24; 0124;      25 
24; 0324;      35 
24; 0523;      36 
24; 0723;      35 
24; 0923;      33 
24; 1123;      42 
24; 1322;      45 
24; 1522;      51 
24; 1722;      35 
24; 1922;      30 
24; 2122;      43 
24; 2321;      28 
24; 2521;      38 
24; 2721;      38 
24; 2921;      29 
24; 3120;      34 
24; 3320;      36 
24; 3520;      31 
24; 3720;      36 
24; 3919;      26 
24; 4119;      22 
24; 4319;      37 
24; 4519;      34 
24; 4719;      21 
24; 4918;      23 
24; 5118;      19 
24; 5318;      19 
24; 5518;      26 
24; 5717;      28 
24; 5917;      22 
24; 6117;      24 
24; 6317;      37 
24; 6516;      35 
24; 6716;      26 
24; 6916;      25 
24; 7116;      31 
24; 7316;      29 
24; 7515;      45 
24; 7715;      39 
24; 7915;      38 
24; 8115;      50 
24; 8314;      58 
24; 8514;      74 
24; 8714;      78 
24; 8914;     108 
24; 9113;     109 
24; 9313;     148 
24; 9513;     164 
24; 9713;     189 
24; 9913;     212 
25; 0112;     235 
25; 0312;     254 
25; 0512;     277 
25; 0712;     300 
25; 0911;     330 
25; 1111;     344 
25; 1311;     345 
25; 1511;     379 
25; 1710;     422 
25; 1910;     404 
25; 2110;     428 
25; 2310;     456 
25; 2510;     412 
25; 2709;     442 
25; 2909;     458 
25; 3109;     429 
25; 3309;     369 
25; 3508;     391 
25; 3708;     341 
25; 3908;     294 
25; 4108;     264 
25; 4307;     236 
25; 4507;     188 
25; 4707;     170 
25; 4907;     129 
25; 5107;     101 
25; 5306;      81 
25; 5506;      51 
25; 5706;      51 
25; 5906;      45 
25; 6105;      23 
25; 6305;      23 
25; 6505;      28 
25; 6705;      27 
25; 6905;      32 
25; 7104;      24 
25; 7304;      20 
25; 7504;      15 
25; 7704;      26 
25; 7903;      21 
25; 8103;      25 
25; 8303;      24 
25; 8503;      19 
25; 8702;      20 
25; 8902;      30 
25; 9102;      18 
25; 9302;      20 
25; 9502;      24 
25; 9701;      12 
25; 9901;      16 
26; 0101;      23 
26; 0301;      31 
26; 0500;      23 
26; 0700;      32 
26; 0900;      32 
26; 1100;      23 
26; 1299;      27 
26; 1499;      16 
26; 1699;      17 
26; 1899;      33 
26; 2099;      19 
26; 2298;      23 
26; 2498;      37 
26; 2698;      29 
26; 2898;      27 
26; 3097;      23 
26; 3297;      30 
26; 3497;      34 
26; 3697;      32 
26; 3896;      20 
26; 4096;      28 
26; 4296;      27 
26; 4496;      24 
26; 4696;      23 
26; 4895;      22 
26; 5095;      28 
26; 5295;      29 
26; 5495;      16 
26; 5694;      26 
26; 5894;      22 
26; 6094;      17 
26; 6294;      20 
26; 6493;      21 
26; 6693;      18 
26; 6893;      16 
26; 7093;      18 
26; 7293;      12 
26; 7492;      24 
26; 7692;      21 
26; 7892;      14 
26; 8092;      22 
26; 8291;      14 
26; 8491;      23 
26; 8691;      16 
26; 8891;      17 
26; 9090;      15 
26; 9290;      11 
26; 9490;      14 
26; 9690;      18 
26; 9890;      27 
27; 0089;      23 
27; 0289;      17 
27; 0489;      18 
27; 0689;      22 
27; 0888;      13 
27; 1088;      10 
27; 1288;      24 
27; 1488;      12 
27; 1687;      11 
27; 1887;      14 
27; 2087;      18 
27; 2287;      17 
27; 2487;      13 
27; 2686;      17 
27; 2886;      17 
27; 3086;      21 
27; 3286;      29 
27; 3485;      28 
27; 3685;      24 
27; 3885;      17 
27; 4085;      10 
27; 4285;      19 
27; 4484;      15 
27; 4684;      15 
27; 4884;      10 
27; 5084;      19 
27; 5283;      22 
27; 5483;      21 
27; 5683;      11 
27; 5883;      14 
27; 6082;      19 
27; 6282;      13 
27; 6482;      14 
27; 6682;      18 
27; 6882;      15 
27; 7081;      17 
27; 7281;       9 
27; 7481;      11 
27; 7681;      14 
27; 7880;       8 
27; 8080;      17 
27; 8280;      15 
27; 8480;      12 
27; 8679;      18 
27; 8879;      16 
27; 9079;      22 
27; 9279;      11 
27; 9479;      23 
27; 9678;      17 
27; 9878;      14 
28; 0078;      19 
28; 0278;      13 
28; 0477;      15 
28; 0677;      15 
28; 0877;      14 
28; 1077;      15 
28; 1276;      16 
28; 1476;      15 
28; 1676;      14 
28; 1876;      24 
28; 2076;      14 
28; 2275;      27 
28; 2475;      36 
28; 2675;      31 
28; 2875;      46 
28; 3074;      40 
28; 3274;      50 
28; 3474;      54 
28; 3674;      58 
28; 3873;      64 
28; 4073;      83 
28; 4273;      78 
28; 4473;      86 
28; 4673;     106 
28; 4872;      90 
28; 5072;     117 
28; 5272;     109 
28; 5472;      95 
28; 5671;      69 
28; 5871;      76 
28; 6071;      74 
28; 6271;      71 
28; 6470;      49 
28; 6670;      62 
28; 6870;      41 
28; 7070;      36 
28; 7270;      31 
28; 7469;      28 
28; 7669;      30 
28; 7869;      13 
28; 8069;      20 
28; 8268;      17 
28; 8468;      16 
28; 8668;      15 
28; 8868;      17 
28; 9068;      22 
28; 9267;       9 
28; 9467;      18 
28; 9667;      19 
28; 9867;      20 
29; 0066;      15 
29; 0266;      24 
29; 0466;      25 
29; 0666;      27 
29; 0865;      36 
29; 1065;      22 
29; 1265;      28 
29; 1465;      34 
29; 1665;      32 
29; 1864;      29 
29; 2064;      35 
29; 2264;      30 
29; 2464;      14 
29; 2663;      14 
29; 2863;      17 
29; 3063;      12 
29; 3263;      23 
29; 3462;      13 
29; 3662;      16 
29; 3862;      11 
29; 4062;       8 
29; 4262;      12 
29; 4461;      15 
29; 4661;       8 
29; 4861;       5 
29; 5061;      12 
29; 5260;       3 
29; 5460;      15 
29; 5660;      14 
29; 5860;      11 
29; 6059;       6 
29; 6259;      17 
29; 6459;      12 
29; 6659;      14 
29; 6859;      10 
29; 7058;       7 
29; 7258;       8 
29; 7458;       8 
29; 7658;      12 
29; 7857;      10 
29; 8057;      12 
29; 8257;      18 
29; 8457;      10 
29; 8656;       7 
29; 8856;      14 
29; 9056;      11 
29; 9256;      11 
29; 9456;       9 
29; 9655;      11 
29; 9855;       7 
30; 0055;       6 
30; 0255;       7 
30; 0454;      10 
30; 0654;       3 
30; 0854;       8 
30; 1054;       8 
30; 1253;      13 
30; 1453;      12 
30; 1653;       7 
30; 1853;       9 
30; 2053;       9 
30; 2252;      11 
30; 2452;      14 
30; 2652;       8 
30; 2852;       6 
30; 3051;      13 
30; 3251;      12 
30; 3451;       7 
30; 3651;       7 
30; 3851;       7 
30; 4050;       7 
30; 4250;       8 
30; 4450;       4 
30; 4650;       7 
30; 4849;       8 
30; 5049;      17 
30; 5249;       9 
30; 5449;      13 
30; 5648;       8 
30; 5848;       6 
30; 6048;       5 
30; 6248;       7 
30; 6448;       5 
30; 6647;       6 
30; 6847;       6 
30; 7047;       9 
30; 7247;       6 
30; 7446;       8 
30; 7646;       8 
30; 7846;      12 
30; 8046;       4 
30; 8245;       6 
30; 8445;       2 
30; 8645;       3 
30; 8845;       8 
30; 9045;       4 
30; 9244;       4 
30; 9444;       6 
30; 9644;      10 
30; 9844;       5 
31; 0043;       7 
31; 0243;       4 
31; 0443;      10 
31; 0643;       9 
31; 0842;      13 
31; 1042;      12 
31; 1242;       7 
31; 1442;       7 
31; 1642;       8 
31; 1841;       8 
31; 2041;       6 
31; 2241;       8 
31; 2441;       6 
31; 2640;      15 
31; 2840;       6 
31; 3040;       4 
31; 3240;       4 
31; 3439;       1 
31; 3639;       4 
31; 3839;       5 
31; 4039;       6 
31; 4239;       5 
31; 4438;       6 
31; 4638;      11 
31; 4838;       7 
31; 5038;       9 
31; 5237;       5 
31; 5437;       8 
31; 5637;      10 
31; 5837;       8 
31; 6036;       4 
31; 6236;       4 
31; 6436;       8 
31; 6636;       8 
31; 6836;       4 
31; 7035;       5 
31; 7235;       4 
31; 7435;       9 
31; 7635;       7 
31; 7834;       5 
31; 8034;       6 
31; 8234;       7 
31; 8434;       2 
31; 8633;       3 
31; 8833;       6 
31; 9033;       9 
31; 9233;       3 
31; 9433;       8 
31; 9632;       3 
31; 9832;       2 
32; 0032;       4 
32; 0232;       8 
32; 0431;       4 
32; 0631;       2 
32; 0831;       6 
32; 1031;       7 
32; 1231;       6 
32; 1430;       4 
32; 1630;       4 
32; 1830;       5 
32; 2030;       9 
32; 2229;       4 
32; 2429;       5 
32; 2629;       5 
32; 2829;       7 
32; 3028;       5 
32; 3228;      11 
32; 3428;       6 
32; 3628;       5 
32; 3828;       6 
32; 4027;       7 
32; 4227;       1 
32; 4427;       5 
32; 4627;       6 
32; 4826;       5 
32; 5026;       6 
32; 5226;       4 
32; 5426;       3 
32; 5625;       4 
32; 5825;       8 
32; 6025;       6 
32; 6225;       5 
32; 6425;       5 
32; 6624;       6 
32; 6824;       6 
32; 7024;       3 
32; 7224;       6 
32; 7423;       5 
32; 7623;       5 
32; 7823;       5 
32; 8023;       3 
32; 8222;       7 
32; 8422;       7 
32; 8622;       3 
32; 8822;       5 
32; 9022;       5 
32; 9221;       2 
32; 9421;       6 
32; 9621;       3 
32; 9821;       4 
33; 0020;      12 
33; 0220;       8 
33; 0420;       4 
33; 0620;      14 
33; 0819;       8 
33; 1019;       7 
33; 1219;       9 
33; 1419;      10 
33; 1619;      10 
33; 1818;      15 
33; 2018;       9 
33; 2218;       8 
33; 2418;      16 
33; 2617;      14 
33; 2817;      13 
33; 3017;      14 
33; 3217;      11 
33; 3416;      18 
33; 3616;      19 
33; 3816;       9 
33; 4016;      10 
33; 4216;      13 
33; 4415;      16 
33; 4615;      14 
33; 4815;       3 
33; 5015;      12 
33; 5214;       8 
33; 5414;       8 
33; 5614;       6 
33; 5814;       9 
33; 6014;       7 
33; 6213;       5 
33; 6413;       2 
33; 6613;       6 
33; 6813;       2 
33; 7012;       3 
33; 7212;       0 
33; 7412;       7 
33; 7612;       5 
33; 7811;       7 
33; 8011;       7 
33; 8211;       5 
33; 8411;       4 
33; 8611;       1 
33; 8810;       4 
33; 9010;       6 
33; 9210;       6 
33; 9410;       3 
33; 9609;       3 
33; 9809;       6 
34; 0009;       2 
34; 0209;       5 
34; 0408;       7 
34; 0608;       6 
34; 0808;       2 
34; 1008;       4 
34; 1208;       7 
34; 1407;       1 
34; 1607;       3 
34; 1807;       7 
34; 2007;       5 
34; 2206;       5 
34; 2406;       7 
34; 2606;       5 
34; 2806;       2 
34; 3005;       3 
34; 3205;       3 
34; 3405;       6 
34; 3605;       4 
34; 3805;       1 
34; 4004;       4 
34; 4204;       2 
34; 4404;       3 
34; 4604;       5 
34; 4803;       4 
34; 5003;       5 
34; 5203;       3 
34; 5403;       7 
34; 5602;       4 
34; 5802;       2 
34; 6002;       4 
34; 6202;       4 
34; 6402;       2 
34; 6601;       1 
34; 6801;       5 
34; 7001;       0 
34; 7201;       4 
34; 7400;       2 
34; 7600;       2 
34; 7800;       1 
34; 8000;       4 
34; 8199;       2 
34; 8399;       2 
34; 8599;       3 
34; 8799;       1 
34; 8999;       0 
34; 9198;       2 
34; 9398;       3 
34; 9598;       1 
34; 9798;       1 
34; 9997;       1 
35; 0197;       4 
35; 0397;       0 
35; 0597;       1 
35; 0797;       2 
35; 0996;       2 
35; 1196;       0 
35; 1396;       2 
35; 1596;       1 
35; 1795;       3 
35; 1995;       3 
35; 2195;       4 
35; 2395;       2 
35; 2594;       2 
35; 2794;       1 
35; 2994;       1 
35; 3194;       2 
35; 3394;       1 
35; 3593;       1 
35; 3793;       1 
35; 3993;       2 
35; 4193;       1 
35; 4392;       2 
35; 4592;       1 
35; 4792;       1 
35; 4992;       1 
35; 5191;       2 
35; 5391;       2 
35; 5591;       1 
35; 5791;       1 
35; 5991;       3 
35; 6190;       5 
35; 6390;       1 
35; 6590;       3 
35; 6790;       1 
35; 6989;       0 
35; 7189;       3 
35; 7389;       0 
35; 7589;       2 
35; 7788;       0 
35; 7988;       2 
35; 8188;       3 
35; 8388;       0 
35; 8588;       2 
35; 8787;       2 
35; 8987;       1 
35; 9187;       3 
35; 9387;       0 
35; 9586;       0 
35; 9786;       3 
35; 9986;       1 
36; 0186;       0 
36; 0385;       0 
36; 0585;       0 
36; 0785;       1 
36; 0985;       0 
36; 1185;       0 
36; 1384;       0 
36; 1584;       0 
36; 1784;       1 
36; 1984;       2 
36; 2183;       2 
36; 2383;       0 
36; 2583;       2 
36; 2783;       1 
36; 2982;       0 
36; 3182;       0 
36; 3382;       1 
36; 3582;       0 
36; 3782;       1 
36; 3981;       1 
36; 4181;       0 
36; 4381;       4 
36; 4581;       6 
36; 4780;       3 
36; 4980;       3 
36; 5180;       3 
36; 5380;       2 
36; 5579;       1 
36; 5779;       3 
36; 5979;       4 
36; 6179;       1 
36; 6379;       2 
36; 6578;       5 
36; 6778;       2 
36; 6978;       2 
36; 7178;       0 
36; 7377;       1 
36; 7577;       4 
36; 7777;       3 
36; 7977;       3 
36; 8177;       2 
36; 8376;       0 
36; 8576;       1 
36; 8776;       2 
36; 8976;       0 
36; 9175;       5 
36; 9375;       0 
36; 9575;       0 
36; 9775;       0 
36; 9974;       2 
37; 0174;       2 
37; 0374;       1 
37; 0574;       1 
37; 0774;       1 
37; 0973;       0 
37; 1173;       1 
37; 1373;       0 
37; 1573;       3 
37; 1772;       2 
37; 1972;       0 
37; 2172;       1 
37; 2372;       2 
37; 2571;       0 
37; 2771;       1 
37; 2971;       1 
37; 3171;       1 
37; 3371;       1 
37; 3570;       2 
37; 3770;       1 
37; 3970;       1 
37; 4170;       0 
37; 4369;       0 
37; 4569;       1 
37; 4769;       1 
37; 4969;       1 
37; 5168;       0 
37; 5368;       1 
37; 5568;       2 
37; 5768;       1 
37; 5968;       0 
37; 6167;       2 
37; 6367;       0 
37; 6567;       1 
37; 6767;       0 
37; 6966;       0 
37; 7166;       1 
37; 7366;       3 
37; 7566;       1 
37; 7765;       1 
37; 7965;       0 
37; 8165;       1 
37; 8365;       0 
37; 8565;       0 
37; 8764;       0 
37; 8964;       1 
37; 9164;       0 
37; 9364;       1 
37; 9563;       1 
37; 9763;       1 
37; 9963;       1 
38; 0163;       0 
38; 0362;       1 
38; 0562;       0 
38; 0762;       0 
38; 0962;       1 
38; 1162;       2 
38; 1361;       1 
38; 1561;       0 
38; 1761;       1 
38; 1961;       0 
38; 2160;       0 
38; 2360;       0 
38; 2560;       1 
38; 2760;       0 
38; 2960;       0 
38; 3159;       0 
38; 3359;       0 
38; 3559;       2 
38; 3759;       1 
38; 3958;       0 
38; 4158;       0 
38; 4358;       0 
38; 4558;       0 
38; 4757;       2 
38; 4957;       0 
38; 5157;       2 
38; 5357;       1 
38; 5557;       0 
38; 5756;       0 
38; 5956;       0 
38; 6156;       0 
38; 6356;       0 
38; 6555;       0 
38; 6755;       0 
38; 6955;       1 
38; 7155;       0 
38; 7354;       0 
38; 7554;       1 
38; 7754;       0 
38; 7954;       0 
38; 8154;       0 
38; 8353;       0 
38; 8553;       1 
38; 8753;       0 
38; 8953;       0 
38; 9152;       0 
38; 9352;       1 
38; 9552;       0 
38; 9752;       0 
38; 9951;       0 
39; 0151;       0 
39; 0351;       0 
39; 0551;       0 
39; 0751;       1 
39; 0950;       0 
39; 1150;       0 
39; 1350;       0 
39; 1550;       0 
39; 1749;       0 
39; 1949;       0 
39; 2149;       1 
39; 2349;       0 
39; 2548;       0 
39; 2748;       0 
39; 2948;       1 
39; 3148;       2 
39; 3348;       0 
39; 3547;       0 
39; 3747;       0 
39; 3947;       0 
39; 4147;       0 
39; 4346;       1 
39; 4546;       0 
39; 4746;       0 
39; 4946;       0 
39; 5145;       0 
39; 5345;       1 
39; 5545;       0 
39; 5745;       1 
39; 5945;       0 
39; 6144;       0 
39; 6344;       0 
39; 6544;       0 
39; 6744;       0 
39; 6943;       0 
39; 7143;       0 
39; 7343;       0 
39; 7543;       0 
39; 7743;       1 
39; 7942;       1 
39; 8142;       0 
39; 8342;       1 
39; 8542;       0 
39; 8741;       0 
39; 8941;       0 
39; 9141;       0 
39; 9341;       0 
39; 9540;       1 
39; 9740;       0 
39; 9940;       0 
40; 0140;       0 
40; 0340;       0 
40; 0539;       0 
40; 0739;       1 
40; 0939;       0 
40; 1139;       0 
40; 1338;       0 
40; 1538;       0 
40; 1738;       0 
40; 1938;       0 
40; 2137;       3 
40; 2337;       0 
40; 2537;       0 
40; 2737;       0 
40; 2937;       0 
40; 3136;       1 
40; 3336;       1 
40; 3536;       0 
40; 3736;       0 
40; 3935;       0 
40; 4135;       0 
40; 4335;       0 
40; 4535;       0 
40; 4734;       0 
40; 4934;       0 
40; 5134;       0 
40; 5334;       1 
40; 5534;       1 
40; 5733;       0 
40; 5933;       0 
40; 6133;       0 
40; 6333;       0 
40; 6532;       0 
40; 6732;       0 
40; 6932;       0 
40; 7132;       0 
40; 7331;       0 
40; 7531;       1 
40; 7731;       0 
40; 7931;       0 
40; 8131;       0 
40; 8330;       1 
40; 8530;       0 
40; 8730;       0 
40; 8930;       0 
