0; 0000;     230 
0; 0200;     212 
0; 0400;     160 
0; 0600;      94 
0; 0799;      46 
0; 0999;      35 
0; 1199;       8 
0; 1399;       5 
0; 1599;       7 
0; 1799;       3 
0; 1998;       0 
0; 2198;       1 
0; 2398;       1 
0; 2598;       0 
0; 2798;       0 
0; 2998;       0 
0; 3198;       0 
0; 3397;       0 
0; 3597;       1 
0; 3797;       1 
0; 3997;       0 
0; 4197;       0 
0; 4397;       0 
0; 4596;       0 
0; 4796;       0 
0; 4996;       0 
0; 5196;       0 
0; 5396;       3 
0; 5596;       6 
0; 5795;      23 
0; 5995;      62 
0; 6195;     104 
0; 6395;     170 
0; 6595;     203 
0; 6795;     214 
0; 6995;     222 
0; 7194;     228 
0; 7394;     220 
0; 7594;     214 
0; 7794;     193 
0; 7994;     206 
0; 8194;     187 
0; 8393;     217 
0; 8593;     178 
0; 8793;     178 
0; 8993;     194 
0; 9193;     205 
0; 9393;     187 
0; 9593;     187 
0; 9792;     171 
0; 9992;     183 
1; 0192;     159 
1; 0392;     154 
1; 0592;     148 
1; 0792;     168 
1; 0991;     162 
1; 1191;     164 
1; 1391;     183 
1; 1591;     157 
1; 1791;     166 
1; 1991;     157 
1; 2190;     150 
1; 2390;     153 
1; 2590;     154 
1; 2790;     140 
1; 2990;     152 
1; 3190;     138 
1; 3390;     150 
1; 3589;     140 
1; 3789;     154 
1; 3989;     164 
1; 4189;     138 
1; 4389;     139 
1; 4589;     182 
1; 4788;     139 
1; 4988;     166 
1; 5188;     155 
1; 5388;     147 
1; 5588;     148 
1; 5788;     130 
1; 5988;     164 
1; 6187;     142 
1; 6387;     156 
1; 6587;     150 
1; 6787;     156 
1; 6987;     166 
1; 7187;     164 
1; 7386;     182 
1; 7586;     194 
1; 7786;     165 
1; 7986;     159 
1; 8186;     172 
1; 8386;     168 
1; 8585;     148 
1; 8785;     163 
1; 8985;     160 
1; 9185;     147 
1; 9385;     181 
1; 9585;     163 
1; 9785;     165 
1; 9984;     170 
2; 0184;     164 
2; 0384;     191 
2; 0584;     152 
2; 0784;     176 
2; 0984;     160 
2; 1183;     175 
2; 1383;     172 
2; 1583;     168 
2; 1783;     174 
2; 1983;     181 
2; 2183;     205 
2; 2383;     216 
2; 2582;     224 
2; 2782;     257 
2; 2982;     232 
2; 3182;     255 
2; 3382;     248 
2; 3582;     234 
2; 3781;     226 
2; 3981;     241 
2; 4181;     237 
2; 4381;     218 
2; 4581;     232 
2; 4781;     225 
2; 4980;     253 
2; 5180;     303 
2; 5380;     353 
2; 5580;     470 
2; 5780;     529 
2; 5980;     644 
2; 6180;     722 
2; 6379;     864 
2; 6579;     901 
2; 6779;     866 
2; 6979;     883 
2; 7179;     893 
2; 7379;     871 
2; 7578;     788 
2; 7778;     766 
2; 7978;     741 
2; 8178;     767 
2; 8378;     773 
2; 8578;     724 
2; 8778;     710 
2; 8977;     801 
2; 9177;     712 
2; 9377;     714 
2; 9577;     666 
2; 9777;     635 
2; 9977;     564 
3; 0176;     466 
3; 0376;     434 
3; 0576;     359 
3; 0776;     323 
3; 0976;     323 
3; 1176;     280 
3; 1375;     277 
3; 1575;     297 
3; 1775;     281 
3; 1975;     308 
3; 2175;     357 
3; 2375;     336 
3; 2575;     341 
3; 2774;     339 
3; 2974;     379 
3; 3174;     375 
3; 3374;     378 
3; 3574;     358 
3; 3774;     284 
3; 3973;     296 
3; 4173;     283 
3; 4373;     282 
3; 4573;     257 
3; 4773;     235 
3; 4973;     236 
3; 5173;     262 
3; 5372;     304 
3; 5572;     338 
3; 5772;     361 
3; 5972;     464 
3; 6172;     547 
3; 6372;     586 
3; 6571;     741 
3; 6771;     703 
3; 6971;     703 
3; 7171;     694 
3; 7371;     621 
3; 7571;     513 
3; 7770;     446 
3; 7970;     389 
3; 8170;     308 
3; 8370;     307 
3; 8570;     286 
3; 8770;     283 
3; 8970;     266 
3; 9169;     289 
3; 9369;     314 
3; 9569;     274 
3; 9769;     319 
3; 9969;     307 
4; 0169;     324 
4; 0368;     300 
4; 0568;     274 
4; 0768;     294 
4; 0968;     282 
4; 1168;     266 
4; 1368;     304 
4; 1568;     248 
4; 1767;     264 
4; 1967;     253 
4; 2167;     223 
4; 2367;     247 
4; 2567;     279 
4; 2767;     268 
4; 2966;     269 
4; 3166;     248 
4; 3366;     262 
4; 3566;     257 
4; 3766;     260 
4; 3966;     314 
4; 4165;     325 
4; 4365;     344 
4; 4565;     377 
4; 4765;     384 
4; 4965;     402 
4; 5165;     406 
4; 5365;     382 
4; 5564;     378 
4; 5764;     352 
4; 5964;     330 
4; 6164;     330 
4; 6364;     332 
4; 6564;     308 
4; 6763;     322 
4; 6963;     335 
4; 7163;     318 
4; 7363;     351 
4; 7563;     338 
4; 7763;     304 
4; 7963;     346 
4; 8162;     308 
4; 8362;     329 
4; 8562;     345 
4; 8762;     343 
4; 8962;     387 
4; 9162;     406 
4; 9361;     359 
4; 9561;     414 
4; 9761;     395 
4; 9961;     388 
5; 0161;     372 
5; 0361;     369 
5; 0560;     340 
5; 0760;     373 
5; 0960;     315 
5; 1160;     323 
5; 1360;     331 
5; 1560;     353 
5; 1760;     350 
5; 1959;     355 
5; 2159;     357 
5; 2359;     352 
5; 2559;     371 
5; 2759;     387 
5; 2959;     347 
5; 3158;     389 
5; 3358;     395 
5; 3558;     415 
5; 3758;     439 
5; 3958;     403 
5; 4158;     436 
5; 4358;     459 
5; 4557;     438 
5; 4757;     454 
5; 4957;     450 
5; 5157;     436 
5; 5357;     423 
5; 5557;     428 
5; 5756;     412 
5; 5956;     469 
5; 6156;     410 
5; 6356;     472 
5; 6556;     480 
5; 6756;     432 
5; 6955;     439 
5; 7155;     447 
5; 7355;     433 
5; 7555;     462 
5; 7755;     488 
5; 7955;     497 
5; 8155;     494 
5; 8354;     521 
5; 8554;     522 
5; 8754;     527 
5; 8954;     549 
5; 9154;     543 
5; 9354;     504 
5; 9553;     495 
5; 9753;     508 
5; 9953;     496 
6; 0153;     498 
6; 0353;     497 
6; 0553;     515 
6; 0753;     484 
6; 0952;     563 
6; 1152;     522 
6; 1352;     540 
6; 1552;     622 
6; 1752;     693 
6; 1952;     784 
6; 2151;     909 
6; 2351;    1114 
6; 2551;    1367 
6; 2751;    1685 
6; 2951;    2079 
6; 3151;    2513 
6; 3350;    2924 
6; 3550;    3293 
6; 3750;    3518 
6; 3950;    3542 
6; 4150;    3655 
6; 4350;    3329 
6; 4550;    2977 
6; 4749;    2463 
6; 4949;    1906 
6; 5149;    1502 
6; 5349;    1209 
6; 5549;     998 
6; 5749;     801 
6; 5948;     692 
6; 6148;     644 
6; 6348;     596 
6; 6548;     598 
6; 6748;     616 
6; 6948;     600 
6; 7148;     647 
6; 7347;     614 
6; 7547;     644 
6; 7747;     601 
6; 7947;     642 
6; 8147;     643 
6; 8347;     669 
6; 8546;     734 
6; 8746;     664 
6; 8946;     790 
6; 9146;     825 
6; 9346;     835 
6; 9546;     955 
6; 9745;    1004 
6; 9945;    1084 
7; 0145;    1197 
7; 0345;    1080 
7; 0545;    1206 
7; 0745;    1173 
7; 0945;    1155 
7; 1144;    1132 
7; 1344;    1075 
7; 1544;    1063 
7; 1744;     894 
7; 1944;     950 
7; 2144;     868 
7; 2343;     880 
7; 2543;     937 
7; 2743;     983 
7; 2943;     879 
7; 3143;     995 
7; 3343;    1030 
7; 3543;    1162 
7; 3742;    1227 
7; 3942;    1298 
7; 4142;    1456 
7; 4342;    1521 
7; 4542;    1647 
7; 4742;    1651 
7; 4941;    1619 
7; 5141;    1659 
7; 5341;    1555 
7; 5541;    1484 
7; 5741;    1401 
7; 5941;    1376 
7; 6140;    1374 
7; 6340;    1370 
7; 6540;    1394 
7; 6740;    1526 
7; 6940;    1581 
7; 7140;    1709 
7; 7340;    1795 
7; 7539;    2089 
7; 7739;    2740 
7; 7939;    3870 
7; 8139;    5646 
7; 8339;    9023 
7; 8539;   14876 
7; 8738;   24002 
7; 8938;   37382 
7; 9138;   55797 
7; 9338;   79961 
7; 9538;  106529 
7; 9738;  135390 
7; 9938;  161891 
8; 0137;  183632 
8; 0337;  196193 
8; 0537;  196929 
8; 0737;  187261 
8; 0937;  167752 
8; 1137;  141683 
8; 1336;  112765 
8; 1536;   84869 
8; 1736;   60664 
8; 1936;   40906 
8; 2136;   26189 
8; 2336;   15912 
8; 2535;    9781 
8; 2735;    5901 
8; 2935;    3653 
8; 3135;    2449 
8; 3335;    1765 
8; 3535;    1342 
8; 3735;    1177 
8; 3934;    1108 
8; 4134;    1010 
8; 4334;    1013 
8; 4534;    1000 
8; 4734;    1064 
8; 4934;    1044 
8; 5133;    1098 
8; 5333;    1184 
8; 5533;    1319 
8; 5733;    1412 
8; 5933;    1538 
8; 6133;    1651 
8; 6333;    1798 
8; 6532;    2085 
8; 6732;    2322 
8; 6932;    2849 
8; 7132;    3613 
8; 7332;    4906 
8; 7532;    6777 
8; 7731;    9380 
8; 7931;   12714 
8; 8131;   16595 
8; 8331;   20624 
8; 8531;   24385 
8; 8731;   27496 
8; 8930;   29419 
8; 9130;   30154 
8; 9330;   28847 
8; 9530;   26549 
8; 9730;   22862 
8; 9930;   18591 
9; 0130;   14643 
9; 0329;   10725 
9; 0529;    7541 
9; 0729;    4976 
9; 0929;    3240 
9; 1129;    1992 
9; 1329;    1275 
9; 1528;     875 
9; 1728;     527 
9; 1928;     416 
9; 2128;     310 
9; 2328;     291 
9; 2528;     268 
9; 2728;     277 
9; 2927;     243 
9; 3127;     251 
9; 3327;     237 
9; 3527;     235 
9; 3727;     232 
9; 3927;     242 
9; 4126;     218 
9; 4326;     241 
9; 4526;     246 
9; 4726;     247 
9; 4926;     278 
9; 5126;     229 
9; 5325;     253 
9; 5525;     244 
9; 5725;     278 
9; 5925;     264 
9; 6125;     259 
9; 6325;     264 
9; 6525;     253 
9; 6724;     220 
9; 6924;     176 
9; 7124;     222 
9; 7324;     191 
9; 7524;     234 
9; 7724;     188 
9; 7923;     203 
9; 8123;     194 
9; 8323;     186 
9; 8523;     172 
9; 8723;     198 
9; 8923;     172 
9; 9123;     164 
9; 9322;     181 
9; 9522;     188 
9; 9722;     174 
9; 9922;     173 
10; 0122;     186 
10; 0322;     153 
10; 0521;     162 
10; 0721;     186 
10; 0921;     176 
10; 1121;     154 
10; 1321;     169 
10; 1521;     179 
10; 1720;     147 
10; 1920;     160 
10; 2120;     157 
10; 2320;     151 
10; 2520;     154 
10; 2720;     166 
10; 2920;     162 
10; 3119;     164 
10; 3319;     158 
10; 3519;     167 
10; 3719;     172 
10; 3919;     176 
10; 4119;     194 
10; 4318;     197 
10; 4518;     199 
10; 4718;     231 
10; 4918;     229 
10; 5118;     237 
10; 5318;     241 
10; 5518;     236 
10; 5717;     226 
10; 5917;     249 
10; 6117;     230 
10; 6317;     236 
10; 6517;     184 
10; 6717;     227 
10; 6916;     188 
10; 7116;     205 
10; 7316;     181 
10; 7516;     196 
10; 7716;     164 
10; 7916;     175 
10; 8115;     181 
10; 8315;     152 
10; 8515;     171 
10; 8715;     160 
10; 8915;     193 
10; 9115;     176 
10; 9315;     152 
10; 9514;     166 
10; 9714;     175 
10; 9914;     163 
11; 0114;     142 
11; 0314;     167 
11; 0514;     147 
11; 0713;     159 
11; 0913;     131 
11; 1113;     129 
11; 1313;     141 
11; 1513;     150 
11; 1713;     138 
11; 1913;     136 
11; 2112;     148 
11; 2312;     137 
11; 2512;     138 
11; 2712;     133 
11; 2912;     141 
11; 3112;     157 
11; 3311;     121 
11; 3511;     134 
11; 3711;     140 
11; 3911;     137 
11; 4111;     137 
11; 4311;     133 
11; 4510;     145 
11; 4710;     125 
11; 4910;     147 
11; 5110;     130 
11; 5310;     110 
11; 5510;     139 
11; 5710;     129 
11; 5909;     135 
11; 6109;     161 
11; 6309;     133 
11; 6509;     146 
11; 6709;     159 
11; 6909;     167 
11; 7108;     144 
11; 7308;     160 
11; 7508;     143 
11; 7708;     171 
11; 7908;     154 
11; 8108;     148 
11; 8308;     159 
11; 8507;     155 
11; 8707;     140 
11; 8907;     127 
11; 9107;     154 
11; 9307;     144 
11; 9507;     137 
11; 9706;     123 
11; 9906;     124 
12; 0106;     143 
12; 0306;     152 
12; 0506;      96 
12; 0706;     139 
12; 0905;     130 
12; 1105;     137 
12; 1305;      95 
12; 1505;     120 
12; 1705;     122 
12; 1905;     109 
12; 2105;     111 
12; 2304;     109 
12; 2504;     106 
12; 2704;     113 
12; 2904;     118 
12; 3104;     132 
12; 3304;     114 
12; 3503;     141 
12; 3703;     122 
12; 3903;     117 
12; 4103;     111 
12; 4303;     135 
12; 4503;     103 
12; 4703;     129 
12; 4902;     138 
12; 5102;     142 
12; 5302;     152 
12; 5502;     149 
12; 5702;     137 
12; 5902;     143 
12; 6101;     155 
12; 6301;     144 
12; 6501;     144 
12; 6701;     133 
12; 6901;     158 
12; 7101;     128 
12; 7300;     135 
12; 7500;     117 
12; 7700;     115 
12; 7900;     118 
12; 8100;     100 
12; 8300;     129 
12; 8500;     133 
12; 8699;     116 
12; 8899;     123 
12; 9099;     120 
12; 9299;     113 
12; 9499;     109 
12; 9699;     120 
12; 9898;     109 
13; 0098;     103 
13; 0298;     107 
13; 0498;     105 
13; 0698;     105 
13; 0898;     117 
13; 1098;      92 
13; 1297;     130 
13; 1497;     115 
13; 1697;      87 
13; 1897;     105 
13; 2097;     118 
13; 2297;      82 
13; 2496;     107 
13; 2696;     132 
13; 2896;     138 
13; 3096;     100 
13; 3296;     115 
13; 3496;     114 
13; 3695;     122 
13; 3895;     104 
13; 4095;     121 
13; 4295;     123 
13; 4495;     111 
13; 4695;     109 
13; 4895;     109 
13; 5094;     121 
13; 5294;     109 
13; 5494;     108 
13; 5694;     123 
13; 5894;     108 
13; 6094;     108 
13; 6293;     104 
13; 6493;      85 
13; 6693;     122 
13; 6893;      82 
13; 7093;      96 
13; 7293;     108 
13; 7493;      89 
13; 7692;     131 
13; 7892;      93 
13; 8092;     112 
13; 8292;     104 
13; 8492;     127 
13; 8692;      95 
13; 8891;     115 
13; 9091;     117 
13; 9291;     121 
13; 9491;      98 
13; 9691;     111 
13; 9891;     105 
14; 0090;      99 
14; 0290;     124 
14; 0490;      97 
14; 0690;      92 
14; 0890;      95 
14; 1090;     118 
14; 1290;     104 
14; 1489;     103 
14; 1689;     105 
14; 1889;     118 
14; 2089;     107 
14; 2289;     108 
14; 2489;     114 
14; 2688;     137 
14; 2888;     123 
14; 3088;     137 
14; 3288;     145 
14; 3488;     167 
14; 3688;     166 
14; 3888;     180 
14; 4087;     172 
14; 4287;     206 
14; 4487;     213 
14; 4687;     206 
14; 4887;     194 
14; 5087;     192 
14; 5286;     199 
14; 5486;     182 
14; 5686;     175 
14; 5886;     150 
14; 6086;      95 
14; 6286;     149 
14; 6485;     120 
14; 6685;     116 
14; 6885;     114 
14; 7085;      99 
14; 7285;     126 
14; 7485;     106 
14; 7685;     105 
14; 7884;      99 
14; 8084;     112 
14; 8284;     105 
14; 8484;      90 
14; 8684;     129 
14; 8884;      97 
14; 9083;      98 
14; 9283;      95 
14; 9483;     101 
14; 9683;      99 
14; 9883;      95 
15; 0083;      93 
15; 0283;     111 
15; 0482;     129 
15; 0682;     108 
15; 0882;      94 
15; 1082;     132 
15; 1282;     117 
15; 1482;     107 
15; 1681;     107 
15; 1881;     120 
15; 2081;     127 
15; 2281;     129 
15; 2481;     130 
15; 2681;     131 
15; 2880;     102 
15; 3080;     122 
15; 3280;     117 
15; 3480;     145 
15; 3680;     134 
15; 3880;     119 
15; 4080;     130 
15; 4279;     136 
15; 4479;     138 
15; 4679;     123 
15; 4879;     131 
15; 5079;     134 
15; 5279;     127 
15; 5478;     135 
15; 5678;     143 
15; 5878;     152 
15; 6078;     127 
15; 6278;     117 
15; 6478;     107 
15; 6678;     138 
15; 6877;     135 
15; 7077;     115 
15; 7277;     111 
15; 7477;     115 
15; 7677;     149 
15; 7877;     144 
15; 8076;     177 
15; 8276;     232 
15; 8476;     199 
15; 8676;     290 
15; 8876;     353 
15; 9076;     513 
15; 9275;     665 
15; 9475;     928 
15; 9675;    1180 
15; 9875;    1521 
16; 0075;    1929 
16; 0275;    2222 
16; 0475;    2523 
16; 0674;    2886 
16; 0874;    3040 
16; 1074;    3134 
16; 1274;    3098 
16; 1474;    3033 
16; 1674;    2763 
16; 1873;    2487 
16; 2073;    2146 
16; 2273;    1835 
16; 2473;    1443 
16; 2673;    1149 
16; 2873;     818 
16; 3073;     654 
16; 3272;     488 
16; 3472;     339 
16; 3672;     260 
16; 3872;     193 
16; 4072;     148 
16; 4272;     135 
16; 4471;      94 
16; 4671;     113 
16; 4871;     106 
16; 5071;     107 
16; 5271;     114 
16; 5471;      89 
16; 5670;      85 
16; 5870;     118 
16; 6070;      98 
16; 6270;     127 
16; 6470;     118 
16; 6670;     146 
16; 6870;     137 
16; 7069;     141 
16; 7269;     154 
16; 7469;     203 
16; 7669;     221 
16; 7869;     267 
16; 8069;     312 
16; 8268;     385 
16; 8468;     487 
16; 8668;     609 
16; 8868;     713 
16; 9068;     822 
16; 9268;     880 
16; 9468;     904 
16; 9667;    1005 
16; 9867;     973 
17; 0067;     942 
17; 0267;     876 
17; 0467;     812 
17; 0667;     678 
17; 0866;     617 
17; 1066;     514 
17; 1266;     388 
17; 1466;     333 
17; 1666;     270 
17; 1866;     200 
17; 2065;     164 
17; 2265;     126 
17; 2465;      81 
17; 2665;      78 
17; 2865;      85 
17; 3065;      79 
17; 3265;      59 
17; 3464;      52 
17; 3664;      71 
17; 3864;      51 
17; 4064;      69 
17; 4264;      68 
17; 4464;      75 
17; 4663;      66 
17; 4863;      89 
17; 5063;      61 
17; 5263;      75 
17; 5463;      79 
17; 5663;      78 
17; 5863;      79 
17; 6062;      71 
17; 6262;      85 
17; 6462;      98 
17; 6662;      86 
17; 6862;      97 
17; 7062;     110 
17; 7261;      88 
17; 7461;     109 
17; 7661;     121 
17; 7861;     115 
17; 8061;     130 
17; 8261;     135 
17; 8460;     126 
17; 8660;     119 
17; 8860;     112 
17; 9060;     118 
17; 9260;      98 
17; 9460;     101 
17; 9660;     101 
17; 9859;      86 
18; 0059;      71 
18; 0259;      83 
18; 0459;      83 
18; 0659;      60 
18; 0859;      66 
18; 1058;      81 
18; 1258;      62 
18; 1458;      55 
18; 1658;      58 
18; 1858;      51 
18; 2058;      61 
18; 2258;      49 
18; 2457;      57 
18; 2657;      55 
18; 2857;      55 
18; 3057;      63 
18; 3257;      80 
18; 3457;      91 
18; 3656;      64 
18; 3856;      66 
18; 4056;      74 
18; 4256;      74 
18; 4456;      79 
18; 4656;      80 
18; 4855;      82 
18; 5055;      83 
18; 5255;      76 
18; 5455;      79 
18; 5655;      94 
18; 5855;      76 
18; 6055;      84 
18; 6254;      88 
18; 6454;      93 
18; 6654;      86 
18; 6854;      92 
18; 7054;     102 
18; 7254;     108 
18; 7453;      93 
18; 7653;      91 
18; 7853;     107 
18; 8053;     100 
18; 8253;     122 
18; 8453;     128 
18; 8653;     118 
18; 8852;     113 
18; 9052;     132 
18; 9252;     122 
18; 9452;     133 
18; 9652;     139 
18; 9852;     155 
19; 0051;     133 
19; 0251;     145 
19; 0451;     135 
19; 0651;     150 
19; 0851;     144 
19; 1051;     130 
19; 1250;     143 
19; 1450;     133 
19; 1650;     143 
19; 1850;     121 
19; 2050;     126 
19; 2250;     139 
19; 2450;     120 
19; 2649;     105 
19; 2849;     113 
19; 3049;     121 
19; 3249;     104 
19; 3449;     121 
19; 3649;     101 
19; 3848;      90 
19; 4048;      81 
19; 4248;      88 
19; 4448;      80 
19; 4648;      81 
19; 4848;      63 
19; 5048;      62 
19; 5247;      71 
19; 5447;      67 
19; 5647;      74 
19; 5847;      79 
19; 6047;      68 
19; 6247;      55 
19; 6446;      56 
19; 6646;      52 
19; 6846;      61 
19; 7046;      64 
19; 7246;      65 
19; 7446;      58 
19; 7645;      54 
19; 7845;      52 
19; 8045;      74 
19; 8245;      58 
19; 8445;      60 
19; 8645;      79 
19; 8845;      58 
19; 9044;      67 
19; 9244;      70 
19; 9444;      68 
19; 9644;      80 
19; 9844;      98 
20; 0044;     109 
20; 0243;     110 
20; 0443;     114 
20; 0643;     127 
20; 0843;     127 
20; 1043;     163 
20; 1243;     162 
20; 1443;     183 
20; 1642;     168 
20; 1842;     177 
20; 2042;     187 
20; 2242;     177 
20; 2442;     175 
20; 2642;     174 
20; 2841;     139 
20; 3041;     139 
20; 3241;     140 
20; 3441;     121 
20; 3641;     102 
20; 3841;      89 
20; 4040;      68 
20; 4240;      75 
20; 4440;      65 
20; 4640;      50 
20; 4840;      58 
20; 5040;      39 
20; 5240;      49 
20; 5439;      50 
20; 5639;      50 
20; 5839;      30 
20; 6039;      45 
20; 6239;      37 
20; 6439;      57 
20; 6638;      43 
20; 6838;      37 
20; 7038;      36 
20; 7238;      31 
20; 7438;      38 
20; 7638;      37 
20; 7838;      49 
20; 8037;      35 
20; 8237;      39 
20; 8437;      44 
20; 8637;      53 
20; 8837;      46 
20; 9037;      50 
20; 9236;      55 
20; 9436;      58 
20; 9636;      51 
20; 9836;      59 
21; 0036;      61 
21; 0236;      55 
21; 0435;      73 
21; 0635;      73 
21; 0835;      61 
21; 1035;      85 
21; 1235;      74 
21; 1435;      66 
21; 1635;      54 
21; 1834;      91 
21; 2034;      57 
21; 2234;      72 
21; 2434;      85 
21; 2634;      52 
21; 2834;      61 
21; 3033;      68 
21; 3233;      65 
21; 3433;      56 
21; 3633;      71 
21; 3833;      30 
21; 4033;      50 
21; 4233;      42 
21; 4432;      41 
21; 4632;      53 
21; 4832;      48 
21; 5032;      46 
21; 5232;      39 
21; 5432;      53 
21; 5631;      44 
21; 5831;      59 
21; 6031;      51 
21; 6231;      40 
21; 6431;      35 
21; 6631;      48 
21; 6830;      49 
21; 7030;      41 
21; 7230;      51 
21; 7430;      54 
21; 7630;      32 
21; 7830;      36 
21; 8030;      38 
21; 8229;      48 
21; 8429;      24 
21; 8629;      46 
21; 8829;      48 
21; 9029;      41 
21; 9229;      43 
21; 9428;      43 
21; 9628;      54 
21; 9828;      57 
22; 0028;      52 
22; 0228;      52 
22; 0428;      68 
22; 0628;      49 
22; 0827;      50 
22; 1027;      50 
22; 1227;      60 
22; 1427;      56 
22; 1627;      57 
22; 1827;      63 
22; 2026;      61 
22; 2226;      58 
22; 2426;      49 
22; 2626;      36 
22; 2826;      46 
22; 3026;      47 
22; 3225;      50 
22; 3425;      34 
22; 3625;      42 
22; 3825;      32 
22; 4025;      29 
22; 4225;      41 
22; 4425;      28 
22; 4624;      40 
22; 4824;      37 
22; 5024;      31 
22; 5224;      35 
22; 5424;      30 
22; 5624;      33 
22; 5823;      47 
22; 6023;      32 
22; 6223;      49 
22; 6423;      38 
22; 6623;      55 
22; 6823;      45 
22; 7023;      43 
22; 7222;      44 
22; 7422;      50 
22; 7622;      36 
22; 7822;      40 
22; 8022;      43 
22; 8222;      44 
22; 8421;      50 
22; 8621;      43 
22; 8821;      28 
22; 9021;      32 
22; 9221;      29 
22; 9421;      27 
22; 9620;      38 
22; 9820;      23 
23; 0020;      32 
23; 0220;      25 
23; 0420;      32 
23; 0620;      38 
23; 0820;      30 
23; 1019;      31 
23; 1219;      27 
23; 1419;      28 
23; 1619;      36 
23; 1819;      21 
23; 2019;      32 
23; 2218;      25 
23; 2418;      31 
23; 2618;      28 
23; 2818;      30 
23; 3018;      34 
23; 3218;      30 
23; 3418;      18 
23; 3617;      22 
23; 3817;      29 
23; 4017;      21 
23; 4217;      19 
23; 4417;      31 
23; 4617;      31 
23; 4816;      26 
23; 5016;      18 
23; 5216;      15 
23; 5416;      25 
23; 5616;      18 
23; 5816;      30 
23; 6015;      32 
23; 6215;      20 
23; 6415;      32 
23; 6615;      19 
23; 6815;      20 
23; 7015;      25 
23; 7215;      26 
23; 7414;      30 
23; 7614;      25 
23; 7814;      18 
23; 8014;      27 
23; 8214;      27 
23; 8414;      23 
23; 8613;      25 
23; 8813;      32 
23; 9013;      19 
23; 9213;      31 
23; 9413;      32 
23; 9613;      29 
23; 9813;      32 
24; 0012;      33 
24; 0212;      32 
24; 0412;      35 
24; 0612;      39 
24; 0812;      41 
24; 1012;      52 
24; 1211;      38 
24; 1411;      40 
24; 1611;      47 
24; 1811;      46 
24; 2011;      53 
24; 2211;      28 
24; 2410;      51 
24; 2610;      32 
24; 2810;      35 
24; 3010;      31 
24; 3210;      25 
24; 3410;      32 
24; 3610;      36 
24; 3809;      25 
24; 4009;      28 
24; 4209;      23 
24; 4409;      17 
24; 4609;      22 
24; 4809;      21 
24; 5008;      22 
24; 5208;      22 
24; 5408;      23 
24; 5608;      21 
24; 5808;      25 
24; 6008;      27 
24; 6208;      12 
24; 6407;      22 
24; 6607;      25 
24; 6807;      30 
24; 7007;      19 
24; 7207;      20 
24; 7407;      19 
24; 7606;      18 
24; 7806;      24 
24; 8006;      26 
24; 8206;      22 
24; 8406;      27 
24; 8606;      25 
24; 8805;      20 
24; 9005;      27 
24; 9205;      25 
24; 9405;      28 
24; 9605;      29 
24; 9805;      32 
25; 0005;      29 
25; 0204;      33 
25; 0404;      27 
25; 0604;      40 
25; 0804;      49 
25; 1004;      26 
25; 1204;      27 
25; 1403;      25 
25; 1603;      28 
25; 1803;      27 
25; 2003;      30 
25; 2203;      25 
25; 2403;      19 
25; 2603;      20 
25; 2802;      22 
25; 3002;      30 
25; 3202;      19 
25; 3402;      11 
25; 3602;      13 
25; 3802;      21 
25; 4001;      26 
25; 4201;      25 
25; 4401;      28 
25; 4601;      12 
25; 4801;      11 
25; 5001;      12 
25; 5200;      22 
25; 5400;      23 
25; 5600;      18 
25; 5800;      11 
25; 6000;      18 
25; 6200;      17 
25; 6400;      18 
25; 6599;      14 
25; 6799;      25 
25; 6999;      17 
25; 7199;      12 
25; 7399;      17 
25; 7599;      16 
25; 7798;      17 
25; 7998;      20 
25; 8198;      16 
25; 8398;       8 
25; 8598;      22 
25; 8798;      18 
25; 8998;      11 
25; 9197;      14 
25; 9397;      19 
25; 9597;      21 
25; 9797;      26 
25; 9997;      22 
26; 0197;      18 
26; 0396;      27 
26; 0596;      19 
26; 0796;      20 
26; 0996;      26 
26; 1196;      21 
26; 1396;      22 
26; 1595;      34 
26; 1795;      23 
26; 1995;      24 
26; 2195;      23 
26; 2395;      25 
26; 2595;      25 
26; 2795;      31 
26; 2994;      37 
26; 3194;      24 
26; 3394;      33 
26; 3594;      35 
26; 3794;      27 
26; 3994;      30 
26; 4193;      21 
26; 4393;      29 
26; 4593;      27 
26; 4793;      19 
26; 4993;      28 
26; 5193;      28 
26; 5393;      19 
26; 5592;      13 
26; 5792;      16 
26; 5992;      20 
26; 6192;      15 
26; 6392;      14 
26; 6592;      14 
26; 6791;      13 
26; 6991;      11 
26; 7191;      10 
26; 7391;      13 
26; 7591;      21 
26; 7791;      23 
26; 7990;      17 
26; 8190;      13 
26; 8390;      17 
26; 8590;      19 
26; 8790;      16 
26; 8990;      14 
26; 9190;      18 
26; 9389;      11 
26; 9589;      14 
26; 9789;      14 
26; 9989;      19 
27; 0189;      18 
27; 0389;      12 
27; 0588;      17 
27; 0788;      23 
27; 0988;      14 
27; 1188;      13 
27; 1388;      23 
27; 1588;      14 
27; 1788;      12 
27; 1987;      19 
27; 2187;      17 
27; 2387;      13 
27; 2587;      14 
27; 2787;      20 
27; 2987;      12 
27; 3186;      16 
27; 3386;      18 
27; 3586;      14 
27; 3786;      12 
27; 3986;      21 
27; 4186;      21 
27; 4385;      18 
27; 4585;      11 
27; 4785;      12 
27; 4985;      19 
27; 5185;      16 
27; 5385;      17 
27; 5585;      17 
27; 5784;      18 
27; 5984;      13 
27; 6184;      11 
27; 6384;      13 
27; 6584;      12 
27; 6784;      15 
27; 6983;      14 
27; 7183;       8 
27; 7383;      11 
27; 7583;      13 
27; 7783;      22 
27; 7983;       6 
27; 8183;      16 
27; 8382;      12 
27; 8582;      11 
27; 8782;      11 
27; 8982;      15 
27; 9182;      16 
27; 9382;      10 
27; 9581;      12 
27; 9781;      13 
27; 9981;      18 
28; 0181;      12 
28; 0381;       9 
28; 0581;      10 
28; 0780;      15 
28; 0980;      10 
28; 1180;      13 
28; 1380;      10 
28; 1580;       6 
28; 1780;      16 
28; 1980;      14 
28; 2179;      23 
28; 2379;      13 
28; 2579;      11 
28; 2779;      15 
28; 2979;      14 
28; 3179;      24 
28; 3378;      20 
28; 3578;      13 
28; 3778;      16 
28; 3978;      18 
28; 4178;       9 
28; 4378;      12 
28; 4578;      14 
28; 4777;      15 
28; 4977;      14 
28; 5177;      13 
28; 5377;      13 
28; 5577;      18 
28; 5777;      12 
28; 5976;      14 
28; 6176;       9 
28; 6376;      14 
28; 6576;      10 
28; 6776;      15 
28; 6976;      11 
28; 7175;      13 
28; 7375;       9 
28; 7575;      11 
28; 7775;       4 
28; 7975;       8 
28; 8175;      13 
28; 8375;      11 
28; 8574;       7 
28; 8774;       7 
28; 8974;      14 
28; 9174;      13 
28; 9374;      10 
28; 9574;       6 
28; 9773;       7 
28; 9973;       6 
29; 0173;       8 
29; 0373;      16 
29; 0573;      12 
29; 0773;      12 
29; 0973;      15 
29; 1172;       7 
29; 1372;      13 
29; 1572;       9 
29; 1772;      16 
29; 1972;      14 
29; 2172;      10 
29; 2371;      11 
29; 2571;      19 
29; 2771;      13 
29; 2971;      11 
29; 3171;      12 
29; 3371;      11 
29; 3570;      10 
29; 3770;       7 
29; 3970;      11 
29; 4170;       9 
29; 4370;      10 
29; 4570;       8 
29; 4770;      21 
29; 4969;      11 
29; 5169;       6 
29; 5369;       6 
29; 5569;      16 
29; 5769;      12 
29; 5969;      13 
29; 6168;      12 
29; 6368;      11 
29; 6568;       7 
29; 6768;      10 
29; 6968;      13 
29; 7168;      12 
29; 7368;      10 
29; 7567;       7 
29; 7767;      12 
29; 7967;      12 
29; 8167;      14 
29; 8367;      10 
29; 8567;      10 
29; 8766;       9 
29; 8966;      11 
29; 9166;      12 
29; 9366;       8 
29; 9566;      10 
29; 9766;       8 
29; 9965;      15 
30; 0165;       7 
30; 0365;       8 
30; 0565;       8 
30; 0765;       5 
30; 0965;      13 
30; 1165;       7 
30; 1364;      11 
30; 1564;       9 
30; 1764;       9 
30; 1964;      13 
30; 2164;      15 
30; 2364;       9 
30; 2563;       6 
30; 2763;      15 
30; 2963;      12 
30; 3163;       9 
30; 3363;       6 
30; 3563;      10 
30; 3763;       4 
30; 3962;       9 
30; 4162;       9 
30; 4362;       6 
30; 4562;       9 
30; 4762;      10 
30; 4962;      10 
30; 5161;       5 
30; 5361;       5 
30; 5561;       8 
30; 5761;      14 
30; 5961;       9 
30; 6161;      11 
30; 6360;       5 
30; 6560;       6 
30; 6760;       4 
30; 6960;       6 
30; 7160;       8 
30; 7360;      10 
30; 7560;       8 
30; 7759;       8 
30; 7959;      12 
30; 8159;       9 
30; 8359;       9 
30; 8559;      10 
30; 8759;      10 
30; 8958;      13 
30; 9158;       5 
30; 9358;       7 
30; 9558;       8 
30; 9758;       4 
30; 9958;       6 
31; 0158;       4 
31; 0357;       6 
31; 0557;      10 
31; 0757;       4 
31; 0957;       5 
31; 1157;       7 
31; 1357;       9 
31; 1556;       7 
31; 1756;       8 
31; 1956;      12 
31; 2156;       9 
31; 2356;       6 
31; 2556;       6 
31; 2755;       8 
31; 2955;       4 
31; 3155;       9 
31; 3355;       7 
31; 3555;       1 
31; 3755;       7 
31; 3955;       5 
31; 4154;       7 
31; 4354;       3 
31; 4554;       6 
31; 4754;       6 
31; 4954;       4 
31; 5154;       5 
31; 5353;       5 
31; 5553;       8 
31; 5753;       1 
31; 5953;       9 
31; 6153;       5 
31; 6353;       6 
31; 6553;       6 
31; 6752;       5 
31; 6952;       7 
31; 7152;       9 
31; 7352;       3 
31; 7552;       7 
31; 7752;       9 
31; 7951;       4 
31; 8151;       2 
31; 8351;       8 
31; 8551;       3 
31; 8751;       7 
31; 8951;       5 
31; 9150;       6 
31; 9350;       3 
31; 9550;       5 
31; 9750;       8 
31; 9950;       4 
32; 0150;       3 
32; 0350;       8 
32; 0549;       8 
32; 0749;      11 
32; 0949;       2 
32; 1149;       5 
32; 1349;       4 
32; 1549;       6 
32; 1748;       4 
32; 1948;       8 
32; 2148;       4 
32; 2348;       5 
32; 2548;       5 
32; 2748;       3 
32; 2948;       2 
32; 3147;       3 
32; 3347;       7 
32; 3547;       4 
32; 3747;       7 
32; 3947;       6 
32; 4147;       4 
32; 4346;       7 
32; 4546;       3 
32; 4746;       2 
32; 4946;       6 
32; 5146;       2 
32; 5346;       4 
32; 5545;       5 
32; 5745;       2 
32; 5945;       3 
32; 6145;       5 
32; 6345;       4 
32; 6545;       7 
32; 6745;       7 
32; 6944;       4 
32; 7144;       3 
32; 7344;       5 
32; 7544;       5 
32; 7744;       5 
32; 7944;       4 
32; 8143;       4 
32; 8343;       5 
32; 8543;       4 
32; 8743;       4 
32; 8943;       5 
32; 9143;       3 
32; 9343;       5 
32; 9542;       4 
32; 9742;       8 
32; 9942;       6 
33; 0142;       3 
33; 0342;       3 
33; 0542;       0 
33; 0741;       8 
33; 0941;       6 
33; 1141;       2 
33; 1341;       5 
33; 1541;       6 
33; 1741;       5 
33; 1940;       3 
33; 2140;       6 
33; 2340;       5 
33; 2540;       5 
33; 2740;       5 
33; 2940;       1 
33; 3140;       5 
33; 3339;       5 
33; 3539;       1 
33; 3739;       3 
33; 3939;       6 
33; 4139;       2 
33; 4339;       4 
33; 4538;       4 
33; 4738;       1 
33; 4938;       3 
33; 5138;       3 
33; 5338;       6 
33; 5538;       5 
33; 5738;       3 
33; 5937;       3 
33; 6137;       4 
33; 6337;       4 
33; 6537;       0 
33; 6737;       3 
33; 6937;       3 
33; 7136;       2 
33; 7336;       0 
33; 7536;       3 
33; 7736;       2 
33; 7936;       2 
33; 8136;       1 
33; 8335;       5 
33; 8535;       6 
33; 8735;       5 
33; 8935;       2 
33; 9135;       2 
33; 9335;       3 
33; 9535;       1 
33; 9734;       4 
33; 9934;       2 
34; 0134;       4 
34; 0334;       4 
34; 0534;       0 
34; 0734;       5 
34; 0933;       3 
34; 1133;       0 
34; 1333;       5 
34; 1533;       3 
34; 1733;       3 
34; 1933;       6 
34; 2133;       0 
34; 2332;       0 
34; 2532;       3 
34; 2732;       5 
34; 2932;       5 
34; 3132;       7 
34; 3332;       1 
34; 3531;       4 
34; 3731;       2 
34; 3931;       2 
34; 4131;       4 
34; 4331;       2 
34; 4531;       2 
34; 4730;       7 
34; 4930;       5 
34; 5130;       2 
34; 5330;       3 
34; 5530;       1 
34; 5730;       3 
34; 5930;       2 
34; 6129;       2 
34; 6329;       8 
34; 6529;       2 
34; 6729;       2 
34; 6929;       2 
34; 7129;       4 
34; 7328;       1 
34; 7528;       0 
34; 7728;       1 
34; 7928;       1 
34; 8128;       5 
34; 8328;       2 
34; 8528;       4 
34; 8727;       3 
34; 8927;       2 
34; 9127;       2 
34; 9327;       4 
34; 9527;       1 
34; 9727;       3 
34; 9926;       2 
35; 0126;       1 
35; 0326;       2 
35; 0526;       1 
35; 0726;       4 
35; 0926;       2 
35; 1125;       0 
35; 1325;       0 
35; 1525;       1 
35; 1725;       1 
35; 1925;       1 
35; 2125;       2 
35; 2325;       3 
35; 2524;       2 
35; 2724;       1 
35; 2924;       2 
35; 3124;       1 
35; 3324;       1 
35; 3524;       1 
35; 3723;       3 
35; 3923;       1 
35; 4123;       2 
35; 4323;       0 
35; 4523;       0 
35; 4723;       3 
35; 4923;       1 
35; 5122;       2 
35; 5322;       1 
35; 5522;       1 
35; 5722;       3 
35; 5922;       1 
35; 6122;       2 
35; 6321;       0 
35; 6521;       2 
35; 6721;       2 
35; 6921;       1 
35; 7121;       2 
35; 7321;       0 
35; 7520;       0 
35; 7720;       2 
35; 7920;       0 
35; 8120;       0 
35; 8320;       1 
35; 8520;       1 
35; 8720;       0 
35; 8919;       1 
35; 9119;       2 
35; 9319;       0 
35; 9519;       1 
35; 9719;       1 
35; 9919;       2 
36; 0118;       0 
36; 0318;       1 
36; 0518;       1 
36; 0718;       2 
36; 0918;       0 
36; 1118;       2 
36; 1318;       2 
36; 1517;       2 
36; 1717;       3 
36; 1917;       1 
36; 2117;       0 
36; 2317;       0 
36; 2517;       1 
36; 2716;       1 
36; 2916;       1 
36; 3116;       0 
36; 3316;       1 
36; 3516;       2 
36; 3716;       0 
36; 3915;       3 
36; 4115;       0 
36; 4315;       0 
36; 4515;       1 
36; 4715;       0 
36; 4915;       2 
36; 5115;       0 
36; 5314;       1 
36; 5514;       1 
36; 5714;       0 
36; 5914;       0 
36; 6114;       0 
36; 6314;       0 
36; 6513;       0 
36; 6713;       3 
36; 6913;       1 
36; 7113;       1 
36; 7313;       0 
36; 7513;       1 
36; 7713;       0 
36; 7912;       0 
36; 8112;       1 
36; 8312;       1 
36; 8512;       1 
36; 8712;       1 
36; 8912;       0 
36; 9111;       0 
36; 9311;       1 
36; 9511;       1 
36; 9711;       1 
36; 9911;       0 
37; 0111;       0 
37; 0310;       2 
37; 0510;       0 
37; 0710;       1 
37; 0910;       0 
37; 1110;       1 
37; 1310;       0 
37; 1510;       1 
37; 1709;       0 
37; 1909;       0 
37; 2109;       0 
37; 2309;       0 
37; 2509;       2 
37; 2709;       1 
37; 2908;       0 
37; 3108;       0 
37; 3308;       2 
37; 3508;       0 
37; 3708;       0 
37; 3908;       0 
37; 4108;       0 
37; 4307;       0 
37; 4507;       1 
37; 4707;       0 
37; 4907;       1 
37; 5107;       0 
37; 5307;       1 
37; 5506;       0 
37; 5706;       0 
37; 5906;       0 
37; 6106;       0 
37; 6306;       0 
37; 6506;       0 
37; 6705;       0 
37; 6905;       0 
37; 7105;       0 
37; 7305;       1 
37; 7505;       0 
37; 7705;       0 
37; 7905;       0 
37; 8104;       0 
37; 8304;       2 
37; 8504;       0 
37; 8704;       1 
37; 8904;       1 
37; 9104;       0 
37; 9303;       0 
37; 9503;       2 
37; 9703;       2 
37; 9903;       0 
38; 0103;       1 
38; 0303;       1 
38; 0503;       1 
38; 0702;       0 
38; 0902;       1 
38; 1102;       1 
38; 1302;       0 
38; 1502;       0 
38; 1702;       1 
38; 1901;       0 
38; 2101;       1 
38; 2301;       0 
38; 2501;       0 
38; 2701;       1 
38; 2901;       0 
38; 3100;       1 
38; 3300;       0 
38; 3500;       0 
38; 3700;       1 
38; 3900;       1 
38; 4100;       1 
38; 4300;       0 
38; 4499;       1 
38; 4699;       1 
38; 4899;       0 
38; 5099;       2 
38; 5299;       1 
38; 5499;       1 
38; 5698;       0 
38; 5898;       1 
38; 6098;       0 
38; 6298;       1 
38; 6498;       1 
38; 6698;       1 
38; 6898;       0 
38; 7097;       2 
38; 7297;       0 
38; 7497;       0 
38; 7697;       1 
38; 7897;       0 
38; 8097;       0 
38; 8296;       0 
38; 8496;       0 
38; 8696;       0 
38; 8896;       0 
38; 9096;       1 
38; 9296;       1 
38; 9495;       2 
38; 9695;       0 
38; 9895;       1 
39; 0095;       0 
39; 0295;       0 
39; 0495;       0 
39; 0695;       1 
39; 0894;       0 
39; 1094;       0 
39; 1294;       0 
39; 1494;       0 
39; 1694;       1 
39; 1894;       1 
39; 2093;       0 
39; 2293;       0 
39; 2493;       1 
39; 2693;       0 
39; 2893;       0 
39; 3093;       0 
39; 3293;       0 
39; 3492;       0 
39; 3692;       0 
39; 3892;       0 
39; 4092;       2 
39; 4292;       1 
39; 4492;       0 
39; 4691;       0 
39; 4891;       0 
39; 5091;       0 
39; 5291;       0 
39; 5491;       0 
39; 5691;       0 
39; 5890;       0 
39; 6090;       0 
39; 6290;       0 
39; 6490;       0 
39; 6690;       0 
39; 6890;       0 
39; 7090;       0 
39; 7289;       0 
39; 7489;       0 
39; 7689;       1 
39; 7889;       1 
39; 8089;       0 
39; 8289;       0 
39; 8488;       0 
39; 8688;       0 
39; 8888;       1 
39; 9088;       1 
39; 9288;       0 
39; 9488;       0 
39; 9688;       0 
39; 9887;       0 
40; 0087;       0 
40; 0287;       0 
40; 0487;       0 
40; 0687;       0 
40; 0887;       0 
40; 1086;       0 
40; 1286;       0 
40; 1486;       0 
40; 1686;       0 
40; 1886;       0 
40; 2086;       0 
40; 2285;       0 
40; 2485;       0 
40; 2685;       3 
40; 2885;       0 
40; 3085;       0 
40; 3285;       1 
40; 3485;       0 
40; 3684;       0 
40; 3884;       0 
40; 4084;       0 
40; 4284;       0 
40; 4484;       0 
40; 4684;       0 
40; 4883;       0 
40; 5083;       0 
40; 5283;       0 
40; 5483;       0 
40; 5683;       0 
40; 5883;       0 
40; 6083;       0 
40; 6282;       0 
40; 6482;       0 
40; 6682;       0 
40; 6882;       0 
40; 7082;       0 
40; 7282;       0 
40; 7481;       0 
40; 7681;       0 
40; 7881;       0 
40; 8081;       0 
40; 8281;       0 
40; 8481;       0 
40; 8680;       0 
40; 8880;       1 
40; 9080;       0 
