0; 0000;     240 
0; 0200;     237 
0; 0400;     162 
0; 0600;     124 
0; 0800;      58 
0; 1000;      31 
0; 1199;       9 
0; 1399;       5 
0; 1599;       1 
0; 1799;       2 
0; 1999;       2 
0; 2199;       0 
0; 2399;       0 
0; 2599;       2 
0; 2799;       0 
0; 2999;       2 
0; 3199;       0 
0; 3398;       0 
0; 3598;       0 
0; 3798;       0 
0; 3998;       0 
0; 4198;       2 
0; 4398;       2 
0; 4598;       2 
0; 4798;       0 
0; 4998;       0 
0; 5198;       1 
0; 5397;       0 
0; 5597;       3 
0; 5797;      23 
0; 5997;      61 
0; 6197;     121 
0; 6397;     162 
0; 6597;     218 
0; 6797;     225 
0; 6997;     246 
0; 7197;     205 
0; 7397;     205 
0; 7596;     231 
0; 7796;     201 
0; 7996;     204 
0; 8196;     196 
0; 8396;     194 
0; 8596;     207 
0; 8796;     170 
0; 8996;     196 
0; 9196;     190 
0; 9396;     169 
0; 9596;     193 
0; 9795;     220 
0; 9995;     184 
1; 0195;     202 
1; 0395;     175 
1; 0595;     155 
1; 0795;     155 
1; 0995;     143 
1; 1195;     162 
1; 1395;     154 
1; 1595;     167 
1; 1794;     160 
1; 1994;     171 
1; 2194;     161 
1; 2394;     134 
1; 2594;     162 
1; 2794;     140 
1; 2994;     161 
1; 3194;     139 
1; 3394;     150 
1; 3594;     169 
1; 3794;     167 
1; 3993;     157 
1; 4193;     163 
1; 4393;     153 
1; 4593;     159 
1; 4793;     158 
1; 4993;     189 
1; 5193;     124 
1; 5393;     165 
1; 5593;     147 
1; 5793;     147 
1; 5993;     158 
1; 6192;     162 
1; 6392;     163 
1; 6592;     146 
1; 6792;     159 
1; 6992;     191 
1; 7192;     199 
1; 7392;     187 
1; 7592;     179 
1; 7792;     194 
1; 7992;     178 
1; 8191;     146 
1; 8391;     181 
1; 8591;     164 
1; 8791;     175 
1; 8991;     178 
1; 9191;     188 
1; 9391;     204 
1; 9591;     191 
1; 9791;     199 
1; 9991;     192 
2; 0191;     205 
2; 0390;     205 
2; 0590;     191 
2; 0790;     185 
2; 0990;     193 
2; 1190;     163 
2; 1390;     190 
2; 1590;     145 
2; 1790;     173 
2; 1990;     176 
2; 2190;     176 
2; 2390;     194 
2; 2589;     252 
2; 2789;     227 
2; 2989;     254 
2; 3189;     258 
2; 3389;     245 
2; 3589;     253 
2; 3789;     226 
2; 3989;     215 
2; 4189;     210 
2; 4389;     235 
2; 4589;     208 
2; 4788;     231 
2; 4988;     265 
2; 5188;     313 
2; 5388;     377 
2; 5588;     508 
2; 5788;     568 
2; 5988;     688 
2; 6188;     829 
2; 6388;     868 
2; 6588;     930 
2; 6787;     967 
2; 6987;     926 
2; 7187;     878 
2; 7387;     858 
2; 7587;     870 
2; 7787;     767 
2; 7987;     785 
2; 8187;     726 
2; 8387;     765 
2; 8587;     753 
2; 8787;     753 
2; 8986;     741 
2; 9186;     754 
2; 9386;     781 
2; 9586;     680 
2; 9786;     650 
2; 9986;     627 
3; 0186;     498 
3; 0386;     446 
3; 0586;     400 
3; 0786;     373 
3; 0986;     286 
3; 1185;     322 
3; 1385;     304 
3; 1585;     301 
3; 1785;     307 
3; 1985;     324 
3; 2185;     367 
3; 2385;     426 
3; 2585;     416 
3; 2785;     526 
3; 2985;     496 
3; 3184;     507 
3; 3384;     497 
3; 3584;     457 
3; 3784;     442 
3; 3984;     358 
3; 4184;     326 
3; 4384;     289 
3; 4584;     279 
3; 4784;     303 
3; 4984;     263 
3; 5184;     346 
3; 5383;     424 
3; 5583;     556 
3; 5783;     712 
3; 5983;     914 
3; 6183;    1189 
3; 6383;    1522 
3; 6583;    1710 
3; 6783;    1703 
3; 6983;    1750 
3; 7183;    1679 
3; 7383;    1429 
3; 7582;    1194 
3; 7782;     914 
3; 7982;     707 
3; 8182;     522 
3; 8382;     431 
3; 8582;     347 
3; 8782;     350 
3; 8982;     308 
3; 9182;     326 
3; 9382;     389 
3; 9582;     417 
3; 9781;     455 
3; 9981;     461 
4; 0181;     468 
4; 0381;     521 
4; 0581;     450 
4; 0781;     431 
4; 0981;     367 
4; 1181;     352 
4; 1381;     295 
4; 1581;     257 
4; 1780;     240 
4; 1980;     265 
4; 2180;     259 
4; 2380;     261 
4; 2580;     259 
4; 2780;     264 
4; 2980;     275 
4; 3180;     259 
4; 3380;     294 
4; 3580;     279 
4; 3780;     295 
4; 3979;     310 
4; 4179;     333 
4; 4379;     353 
4; 4579;     385 
4; 4779;     364 
4; 4979;     371 
4; 5179;     359 
4; 5379;     362 
4; 5579;     351 
4; 5779;     351 
4; 5979;     356 
4; 6178;     333 
4; 6378;     330 
4; 6578;     326 
4; 6778;     312 
4; 6978;     317 
4; 7178;     263 
4; 7378;     311 
4; 7578;     330 
4; 7778;     313 
4; 7978;     314 
4; 8177;     307 
4; 8377;     350 
4; 8577;     344 
4; 8777;     351 
4; 8977;     358 
4; 9177;     360 
4; 9377;     328 
4; 9577;     338 
4; 9777;     350 
4; 9977;     361 
5; 0177;     342 
5; 0376;     366 
5; 0576;     350 
5; 0776;     318 
5; 0976;     345 
5; 1176;     338 
5; 1376;     321 
5; 1576;     326 
5; 1776;     361 
5; 1976;     346 
5; 2176;     337 
5; 2376;     361 
5; 2575;     330 
5; 2775;     369 
5; 2975;     341 
5; 3175;     368 
5; 3375;     386 
5; 3575;     381 
5; 3775;     410 
5; 3975;     377 
5; 4175;     439 
5; 4375;     397 
5; 4574;     433 
5; 4774;     417 
5; 4974;     436 
5; 5174;     423 
5; 5374;     476 
5; 5574;     394 
5; 5774;     434 
5; 5974;     449 
5; 6174;     405 
5; 6374;     426 
5; 6574;     414 
5; 6773;     443 
5; 6973;     450 
5; 7173;     433 
5; 7373;     450 
5; 7573;     462 
5; 7773;     545 
5; 7973;     523 
5; 8173;     610 
5; 8373;     634 
5; 8573;     645 
5; 8773;     706 
5; 8972;     708 
5; 9172;     714 
5; 9372;     655 
5; 9572;     612 
5; 9772;     614 
5; 9972;     596 
6; 0172;     556 
6; 0372;     559 
6; 0572;     505 
6; 0772;     476 
6; 0972;     501 
6; 1171;     502 
6; 1371;     549 
6; 1571;     702 
6; 1771;     690 
6; 1971;     839 
6; 2171;     984 
6; 2371;    1205 
6; 2571;    1626 
6; 2771;    1970 
6; 2971;    2405 
6; 3170;    2983 
6; 3370;    3449 
6; 3570;    3903 
6; 3770;    4298 
6; 3970;    4425 
6; 4170;    4436 
6; 4370;    4032 
6; 4570;    3620 
6; 4770;    2968 
6; 4970;    2324 
6; 5170;    1914 
6; 5369;    1421 
6; 5569;    1124 
6; 5769;     897 
6; 5969;     816 
6; 6169;     754 
6; 6369;     669 
6; 6569;     649 
6; 6769;     675 
6; 6969;     617 
6; 7169;     628 
6; 7369;     669 
6; 7568;     689 
6; 7768;     700 
6; 7968;     666 
6; 8168;     682 
6; 8368;     746 
6; 8568;     732 
6; 8768;     765 
6; 8968;     763 
6; 9168;     839 
6; 9368;     857 
6; 9567;     959 
6; 9767;    1035 
6; 9967;    1123 
7; 0167;    1228 
7; 0367;    1278 
7; 0567;    1364 
7; 0767;    1177 
7; 0967;    1204 
7; 1167;    1120 
7; 1367;    1146 
7; 1567;     971 
7; 1766;     954 
7; 1966;     882 
7; 2166;     879 
7; 2366;     857 
7; 2566;     810 
7; 2766;     862 
7; 2966;     899 
7; 3166;     930 
7; 3366;     930 
7; 3566;     971 
7; 3766;    1037 
7; 3965;    1085 
7; 4165;    1178 
7; 4365;    1192 
7; 4565;    1237 
7; 4765;    1253 
7; 4965;    1292 
7; 5165;    1346 
7; 5365;    1304 
7; 5565;    1200 
7; 5765;    1179 
7; 5965;    1242 
7; 6164;    1280 
7; 6364;    1282 
7; 6564;    1258 
7; 6764;    1362 
7; 6964;    1437 
7; 7164;    1598 
7; 7364;    1872 
7; 7564;    2051 
7; 7764;    2715 
7; 7964;    3846 
7; 8163;    5929 
7; 8363;    9461 
7; 8563;   15441 
7; 8763;   24729 
7; 8963;   38691 
7; 9163;   57951 
7; 9363;   81486 
7; 9563;  108719 
7; 9763;  136852 
7; 9963;  162684 
8; 0163;  182972 
8; 0362;  193415 
8; 0562;  192842 
8; 0762;  183480 
8; 0962;  162430 
8; 1162;  135708 
8; 1362;  107017 
8; 1562;   80112 
8; 1762;   56076 
8; 1962;   37194 
8; 2162;   23893 
8; 2362;   14647 
8; 2561;    8946 
8; 2761;    5187 
8; 2961;    3281 
8; 3161;    2213 
8; 3361;    1601 
8; 3561;    1330 
8; 3761;    1160 
8; 3961;    1053 
8; 4161;    1001 
8; 4361;    1024 
8; 4560;    1000 
8; 4760;     930 
8; 4960;    1030 
8; 5160;    1002 
8; 5360;    1053 
8; 5560;    1164 
8; 5760;    1193 
8; 5960;    1232 
8; 6160;    1324 
8; 6360;    1448 
8; 6560;    1808 
8; 6759;    2061 
8; 6959;    2672 
8; 7159;    3565 
8; 7359;    4987 
8; 7559;    6855 
8; 7759;    9724 
8; 7959;   12804 
8; 8159;   16948 
8; 8359;   20624 
8; 8559;   24487 
8; 8759;   27810 
8; 8958;   29537 
8; 9158;   29980 
8; 9358;   28398 
8; 9558;   26047 
8; 9758;   22260 
8; 9958;   17991 
9; 0158;   13805 
9; 0358;    9973 
9; 0558;    7076 
9; 0758;    4594 
9; 0957;    2919 
9; 1157;    1865 
9; 1357;    1214 
9; 1557;     813 
9; 1757;     486 
9; 1957;     402 
9; 2157;     342 
9; 2357;     293 
9; 2557;     261 
9; 2757;     241 
9; 2957;     254 
9; 3156;     239 
9; 3356;     236 
9; 3556;     248 
9; 3756;     263 
9; 3956;     245 
9; 4156;     243 
9; 4356;     231 
9; 4556;     250 
9; 4756;     221 
9; 4956;     212 
9; 5156;     228 
9; 5355;     204 
9; 5555;     217 
9; 5755;     201 
9; 5955;     240 
9; 6155;     236 
9; 6355;     217 
9; 6555;     222 
9; 6755;     204 
9; 6955;     216 
9; 7155;     183 
9; 7355;     197 
9; 7554;     187 
9; 7754;     185 
9; 7954;     191 
9; 8154;     193 
9; 8354;     171 
9; 8554;     180 
9; 8754;     170 
9; 8954;     157 
9; 9154;     186 
9; 9354;     200 
9; 9553;     204 
9; 9753;     187 
9; 9953;     164 
10; 0153;     169 
10; 0353;     174 
10; 0553;     163 
10; 0753;     148 
10; 0953;     193 
10; 1153;     175 
10; 1353;     183 
10; 1553;     174 
10; 1752;     168 
10; 1952;     169 
10; 2152;     164 
10; 2352;     157 
10; 2552;     172 
10; 2752;     161 
10; 2952;     169 
10; 3152;     169 
10; 3352;     167 
10; 3552;     152 
10; 3752;     187 
10; 3951;     155 
10; 4151;     185 
10; 4351;     180 
10; 4551;     193 
10; 4751;     223 
10; 4951;     226 
10; 5151;     209 
10; 5351;     241 
10; 5551;     212 
10; 5751;     216 
10; 5950;     219 
10; 6150;     219 
10; 6350;     224 
10; 6550;     180 
10; 6750;     179 
10; 6950;     170 
10; 7150;     190 
10; 7350;     210 
10; 7550;     183 
10; 7750;     171 
10; 7950;     189 
10; 8149;     158 
10; 8349;     178 
10; 8549;     184 
10; 8749;     167 
10; 8949;     170 
10; 9149;     174 
10; 9349;     146 
10; 9549;     193 
10; 9749;     153 
10; 9949;     146 
11; 0149;     151 
11; 0348;     156 
11; 0548;     152 
11; 0748;     157 
11; 0948;     152 
11; 1148;     158 
11; 1348;     145 
11; 1548;     154 
11; 1748;     160 
11; 1948;     150 
11; 2148;     134 
11; 2347;     143 
11; 2547;     149 
11; 2747;     154 
11; 2947;     143 
11; 3147;     180 
11; 3347;     125 
11; 3547;     136 
11; 3747;     120 
11; 3947;     136 
11; 4147;     158 
11; 4347;     158 
11; 4546;     145 
11; 4746;     146 
11; 4946;     128 
11; 5146;     131 
11; 5346;     154 
11; 5546;     130 
11; 5746;     165 
11; 5946;     154 
11; 6146;     138 
11; 6346;     157 
11; 6546;     150 
11; 6745;     175 
11; 6945;     165 
11; 7145;     202 
11; 7345;     173 
11; 7545;     193 
11; 7745;     165 
11; 7945;     186 
11; 8145;     176 
11; 8345;     160 
11; 8545;     176 
11; 8745;     144 
11; 8944;     139 
11; 9144;     146 
11; 9344;     131 
11; 9544;     149 
11; 9744;     155 
11; 9944;     140 
12; 0144;     132 
12; 0344;     132 
12; 0544;     136 
12; 0744;     160 
12; 0943;     119 
12; 1143;     110 
12; 1343;     137 
12; 1543;     124 
12; 1743;     121 
12; 1943;     142 
12; 2143;     133 
12; 2343;     122 
12; 2543;     119 
12; 2743;     142 
12; 2943;     124 
12; 3142;     122 
12; 3342;     123 
12; 3542;     103 
12; 3742;     132 
12; 3942;     106 
12; 4142;     132 
12; 4342;     117 
12; 4542;     149 
12; 4742;     110 
12; 4942;     126 
12; 5142;     133 
12; 5341;     157 
12; 5541;     149 
12; 5741;     155 
12; 5941;     147 
12; 6141;     146 
12; 6341;     158 
12; 6541;     150 
12; 6741;     144 
12; 6941;     159 
12; 7141;     153 
12; 7340;     124 
12; 7540;     135 
12; 7740;     119 
12; 7940;     131 
12; 8140;     123 
12; 8340;     128 
12; 8540;     127 
12; 8740;     116 
12; 8940;     105 
12; 9140;     105 
12; 9340;     103 
12; 9539;     101 
12; 9739;      98 
12; 9939;     101 
13; 0139;     144 
13; 0339;     116 
13; 0539;      99 
13; 0739;     109 
13; 0939;     113 
13; 1139;     132 
13; 1339;     106 
13; 1539;     110 
13; 1738;     117 
13; 1938;     134 
13; 2138;     121 
13; 2338;     103 
13; 2538;     108 
13; 2738;     108 
13; 2938;     106 
13; 3138;     107 
13; 3338;     103 
13; 3538;     124 
13; 3738;     120 
13; 3937;     112 
13; 4137;     102 
13; 4337;     116 
13; 4537;      99 
13; 4737;     103 
13; 4937;      96 
13; 5137;     117 
13; 5337;      99 
13; 5537;     106 
13; 5737;      84 
13; 5936;     120 
13; 6136;     109 
13; 6336;     111 
13; 6536;     111 
13; 6736;     101 
13; 6936;     107 
13; 7136;     106 
13; 7336;     103 
13; 7536;     112 
13; 7736;      98 
13; 7936;     112 
13; 8135;     110 
13; 8335;     107 
13; 8535;      96 
13; 8735;     114 
13; 8935;      95 
13; 9135;     131 
13; 9335;     100 
13; 9535;     107 
13; 9735;     107 
13; 9935;     105 
14; 0135;      97 
14; 0334;     120 
14; 0534;      98 
14; 0734;     133 
14; 0934;     111 
14; 1134;     105 
14; 1334;     118 
14; 1534;     109 
14; 1734;     121 
14; 1934;     134 
14; 2134;     131 
14; 2333;     127 
14; 2533;     122 
14; 2733;     142 
14; 2933;     137 
14; 3133;     142 
14; 3333;     142 
14; 3533;     187 
14; 3733;     168 
14; 3933;     183 
14; 4133;     216 
14; 4333;     218 
14; 4532;     200 
14; 4732;     223 
14; 4932;     222 
14; 5132;     217 
14; 5332;     201 
14; 5532;     145 
14; 5732;     164 
14; 5932;     138 
14; 6132;     154 
14; 6332;     138 
14; 6532;     107 
14; 6731;     108 
14; 6931;     110 
14; 7131;     103 
14; 7331;     103 
14; 7531;     113 
14; 7731;     107 
14; 7931;     110 
14; 8131;     116 
14; 8331;      98 
14; 8531;     104 
14; 8730;      97 
14; 8930;      85 
14; 9130;     116 
14; 9330;     108 
14; 9530;     125 
14; 9730;     102 
14; 9930;     113 
15; 0130;     122 
15; 0330;     106 
15; 0530;     113 
15; 0730;     126 
15; 0929;     117 
15; 1129;     137 
15; 1329;     129 
15; 1529;     131 
15; 1729;     117 
15; 1929;     132 
15; 2129;     116 
15; 2329;     111 
15; 2529;     127 
15; 2729;     132 
15; 2929;     117 
15; 3128;     138 
15; 3328;     131 
15; 3528;     113 
15; 3728;     114 
15; 3928;     112 
15; 4128;     133 
15; 4328;     125 
15; 4528;     118 
15; 4728;     123 
15; 4928;      98 
15; 5128;     125 
15; 5327;     117 
15; 5527;     112 
15; 5727;     117 
15; 5927;     110 
15; 6127;     109 
15; 6327;     132 
15; 6527;     105 
15; 6727;     116 
15; 6927;     115 
15; 7127;     133 
15; 7326;     129 
15; 7526;     124 
15; 7726;     125 
15; 7926;     144 
15; 8126;     161 
15; 8326;     182 
15; 8526;     224 
15; 8726;     304 
15; 8926;     379 
15; 9126;     535 
15; 9326;     695 
15; 9525;     915 
15; 9725;    1209 
15; 9925;    1480 
16; 0125;    1817 
16; 0325;    2198 
16; 0525;    2537 
16; 0725;    2807 
16; 0925;    2819 
16; 1125;    2981 
16; 1325;    2934 
16; 1525;    2764 
16; 1724;    2582 
16; 1924;    2244 
16; 2124;    1992 
16; 2324;    1642 
16; 2524;    1290 
16; 2724;     959 
16; 2924;     732 
16; 3124;     577 
16; 3324;     413 
16; 3524;     290 
16; 3723;     232 
16; 3923;     160 
16; 4123;     146 
16; 4323;     147 
16; 4523;     110 
16; 4723;     117 
16; 4923;     110 
16; 5123;     102 
16; 5323;     103 
16; 5523;     102 
16; 5723;      97 
16; 5922;      97 
16; 6122;     101 
16; 6322;      94 
16; 6522;     117 
16; 6722;     126 
16; 6922;     120 
16; 7122;     143 
16; 7322;     172 
16; 7522;     204 
16; 7722;     249 
16; 7922;     275 
16; 8121;     342 
16; 8321;     390 
16; 8521;     509 
16; 8721;     541 
16; 8921;     722 
16; 9121;     752 
16; 9321;     860 
16; 9521;     898 
16; 9721;     973 
16; 9921;     838 
17; 0121;     941 
17; 0320;     805 
17; 0520;     755 
17; 0720;     647 
17; 0920;     542 
17; 1120;     476 
17; 1320;     389 
17; 1520;     266 
17; 1720;     218 
17; 1920;     183 
17; 2120;     162 
17; 2319;     133 
17; 2519;      95 
17; 2719;      78 
17; 2919;      95 
17; 3119;      78 
17; 3319;      66 
17; 3519;      77 
17; 3719;      55 
17; 3919;      64 
17; 4119;      59 
17; 4319;      61 
17; 4518;      55 
17; 4718;      62 
17; 4918;      68 
17; 5118;      67 
17; 5318;      54 
17; 5518;      56 
17; 5718;      65 
17; 5918;      76 
17; 6118;      82 
17; 6318;      79 
17; 6518;      86 
17; 6717;      71 
17; 6917;      90 
17; 7117;      57 
17; 7317;      85 
17; 7517;     102 
17; 7717;     106 
17; 7917;     111 
17; 8117;      91 
17; 8317;     104 
17; 8517;     130 
17; 8716;     112 
17; 8916;     106 
17; 9116;      97 
17; 9316;     127 
17; 9516;     111 
17; 9716;      88 
17; 9916;      79 
18; 0116;      84 
18; 0316;      63 
18; 0516;      86 
18; 0716;      77 
18; 0915;      70 
18; 1115;      60 
18; 1315;      54 
18; 1515;      64 
18; 1715;      62 
18; 1915;      65 
18; 2115;      57 
18; 2315;      64 
18; 2515;      61 
18; 2715;      62 
18; 2915;      65 
18; 3114;      87 
18; 3314;      70 
18; 3514;      82 
18; 3714;      67 
18; 3914;      72 
18; 4114;      73 
18; 4314;      48 
18; 4514;      59 
18; 4714;      70 
18; 4914;      61 
18; 5113;      74 
18; 5313;      84 
18; 5513;      77 
18; 5713;      86 
18; 5913;      65 
18; 6113;      79 
18; 6313;      83 
18; 6513;      82 
18; 6713;      86 
18; 6913;     100 
18; 7113;      98 
18; 7312;     101 
18; 7512;     134 
18; 7712;     117 
18; 7912;     136 
18; 8112;     116 
18; 8312;     108 
18; 8512;     133 
18; 8712;     131 
18; 8912;     122 
18; 9112;     126 
18; 9312;     124 
18; 9511;     110 
18; 9711;     140 
18; 9911;     151 
19; 0111;     134 
19; 0311;     125 
19; 0511;     139 
19; 0711;     147 
19; 0911;     141 
19; 1111;     138 
19; 1311;     131 
19; 1511;     144 
19; 1710;     119 
19; 1910;     131 
19; 2110;     129 
19; 2310;     140 
19; 2510;     105 
19; 2710;     130 
19; 2910;      95 
19; 3110;     134 
19; 3310;      93 
19; 3510;     105 
19; 3709;      86 
19; 3909;      93 
19; 4109;      87 
19; 4309;      85 
19; 4509;      94 
19; 4709;      82 
19; 4909;      79 
19; 5109;      68 
19; 5309;      74 
19; 5509;      75 
19; 5709;      68 
19; 5908;      73 
19; 6108;      54 
19; 6308;      61 
19; 6508;      61 
19; 6708;      46 
19; 6908;      66 
19; 7108;      52 
19; 7308;      55 
19; 7508;      54 
19; 7708;      65 
19; 7908;      58 
19; 8107;      47 
19; 8307;      57 
19; 8507;      55 
19; 8707;      45 
19; 8907;      61 
19; 9107;      67 
19; 9307;      64 
19; 9507;      81 
19; 9707;      83 
19; 9907;      91 
20; 0106;     118 
20; 0306;      94 
20; 0506;     113 
20; 0706;     118 
20; 0906;     137 
20; 1106;     170 
20; 1306;     158 
20; 1506;     172 
20; 1706;     186 
20; 1906;     181 
20; 2106;     184 
20; 2305;     197 
20; 2505;     188 
20; 2705;     149 
20; 2905;     161 
20; 3105;     149 
20; 3305;     124 
20; 3505;     110 
20; 3705;      76 
20; 3905;      87 
20; 4105;      75 
20; 4305;      69 
20; 4504;      67 
20; 4704;      58 
20; 4904;      41 
20; 5104;      52 
20; 5304;      50 
20; 5504;      46 
20; 5704;      46 
20; 5904;      40 
20; 6104;      37 
20; 6304;      34 
20; 6503;      50 
20; 6703;      37 
20; 6903;      49 
20; 7103;      43 
20; 7303;      47 
20; 7503;      34 
20; 7703;      34 
20; 7903;      61 
20; 8103;      37 
20; 8303;      36 
20; 8503;      41 
20; 8702;      54 
20; 8902;      50 
20; 9102;      54 
20; 9302;      62 
20; 9502;      47 
20; 9702;      55 
20; 9902;      60 
21; 0102;      54 
21; 0302;      64 
21; 0502;      71 
21; 0702;      66 
21; 0901;      83 
21; 1101;      68 
21; 1301;      67 
21; 1501;      67 
21; 1701;      72 
21; 1901;      65 
21; 2101;      71 
21; 2301;      50 
21; 2501;      60 
21; 2701;      63 
21; 2901;      66 
21; 3100;      66 
21; 3300;      46 
21; 3500;      36 
21; 3700;      54 
21; 3900;      57 
21; 4100;      53 
21; 4300;      57 
21; 4500;      48 
21; 4700;      43 
21; 4900;      41 
21; 5099;      33 
21; 5299;      56 
21; 5499;      51 
21; 5699;      44 
21; 5899;      40 
21; 6099;      46 
21; 6299;      42 
21; 6499;      35 
21; 6699;      28 
21; 6899;      28 
21; 7099;      47 
21; 7298;      30 
21; 7498;      36 
21; 7698;      38 
21; 7898;      26 
21; 8098;      35 
21; 8298;      40 
21; 8498;      38 
21; 8698;      37 
21; 8898;      46 
21; 9098;      36 
21; 9298;      31 
21; 9497;      35 
21; 9697;      31 
21; 9897;      33 
22; 0097;      37 
22; 0297;      44 
22; 0497;      43 
22; 0697;      36 
22; 0897;      33 
22; 1097;      42 
22; 1297;      38 
22; 1496;      37 
22; 1696;      44 
22; 1896;      38 
22; 2096;      35 
22; 2296;      42 
22; 2496;      40 
22; 2696;      25 
22; 2896;      32 
22; 3096;      35 
22; 3296;      36 
22; 3496;      25 
22; 3695;      27 
22; 3895;      27 
22; 4095;      26 
22; 4295;      25 
22; 4495;      28 
22; 4695;      39 
22; 4895;      28 
22; 5095;      35 
22; 5295;      30 
22; 5495;      32 
22; 5695;      37 
22; 5894;      36 
22; 6094;      40 
22; 6294;      46 
22; 6494;      48 
22; 6694;      48 
22; 6894;      42 
22; 7094;      44 
22; 7294;      42 
22; 7494;      48 
22; 7694;      42 
22; 7894;      48 
22; 8093;      36 
22; 8293;      44 
22; 8493;      38 
22; 8693;      29 
22; 8893;      49 
22; 9093;      28 
22; 9293;      35 
22; 9493;      33 
22; 9693;      33 
22; 9893;      34 
23; 0092;      31 
23; 0292;      32 
23; 0492;      31 
23; 0692;      41 
23; 0892;      44 
23; 1092;      28 
23; 1292;      34 
23; 1492;      28 
23; 1692;      22 
23; 1892;      22 
23; 2092;      30 
23; 2291;      23 
23; 2491;      22 
23; 2691;      35 
23; 2891;      34 
23; 3091;      20 
23; 3291;      27 
23; 3491;      20 
23; 3691;      26 
23; 3891;      23 
23; 4091;      23 
23; 4291;      23 
23; 4490;      26 
23; 4690;      16 
23; 4890;      32 
23; 5090;      20 
23; 5290;      20 
23; 5490;      18 
23; 5690;      22 
23; 5890;      27 
23; 6090;      14 
23; 6290;      18 
23; 6489;      21 
23; 6689;      27 
23; 6889;      30 
23; 7089;      31 
23; 7289;      38 
23; 7489;      27 
23; 7689;      28 
23; 7889;      23 
23; 8089;      31 
23; 8289;      27 
23; 8489;      23 
23; 8688;      29 
23; 8888;      27 
23; 9088;      25 
23; 9288;      25 
23; 9488;      36 
23; 9688;      19 
23; 9888;      32 
24; 0088;      30 
24; 0288;      31 
24; 0488;      33 
24; 0688;      26 
24; 0887;      43 
24; 1087;      31 
24; 1287;      41 
24; 1487;      42 
24; 1687;      47 
24; 1887;      44 
24; 2087;      42 
24; 2287;      41 
24; 2487;      37 
24; 2687;      29 
24; 2886;      40 
24; 3086;      28 
24; 3286;      22 
24; 3486;      21 
24; 3686;      26 
24; 3886;      26 
24; 4086;      34 
24; 4286;      21 
24; 4486;      18 
24; 4686;      28 
24; 4886;      19 
24; 5085;       8 
24; 5285;      29 
24; 5485;      15 
24; 5685;      10 
24; 5885;      13 
24; 6085;      13 
24; 6285;      15 
24; 6485;      20 
24; 6685;      21 
24; 6885;      18 
24; 7085;      16 
24; 7284;      17 
24; 7484;      23 
24; 7684;      18 
24; 7884;      23 
24; 8084;      17 
24; 8284;      19 
24; 8484;      31 
24; 8684;      22 
24; 8884;      27 
24; 9084;      15 
24; 9284;      23 
24; 9483;      26 
24; 9683;      31 
24; 9883;      31 
25; 0083;      32 
25; 0283;      36 
25; 0483;      29 
25; 0683;      31 
25; 0883;      31 
25; 1083;      22 
25; 1283;      35 
25; 1482;      18 
25; 1682;      24 
25; 1882;      16 
25; 2082;      23 
25; 2282;      26 
25; 2482;      24 
25; 2682;      23 
25; 2882;      19 
25; 3082;      18 
25; 3282;      24 
25; 3482;      24 
25; 3681;      19 
25; 3881;      17 
25; 4081;      18 
25; 4281;      13 
25; 4481;      19 
25; 4681;      14 
25; 4881;      15 
25; 5081;      16 
25; 5281;      17 
25; 5481;      20 
25; 5681;      14 
25; 5880;      20 
25; 6080;      18 
25; 6280;      22 
25; 6480;      17 
25; 6680;      24 
25; 6880;      14 
25; 7080;      13 
25; 7280;      13 
25; 7480;      15 
25; 7680;      16 
25; 7879;      16 
25; 8079;      12 
25; 8279;      17 
25; 8479;      17 
25; 8679;      14 
25; 8879;      16 
25; 9079;      25 
25; 9279;      15 
25; 9479;      22 
25; 9679;      23 
25; 9879;      14 
26; 0078;       8 
26; 0278;      24 
26; 0478;      14 
26; 0678;      12 
26; 0878;      15 
26; 1078;      12 
26; 1278;      14 
26; 1478;      24 
26; 1678;      18 
26; 1878;      16 
26; 2078;      11 
26; 2277;      14 
26; 2477;      10 
26; 2677;      17 
26; 2877;      22 
26; 3077;      14 
26; 3277;      14 
26; 3477;      14 
26; 3677;      11 
26; 3877;      13 
26; 4077;      14 
26; 4277;      19 
26; 4476;      11 
26; 4676;      17 
26; 4876;      12 
26; 5076;      14 
26; 5276;      13 
26; 5476;      14 
26; 5676;      14 
26; 5876;      13 
26; 6076;      17 
26; 6276;      16 
26; 6475;      18 
26; 6675;      17 
26; 6875;      17 
26; 7075;      18 
26; 7275;       8 
26; 7475;      19 
26; 7675;      14 
26; 7875;      14 
26; 8075;      19 
26; 8275;      22 
26; 8475;      11 
26; 8674;      14 
26; 8874;      19 
26; 9074;      11 
26; 9274;      15 
26; 9474;      15 
26; 9674;      23 
26; 9874;      11 
27; 0074;      17 
27; 0274;      13 
27; 0474;      17 
27; 0674;      24 
27; 0873;      14 
27; 1073;      16 
27; 1273;      25 
27; 1473;      13 
27; 1673;      17 
27; 1873;      15 
27; 2073;      11 
27; 2273;      17 
27; 2473;      15 
27; 2673;      16 
27; 2872;      13 
27; 3072;      20 
27; 3272;      19 
27; 3472;      17 
27; 3672;      19 
27; 3872;      17 
27; 4072;      11 
27; 4272;      12 
27; 4472;      18 
27; 4672;      22 
27; 4872;      18 
27; 5071;      24 
27; 5271;      12 
27; 5471;      15 
27; 5671;       6 
27; 5871;      14 
27; 6071;      12 
27; 6271;      14 
27; 6471;      14 
27; 6671;      10 
27; 6871;      15 
27; 7071;       8 
27; 7270;      17 
27; 7470;      20 
27; 7670;      12 
27; 7870;       8 
27; 8070;      14 
27; 8270;      13 
27; 8470;      15 
27; 8670;       9 
27; 8870;      17 
27; 9070;      11 
27; 9269;      10 
27; 9469;      13 
27; 9669;      10 
27; 9869;      11 
28; 0069;      12 
28; 0269;      13 
28; 0469;      16 
28; 0669;       8 
28; 0869;      12 
28; 1069;      23 
28; 1269;      16 
28; 1468;      13 
28; 1668;      12 
28; 1868;      14 
28; 2068;      14 
28; 2268;      16 
28; 2468;       8 
28; 2668;      18 
28; 2868;      21 
28; 3068;      16 
28; 3268;      16 
28; 3468;      12 
28; 3667;      12 
28; 3867;      13 
28; 4067;      16 
28; 4267;      17 
28; 4467;      16 
28; 4667;      12 
28; 4867;      16 
28; 5067;      11 
28; 5267;      15 
28; 5467;      16 
28; 5667;      10 
28; 5866;       8 
28; 6066;      12 
28; 6266;      11 
28; 6466;      10 
28; 6666;      11 
28; 6866;       8 
28; 7066;       6 
28; 7266;      11 
28; 7466;      11 
28; 7666;      14 
28; 7865;       7 
28; 8065;       7 
28; 8265;      14 
28; 8465;      19 
28; 8665;      13 
28; 8865;       9 
28; 9065;      11 
28; 9265;      10 
28; 9465;      10 
28; 9665;      14 
28; 9865;       9 
29; 0064;      14 
29; 0264;       8 
29; 0464;      11 
29; 0664;       6 
29; 0864;      13 
29; 1064;      12 
29; 1264;      13 
29; 1464;      16 
29; 1664;       6 
29; 1864;       6 
29; 2064;      10 
29; 2263;       8 
29; 2463;       9 
29; 2663;      14 
29; 2863;      19 
29; 3063;      10 
29; 3263;      10 
29; 3463;      11 
29; 3663;       6 
29; 3863;       9 
29; 4063;       9 
29; 4262;       9 
29; 4462;       9 
29; 4662;       8 
29; 4862;       8 
29; 5062;       9 
29; 5262;      14 
29; 5462;       7 
29; 5662;      11 
29; 5862;      10 
29; 6062;       9 
29; 6262;       9 
29; 6461;       9 
29; 6661;       8 
29; 6861;       8 
29; 7061;       3 
29; 7261;      11 
29; 7461;      10 
29; 7661;       7 
29; 7861;       5 
29; 8061;       6 
29; 8261;       3 
29; 8461;       8 
29; 8660;       6 
29; 8860;      15 
29; 9060;      11 
29; 9260;      10 
29; 9460;       4 
29; 9660;       7 
29; 9860;       4 
30; 0060;      11 
30; 0260;       8 
30; 0460;       8 
30; 0659;      11 
30; 0859;       9 
30; 1059;      10 
30; 1259;      16 
30; 1459;      11 
30; 1659;       8 
30; 1859;       9 
30; 2059;      10 
30; 2259;       5 
30; 2459;      12 
30; 2659;      10 
30; 2858;       5 
30; 3058;       4 
30; 3258;       3 
30; 3458;       8 
30; 3658;       8 
30; 3858;      13 
30; 4058;       8 
30; 4258;       5 
30; 4458;      15 
30; 4658;       6 
30; 4858;       4 
30; 5057;      12 
30; 5257;       6 
30; 5457;      10 
30; 5657;       2 
30; 5857;       8 
30; 6057;       6 
30; 6257;       6 
30; 6457;       6 
30; 6657;       5 
30; 6857;       5 
30; 7057;       7 
30; 7256;       7 
30; 7456;      12 
30; 7656;       8 
30; 7856;       5 
30; 8056;       6 
30; 8256;       4 
30; 8456;       9 
30; 8656;       5 
30; 8856;       7 
30; 9056;      11 
30; 9255;       6 
30; 9455;       7 
30; 9655;       6 
30; 9855;       4 
31; 0055;       7 
31; 0255;       8 
31; 0455;       5 
31; 0655;       4 
31; 0855;       8 
31; 1055;       4 
31; 1255;       3 
31; 1454;       2 
31; 1654;       5 
31; 1854;       8 
31; 2054;       5 
31; 2254;       4 
31; 2454;       4 
31; 2654;       5 
31; 2854;       8 
31; 3054;       7 
31; 3254;       8 
31; 3454;       9 
31; 3653;       2 
31; 3853;       1 
31; 4053;       5 
31; 4253;       2 
31; 4453;       7 
31; 4653;       8 
31; 4853;       2 
31; 5053;       6 
31; 5253;       3 
31; 5453;       6 
31; 5652;       0 
31; 5852;      13 
31; 6052;       6 
31; 6252;      11 
31; 6452;      11 
31; 6652;       4 
31; 6852;       6 
31; 7052;       3 
31; 7252;       3 
31; 7452;       6 
31; 7652;       3 
31; 7851;       5 
31; 8051;       4 
31; 8251;       7 
31; 8451;       7 
31; 8651;       4 
31; 8851;       4 
31; 9051;       5 
31; 9251;       3 
31; 9451;       4 
31; 9651;       7 
31; 9851;       6 
32; 0050;       5 
32; 0250;       8 
32; 0450;       3 
32; 0650;       4 
32; 0850;       5 
32; 1050;       5 
32; 1250;       7 
32; 1450;       4 
32; 1650;       5 
32; 1850;       6 
32; 2050;       1 
32; 2249;       2 
32; 2449;       4 
32; 2649;       3 
32; 2849;       4 
32; 3049;       4 
32; 3249;       6 
32; 3449;       3 
32; 3649;       3 
32; 3849;       2 
32; 4049;       7 
32; 4248;       7 
32; 4448;       2 
32; 4648;       5 
32; 4848;       3 
32; 5048;       4 
32; 5248;       6 
32; 5448;       3 
32; 5648;       2 
32; 5848;       3 
32; 6048;       7 
32; 6248;       4 
32; 6447;       1 
32; 6647;       6 
32; 6847;       3 
32; 7047;       6 
32; 7247;       6 
32; 7447;       5 
32; 7647;       3 
32; 7847;       7 
32; 8047;       3 
32; 8247;       4 
32; 8447;       6 
32; 8646;       2 
32; 8846;       6 
32; 9046;       3 
32; 9246;       6 
32; 9446;       1 
32; 9646;       4 
32; 9846;       2 
33; 0046;       5 
33; 0246;       1 
33; 0446;       1 
33; 0645;       3 
33; 0845;       6 
33; 1045;       4 
33; 1245;       1 
33; 1445;       2 
33; 1645;       8 
33; 1845;       4 
33; 2045;       4 
33; 2245;       2 
33; 2445;       4 
33; 2645;       6 
33; 2844;       0 
33; 3044;       5 
33; 3244;       4 
33; 3444;       4 
33; 3644;       4 
33; 3844;       3 
33; 4044;       1 
33; 4244;       4 
33; 4444;       1 
33; 4644;       5 
33; 4844;       3 
33; 5043;       6 
33; 5243;       2 
33; 5443;       5 
33; 5643;       3 
33; 5843;       3 
33; 6043;       5 
33; 6243;       5 
33; 6443;       3 
33; 6643;       3 
33; 6843;       6 
33; 7042;       1 
33; 7242;       3 
33; 7442;       3 
33; 7642;       1 
33; 7842;       2 
33; 8042;       4 
33; 8242;       6 
33; 8442;       2 
33; 8642;       2 
33; 8842;       2 
33; 9042;       5 
33; 9241;       8 
33; 9441;       8 
33; 9641;       4 
33; 9841;       3 
34; 0041;       3 
34; 0241;       3 
34; 0441;       1 
34; 0641;       0 
34; 0841;       8 
34; 1041;       3 
34; 1241;       2 
34; 1440;       5 
34; 1640;       1 
34; 1840;       4 
34; 2040;       3 
34; 2240;       4 
34; 2440;       2 
34; 2640;       6 
34; 2840;       2 
34; 3040;       3 
34; 3240;       0 
34; 3440;       1 
34; 3639;       3 
34; 3839;       6 
34; 4039;       0 
34; 4239;       2 
34; 4439;       5 
34; 4639;       1 
34; 4839;       1 
34; 5039;       1 
34; 5239;       0 
34; 5439;       3 
34; 5638;       0 
34; 5838;       3 
34; 6038;       0 
34; 6238;       0 
34; 6438;       1 
34; 6638;       1 
34; 6838;       2 
34; 7038;       3 
34; 7238;       2 
34; 7438;       1 
34; 7638;       0 
34; 7837;       4 
34; 8037;       3 
34; 8237;       3 
34; 8437;       1 
34; 8637;       2 
34; 8837;       0 
34; 9037;       2 
34; 9237;       2 
34; 9437;       0 
34; 9637;       2 
34; 9837;       1 
35; 0036;       1 
35; 0236;       2 
35; 0436;       2 
35; 0636;       2 
35; 0836;       2 
35; 1036;       0 
35; 1236;       0 
35; 1436;       3 
35; 1636;       2 
35; 1836;       0 
35; 2035;       0 
35; 2235;       0 
35; 2435;       1 
35; 2635;       0 
35; 2835;       2 
35; 3035;       1 
35; 3235;       1 
35; 3435;       1 
35; 3635;       3 
35; 3835;       2 
35; 4035;       0 
35; 4234;       1 
35; 4434;       1 
35; 4634;       3 
35; 4834;       0 
35; 5034;       1 
35; 5234;       1 
35; 5434;       1 
35; 5634;       1 
35; 5834;       0 
35; 6034;       5 
35; 6234;       0 
35; 6433;       0 
35; 6633;       1 
35; 6833;       0 
35; 7033;       1 
35; 7233;       1 
35; 7433;       1 
35; 7633;       2 
35; 7833;       1 
35; 8033;       3 
35; 8233;       0 
35; 8433;       1 
35; 8632;       2 
35; 8832;       0 
35; 9032;       4 
35; 9232;       2 
35; 9432;       0 
35; 9632;       0 
35; 9832;       0 
36; 0032;       2 
36; 0232;       1 
36; 0432;       1 
36; 0631;       2 
36; 0831;       0 
36; 1031;       0 
36; 1231;       2 
36; 1431;       2 
36; 1631;       1 
36; 1831;       2 
36; 2031;       0 
36; 2231;       1 
36; 2431;       1 
36; 2631;       2 
36; 2830;       1 
36; 3030;       2 
36; 3230;       0 
36; 3430;       0 
36; 3630;       1 
36; 3830;       0 
36; 4030;       1 
36; 4230;       1 
36; 4430;       3 
36; 4630;       1 
36; 4830;       1 
36; 5029;       2 
36; 5229;       1 
36; 5429;       1 
36; 5629;       1 
36; 5829;       1 
36; 6029;       1 
36; 6229;       2 
36; 6429;       3 
36; 6629;       2 
36; 6829;       1 
36; 7028;       1 
36; 7228;       3 
36; 7428;       0 
36; 7628;       0 
36; 7828;       0 
36; 8028;       2 
36; 8228;       1 
36; 8428;       0 
36; 8628;       0 
36; 8828;       0 
36; 9028;       2 
36; 9227;       1 
36; 9427;       0 
36; 9627;       1 
36; 9827;       1 
37; 0027;       0 
37; 0227;       1 
37; 0427;       0 
37; 0627;       0 
37; 0827;       1 
37; 1027;       0 
37; 1227;       1 
37; 1426;       0 
37; 1626;       0 
37; 1826;       1 
37; 2026;       1 
37; 2226;       2 
37; 2426;       2 
37; 2626;       1 
37; 2826;       1 
37; 3026;       0 
37; 3226;       0 
37; 3425;       1 
37; 3625;       1 
37; 3825;       1 
37; 4025;       1 
37; 4225;       1 
37; 4425;       1 
37; 4625;       1 
37; 4825;       1 
37; 5025;       0 
37; 5225;       1 
37; 5425;       0 
37; 5624;       0 
37; 5824;       4 
37; 6024;       0 
37; 6224;       0 
37; 6424;       0 
37; 6624;       1 
37; 6824;       1 
37; 7024;       1 
37; 7224;       0 
37; 7424;       3 
37; 7624;       1 
37; 7823;       0 
37; 8023;       0 
37; 8223;       2 
37; 8423;       1 
37; 8623;       0 
37; 8823;       1 
37; 9023;       0 
37; 9223;       0 
37; 9423;       3 
37; 9623;       0 
37; 9823;       2 
38; 0022;       0 
38; 0222;       0 
38; 0422;       0 
38; 0622;       1 
38; 0822;       0 
38; 1022;       0 
38; 1222;       0 
38; 1422;       0 
38; 1622;       0 
38; 1822;       0 
38; 2021;       0 
38; 2221;       0 
38; 2421;       0 
38; 2621;       1 
38; 2821;       1 
38; 3021;       0 
38; 3221;       0 
38; 3421;       0 
38; 3621;       2 
38; 3821;       0 
38; 4021;       0 
38; 4220;       1 
38; 4420;       1 
38; 4620;       1 
38; 4820;       0 
38; 5020;       0 
38; 5220;       0 
38; 5420;       0 
38; 5620;       1 
38; 5820;       0 
38; 6020;       0 
38; 6220;       0 
38; 6419;       1 
38; 6619;       0 
38; 6819;       0 
38; 7019;       0 
38; 7219;       0 
38; 7419;       2 
38; 7619;       0 
38; 7819;       0 
38; 8019;       0 
38; 8219;       0 
38; 8418;       0 
38; 8618;       0 
38; 8818;       0 
38; 9018;       1 
38; 9218;       1 
38; 9418;       0 
38; 9618;       1 
38; 9818;       1 
39; 0018;       0 
39; 0218;       0 
39; 0418;       1 
39; 0617;       0 
39; 0817;       0 
39; 1017;       1 
39; 1217;       0 
39; 1417;       0 
39; 1617;       1 
39; 1817;       0 
39; 2017;       1 
39; 2217;       0 
39; 2417;       0 
39; 2617;       0 
39; 2816;       0 
39; 3016;       1 
39; 3216;       0 
39; 3416;       1 
39; 3616;       2 
39; 3816;       0 
39; 4016;       0 
39; 4216;       0 
39; 4416;       0 
39; 4616;       0 
39; 4815;       0 
39; 5015;       0 
39; 5215;       1 
39; 5415;       0 
39; 5615;       0 
39; 5815;       0 
39; 6015;       0 
39; 6215;       0 
39; 6415;       0 
39; 6615;       0 
39; 6815;       1 
39; 7014;       0 
39; 7214;       0 
39; 7414;       0 
39; 7614;       0 
39; 7814;       0 
39; 8014;       0 
39; 8214;       0 
39; 8414;       1 
39; 8614;       1 
39; 8814;       1 
39; 9014;       0 
39; 9213;       0 
39; 9413;       1 
39; 9613;       0 
39; 9813;       0 
40; 0013;       0 
40; 0213;       0 
40; 0413;       0 
40; 0613;       0 
40; 0813;       0 
40; 1013;       0 
40; 1213;       0 
40; 1412;       0 
40; 1612;       0 
40; 1812;       0 
40; 2012;       0 
40; 2212;       1 
40; 2412;       0 
40; 2612;       0 
40; 2812;       0 
40; 3012;       0 
40; 3212;       0 
40; 3411;       0 
40; 3611;       0 
40; 3811;       0 
40; 4011;       0 
40; 4211;       0 
40; 4411;       0 
40; 4611;       0 
40; 4811;       0 
40; 5011;       0 
40; 5211;       0 
40; 5411;       0 
40; 5610;       0 
40; 5810;       0 
40; 6010;       1 
40; 6210;       0 
40; 6410;       1 
40; 6610;       0 
40; 6810;       0 
40; 7010;       0 
40; 7210;       0 
40; 7410;       0 
40; 7610;       0 
40; 7809;       0 
40; 8009;       0 
40; 8209;       2 
40; 8409;       0 
40; 8609;       0 
40; 8809;       0 
40; 9009;       1 
40; 9209;       1 
