0; 0000;     219 
0; 0200;     182 
0; 0399;     149 
0; 0599;      94 
0; 0799;      60 
0; 0999;      31 
0; 1198;      11 
0; 1398;       3 
0; 1598;       1 
0; 1798;       2 
0; 1997;       0 
0; 2197;       0 
0; 2397;       0 
0; 2597;       0 
0; 2796;       0 
0; 2996;       2 
0; 3196;       0 
0; 3396;       0 
0; 3595;       0 
0; 3795;       1 
0; 3995;       0 
0; 4195;       0 
0; 4394;       0 
0; 4594;       0 
0; 4794;       0 
0; 4993;       0 
0; 5193;       1 
0; 5393;       4 
0; 5593;       7 
0; 5792;      23 
0; 5992;      58 
0; 6192;     104 
0; 6392;     169 
0; 6591;     207 
0; 6791;     203 
0; 6991;     230 
0; 7191;     215 
0; 7390;     200 
0; 7590;     212 
0; 7790;     213 
0; 7990;     205 
0; 8189;     201 
0; 8389;     180 
0; 8589;     180 
0; 8789;     178 
0; 8988;     164 
0; 9188;     170 
0; 9388;     172 
0; 9588;     165 
0; 9787;     163 
0; 9987;     179 
1; 0187;     142 
1; 0386;     177 
1; 0586;     169 
1; 0786;     164 
1; 0986;     179 
1; 1185;     158 
1; 1385;     178 
1; 1585;     155 
1; 1785;     151 
1; 1984;     147 
1; 2184;     132 
1; 2384;     153 
1; 2584;     149 
1; 2783;     136 
1; 2983;     121 
1; 3183;     149 
1; 3383;     130 
1; 3582;     117 
1; 3782;     143 
1; 3982;     136 
1; 4182;     132 
1; 4381;     162 
1; 4581;     135 
1; 4781;     153 
1; 4980;     158 
1; 5180;     144 
1; 5380;     124 
1; 5580;     135 
1; 5779;     152 
1; 5979;     144 
1; 6179;     137 
1; 6379;     136 
1; 6578;     147 
1; 6778;     115 
1; 6978;     171 
1; 7178;     171 
1; 7377;     139 
1; 7577;     153 
1; 7777;     158 
1; 7977;     132 
1; 8176;     135 
1; 8376;     163 
1; 8576;     130 
1; 8776;     139 
1; 8975;     159 
1; 9175;     146 
1; 9375;     144 
1; 9575;     144 
1; 9774;     144 
1; 9974;     159 
2; 0174;     173 
2; 0373;     178 
2; 0573;     133 
2; 0773;     166 
2; 0973;     130 
2; 1172;     149 
2; 1372;     164 
2; 1572;     154 
2; 1772;     151 
2; 1971;     148 
2; 2171;     188 
2; 2371;     197 
2; 2571;     181 
2; 2770;     176 
2; 2970;     224 
2; 3170;     222 
2; 3370;     222 
2; 3569;     189 
2; 3769;     185 
2; 3969;     192 
2; 4169;     217 
2; 4368;     215 
2; 4568;     197 
2; 4768;     218 
2; 4967;     214 
2; 5167;     251 
2; 5367;     279 
2; 5567;     328 
2; 5766;     432 
2; 5966;     472 
2; 6166;     588 
2; 6366;     703 
2; 6565;     819 
2; 6765;     843 
2; 6965;     834 
2; 7165;     767 
2; 7364;     823 
2; 7564;     789 
2; 7764;     765 
2; 7964;     768 
2; 8163;     700 
2; 8363;     747 
2; 8563;     785 
2; 8763;     736 
2; 8962;     716 
2; 9162;     695 
2; 9362;     710 
2; 9562;     705 
2; 9761;     619 
2; 9961;     561 
3; 0161;     487 
3; 0360;     443 
3; 0560;     329 
3; 0760;     320 
3; 0960;     270 
3; 1159;     278 
3; 1359;     258 
3; 1559;     258 
3; 1759;     254 
3; 1958;     247 
3; 2158;     252 
3; 2358;     251 
3; 2558;     251 
3; 2757;     287 
3; 2957;     284 
3; 3157;     234 
3; 3357;     248 
3; 3556;     272 
3; 3756;     240 
3; 3956;     234 
3; 4156;     223 
3; 4355;     212 
3; 4555;     212 
3; 4755;     210 
3; 4954;     203 
3; 5154;     190 
3; 5354;     233 
3; 5554;     255 
3; 5753;     238 
3; 5953;     262 
3; 6153;     321 
3; 6353;     339 
3; 6552;     374 
3; 6752;     388 
3; 6952;     388 
3; 7152;     349 
3; 7351;     350 
3; 7551;     315 
3; 7751;     314 
3; 7951;     255 
3; 8150;     233 
3; 8350;     224 
3; 8550;     235 
3; 8750;     233 
3; 8949;     205 
3; 9149;     260 
3; 9349;     225 
3; 9549;     226 
3; 9748;     218 
3; 9948;     257 
4; 0148;     259 
4; 0347;     259 
4; 0547;     293 
4; 0747;     249 
4; 0947;     232 
4; 1146;     225 
4; 1346;     223 
4; 1546;     235 
4; 1746;     240 
4; 1945;     213 
4; 2145;     261 
4; 2345;     235 
4; 2545;     236 
4; 2744;     261 
4; 2944;     249 
4; 3144;     245 
4; 3344;     285 
4; 3543;     259 
4; 3743;     278 
4; 3943;     284 
4; 4143;     283 
4; 4342;     317 
4; 4542;     302 
4; 4742;     336 
4; 4941;     370 
4; 5141;     357 
4; 5341;     376 
4; 5541;     348 
4; 5740;     364 
4; 5940;     316 
4; 6140;     337 
4; 6340;     325 
4; 6539;     318 
4; 6739;     308 
4; 6939;     325 
4; 7139;     274 
4; 7338;     317 
4; 7538;     292 
4; 7738;     326 
4; 7938;     302 
4; 8137;     291 
4; 8337;     342 
4; 8537;     289 
4; 8737;     324 
4; 8936;     295 
4; 9136;     326 
4; 9336;     312 
4; 9535;     310 
4; 9735;     316 
4; 9935;     312 
5; 0135;     324 
5; 0334;     326 
5; 0534;     336 
5; 0734;     310 
5; 0934;     345 
5; 1133;     307 
5; 1333;     361 
5; 1533;     342 
5; 1733;     360 
5; 1932;     341 
5; 2132;     356 
5; 2332;     337 
5; 2532;     375 
5; 2731;     380 
5; 2931;     372 
5; 3131;     379 
5; 3331;     407 
5; 3530;     409 
5; 3730;     387 
5; 3930;     401 
5; 4130;     413 
5; 4329;     388 
5; 4529;     427 
5; 4729;     416 
5; 4928;     404 
5; 5128;     379 
5; 5328;     429 
5; 5528;     420 
5; 5727;     418 
5; 5927;     403 
5; 6127;     394 
5; 6327;     396 
5; 6526;     411 
5; 6726;     402 
5; 6926;     419 
5; 7126;     429 
5; 7325;     430 
5; 7525;     403 
5; 7725;     408 
5; 7925;     398 
5; 8124;     406 
5; 8324;     441 
5; 8524;     450 
5; 8724;     447 
5; 8923;     455 
5; 9123;     463 
5; 9323;     460 
5; 9522;     471 
5; 9722;     428 
5; 9922;     492 
6; 0122;     448 
6; 0321;     432 
6; 0521;     485 
6; 0721;     506 
6; 0921;     532 
6; 1120;     580 
6; 1320;     576 
6; 1520;     575 
6; 1720;     672 
6; 1919;     717 
6; 2119;     875 
6; 2319;     962 
6; 2519;    1189 
6; 2718;    1350 
6; 2918;    1582 
6; 3118;    1717 
6; 3318;    2011 
6; 3517;    2147 
6; 3717;    2255 
6; 3917;    2343 
6; 4117;    2288 
6; 4316;    2138 
6; 4516;    1889 
6; 4716;    1631 
6; 4915;    1344 
6; 5115;    1235 
6; 5315;    1038 
6; 5515;     832 
6; 5714;     790 
6; 5914;     745 
6; 6114;     696 
6; 6314;     668 
6; 6513;     621 
6; 6713;     635 
6; 6913;     676 
6; 7113;     642 
6; 7312;     661 
6; 7512;     700 
6; 7712;     661 
6; 7912;     659 
6; 8111;     688 
6; 8311;     639 
6; 8511;     746 
6; 8711;     721 
6; 8910;     728 
6; 9110;     813 
6; 9310;     806 
6; 9509;     797 
6; 9709;     793 
6; 9909;     867 
7; 0109;     880 
7; 0308;     928 
7; 0508;     978 
7; 0708;     933 
7; 0908;     890 
7; 1107;     869 
7; 1307;     907 
7; 1507;     893 
7; 1707;     828 
7; 1906;     815 
7; 2106;     830 
7; 2306;     805 
7; 2506;     803 
7; 2705;     832 
7; 2905;     877 
7; 3105;     953 
7; 3305;    1016 
7; 3504;    1007 
7; 3704;    1085 
7; 3904;    1265 
7; 4104;    1286 
7; 4303;    1509 
7; 4503;    1479 
7; 4703;    1527 
7; 4902;    1513 
7; 5102;    1520 
7; 5302;    1463 
7; 5502;    1348 
7; 5701;    1326 
7; 5901;    1348 
7; 6101;    1296 
7; 6301;    1297 
7; 6500;    1329 
7; 6700;    1343 
7; 6900;    1478 
7; 7100;    1573 
7; 7299;    1774 
7; 7499;    2120 
7; 7699;    2466 
7; 7899;    3502 
7; 8098;    5152 
7; 8298;    8469 
7; 8498;   13671 
7; 8698;   22030 
7; 8897;   34521 
7; 9097;   52789 
7; 9297;   74946 
7; 9496;  101211 
7; 9696;  130317 
7; 9896;  158033 
8; 0096;  180490 
8; 0295;  196401 
8; 0495;  199550 
8; 0695;  191132 
8; 0895;  173864 
8; 1094;  148390 
8; 1294;  120170 
8; 1494;   90997 
8; 1694;   65518 
8; 1893;   44552 
8; 2093;   29364 
8; 2293;   18006 
8; 2493;   10726 
8; 2692;    6666 
8; 2892;    4060 
8; 3092;    2572 
8; 3292;    1895 
8; 3491;    1513 
8; 3691;    1250 
8; 3891;    1101 
8; 4090;    1045 
8; 4290;    1023 
8; 4490;    1011 
8; 4690;    1024 
8; 4889;    1027 
8; 5089;    1036 
8; 5289;    1085 
8; 5489;    1164 
8; 5688;    1194 
8; 5888;    1303 
8; 6088;    1330 
8; 6288;    1478 
8; 6487;    1746 
8; 6687;    1875 
8; 6887;    2460 
8; 7087;    3231 
8; 7286;    4506 
8; 7486;    6186 
8; 7686;    8488 
8; 7886;   11863 
8; 8085;   15312 
8; 8285;   19593 
8; 8485;   23507 
8; 8685;   26806 
8; 8884;   29294 
8; 9084;   30220 
8; 9284;   29230 
8; 9483;   27143 
8; 9683;   23820 
8; 9883;   19683 
9; 0083;   15256 
9; 0282;   11528 
9; 0482;    8454 
9; 0682;    5492 
9; 0882;    3557 
9; 1081;    2198 
9; 1281;    1340 
9; 1481;     889 
9; 1681;     629 
9; 1880;     418 
9; 2080;     315 
9; 2280;     286 
9; 2480;     259 
9; 2679;     246 
9; 2879;     251 
9; 3079;     237 
9; 3279;     196 
9; 3478;     226 
9; 3678;     213 
9; 3878;     226 
9; 4077;     225 
9; 4277;     196 
9; 4477;     207 
9; 4677;     212 
9; 4876;     195 
9; 5076;     198 
9; 5276;     220 
9; 5476;     204 
9; 5675;     193 
9; 5875;     194 
9; 6075;     220 
9; 6275;     210 
9; 6474;     199 
9; 6674;     198 
9; 6874;     200 
9; 7074;     181 
9; 7273;     203 
9; 7473;     183 
9; 7673;     182 
9; 7873;     168 
9; 8072;     185 
9; 8272;     174 
9; 8472;     174 
9; 8672;     163 
9; 8871;     155 
9; 9071;     167 
9; 9271;     169 
9; 9470;     164 
9; 9670;     181 
9; 9870;     181 
10; 0070;     160 
10; 0269;     168 
10; 0469;     156 
10; 0669;     164 
10; 0869;     164 
10; 1068;     179 
10; 1268;     157 
10; 1468;     157 
10; 1668;     158 
10; 1867;     141 
10; 2067;     137 
10; 2267;     134 
10; 2467;     137 
10; 2666;     169 
10; 2866;     150 
10; 3066;     153 
10; 3266;     121 
10; 3465;     130 
10; 3665;     137 
10; 3865;     152 
10; 4064;     146 
10; 4264;     145 
10; 4464;     166 
10; 4664;     132 
10; 4863;     142 
10; 5063;     138 
10; 5263;     158 
10; 5463;     146 
10; 5662;     161 
10; 5862;     180 
10; 6062;     130 
10; 6262;     154 
10; 6461;     165 
10; 6661;     167 
10; 6861;     163 
10; 7061;     159 
10; 7260;     143 
10; 7460;     156 
10; 7660;     188 
10; 7860;     155 
10; 8059;     151 
10; 8259;     168 
10; 8459;     177 
10; 8659;     185 
10; 8858;     160 
10; 9058;     167 
10; 9258;     182 
10; 9457;     144 
10; 9657;     172 
10; 9857;     166 
11; 0057;     152 
11; 0256;     152 
11; 0456;     154 
11; 0656;     171 
11; 0856;     158 
11; 1055;     149 
11; 1255;     131 
11; 1455;     144 
11; 1655;     155 
11; 1854;     139 
11; 2054;     131 
11; 2254;     182 
11; 2454;     163 
11; 2653;     143 
11; 2853;     171 
11; 3053;     160 
11; 3253;     165 
11; 3452;     150 
11; 3652;     143 
11; 3852;     137 
11; 4051;     131 
11; 4251;     136 
11; 4451;     143 
11; 4651;     121 
11; 4850;     134 
11; 5050;     112 
11; 5250;     119 
11; 5450;     125 
11; 5649;     130 
11; 5849;     145 
11; 6049;     141 
11; 6249;     146 
11; 6448;     130 
11; 6648;     134 
11; 6848;     132 
11; 7048;     124 
11; 7247;     135 
11; 7447;     140 
11; 7647;     138 
11; 7847;     128 
11; 8046;     141 
11; 8246;     129 
11; 8446;     153 
11; 8646;     145 
11; 8845;     147 
11; 9045;     102 
11; 9245;     140 
11; 9444;     123 
11; 9644;     132 
11; 9844;     116 
12; 0044;     115 
12; 0243;     100 
12; 0443;     120 
12; 0643;     129 
12; 0843;     110 
12; 1042;     104 
12; 1242;     114 
12; 1442;     107 
12; 1642;     122 
12; 1841;     103 
12; 2041;     116 
12; 2241;     112 
12; 2441;     114 
12; 2640;     116 
12; 2840;     101 
12; 3040;     114 
12; 3240;      96 
12; 3439;     123 
12; 3639;      97 
12; 3839;     110 
12; 4038;     115 
12; 4238;      96 
12; 4438;     109 
12; 4638;      98 
12; 4837;     108 
12; 5037;     107 
12; 5237;     124 
12; 5437;     101 
12; 5636;     122 
12; 5836;      97 
12; 6036;     110 
12; 6236;     120 
12; 6435;     139 
12; 6635;     125 
12; 6835;     114 
12; 7035;     105 
12; 7234;     119 
12; 7434;     104 
12; 7634;      99 
12; 7834;     109 
12; 8033;      90 
12; 8233;     103 
12; 8433;      96 
12; 8632;     100 
12; 8832;     104 
12; 9032;     101 
12; 9232;     110 
12; 9431;     104 
12; 9631;     113 
12; 9831;     108 
13; 0031;     106 
13; 0230;     110 
13; 0430;      86 
13; 0630;     105 
13; 0830;     105 
13; 1029;      85 
13; 1229;      97 
13; 1429;      84 
13; 1629;     106 
13; 1828;     106 
13; 2028;     108 
13; 2228;     126 
13; 2428;     120 
13; 2627;      99 
13; 2827;     102 
13; 3027;      97 
13; 3227;      98 
13; 3426;     110 
13; 3626;     112 
13; 3826;      94 
13; 4025;     103 
13; 4225;      96 
13; 4425;     109 
13; 4625;      95 
13; 4824;      95 
13; 5024;      96 
13; 5224;     102 
13; 5424;     101 
13; 5623;     100 
13; 5823;     113 
13; 6023;     101 
13; 6223;     127 
13; 6422;      96 
13; 6622;     116 
13; 6822;     110 
13; 7022;     104 
13; 7221;     109 
13; 7421;      87 
13; 7621;      95 
13; 7821;     109 
13; 8020;      86 
13; 8220;      94 
13; 8420;      78 
13; 8619;      91 
13; 8819;      95 
13; 9019;      87 
13; 9219;      89 
13; 9418;      88 
13; 9618;     101 
13; 9818;      99 
14; 0018;      98 
14; 0217;     109 
14; 0417;      94 
14; 0617;      89 
14; 0817;     101 
14; 1016;     107 
14; 1216;      95 
14; 1416;     108 
14; 1616;     114 
14; 1815;     103 
14; 2015;      90 
14; 2215;     101 
14; 2415;     113 
14; 2614;     108 
14; 2814;     125 
14; 3014;     127 
14; 3214;     111 
14; 3413;     142 
14; 3613;     143 
14; 3813;     135 
14; 4012;     144 
14; 4212;     152 
14; 4412;     147 
14; 4612;     175 
14; 4811;     145 
14; 5011;     123 
14; 5211;     141 
14; 5411;     135 
14; 5610;     114 
14; 5810;     119 
14; 6010;     128 
14; 6210;     108 
14; 6409;     121 
14; 6609;      95 
14; 6809;     108 
14; 7009;      94 
14; 7208;      98 
14; 7408;     106 
14; 7608;     107 
14; 7808;     100 
14; 8007;     120 
14; 8207;      95 
14; 8407;     101 
14; 8606;      97 
14; 8806;      95 
14; 9006;      99 
14; 9206;      85 
14; 9405;     103 
14; 9605;     107 
14; 9805;     100 
15; 0005;     113 
15; 0204;     102 
15; 0404;     117 
15; 0604;     114 
15; 0804;     111 
15; 1003;     120 
15; 1203;      97 
15; 1403;     106 
15; 1603;     120 
15; 1802;      89 
15; 2002;     103 
15; 2202;     112 
15; 2402;      91 
15; 2601;     124 
15; 2801;     104 
15; 3001;     111 
15; 3201;     110 
15; 3400;     105 
15; 3600;     101 
15; 3800;     134 
15; 3999;     113 
15; 4199;     119 
15; 4399;     117 
15; 4599;     115 
15; 4798;     100 
15; 4998;     117 
15; 5198;     121 
15; 5398;     128 
15; 5597;     112 
15; 5797;     110 
15; 5997;     135 
15; 6197;     110 
15; 6396;     143 
15; 6596;     124 
15; 6796;     104 
15; 6996;     126 
15; 7195;     120 
15; 7395;     124 
15; 7595;     130 
15; 7795;     154 
15; 7994;     171 
15; 8194;     167 
15; 8394;     207 
15; 8593;     265 
15; 8793;     345 
15; 8993;     418 
15; 9193;     606 
15; 9392;     766 
15; 9592;    1066 
15; 9792;    1366 
15; 9992;    1726 
16; 0191;    2026 
16; 0391;    2405 
16; 0591;    2732 
16; 0791;    3019 
16; 0990;    3095 
16; 1190;    3171 
16; 1390;    3089 
16; 1590;    2903 
16; 1789;    2637 
16; 1989;    2283 
16; 2189;    1914 
16; 2389;    1562 
16; 2588;    1256 
16; 2788;     973 
16; 2988;     754 
16; 3187;     561 
16; 3387;     373 
16; 3587;     270 
16; 3787;     219 
16; 3986;     175 
16; 4186;     151 
16; 4386;     145 
16; 4586;     112 
16; 4785;     108 
16; 4985;     107 
16; 5185;      83 
16; 5385;      97 
16; 5584;     101 
16; 5784;      99 
16; 5984;     103 
16; 6184;     126 
16; 6383;     102 
16; 6583;     127 
16; 6783;     129 
16; 6983;     120 
16; 7182;     161 
16; 7382;     183 
16; 7582;     202 
16; 7782;     246 
16; 7981;     304 
16; 8181;     366 
16; 8381;     426 
16; 8580;     512 
16; 8780;     653 
16; 8980;     722 
16; 9180;     810 
16; 9379;     946 
16; 9579;     897 
16; 9779;     958 
16; 9979;     929 
17; 0178;     884 
17; 0378;     871 
17; 0578;     729 
17; 0778;     667 
17; 0977;     511 
17; 1177;     417 
17; 1377;     358 
17; 1577;     279 
17; 1776;     210 
17; 1976;     147 
17; 2176;     131 
17; 2376;      92 
17; 2575;      89 
17; 2775;      84 
17; 2975;      68 
17; 3174;      72 
17; 3374;      70 
17; 3574;      63 
17; 3774;      47 
17; 3973;      58 
17; 4173;      57 
17; 4373;      65 
17; 4573;      58 
17; 4772;      60 
17; 4972;      61 
17; 5172;      62 
17; 5372;      68 
17; 5571;      75 
17; 5771;      52 
17; 5971;      70 
17; 6171;      64 
17; 6370;      67 
17; 6570;      71 
17; 6770;      76 
17; 6970;      79 
17; 7169;      93 
17; 7369;     120 
17; 7569;      91 
17; 7769;     117 
17; 7968;     121 
17; 8168;     131 
17; 8368;     129 
17; 8567;     143 
17; 8767;     124 
17; 8967;     111 
17; 9167;     120 
17; 9366;     103 
17; 9566;      81 
17; 9766;      87 
17; 9966;      80 
18; 0165;      66 
18; 0365;      75 
18; 0565;      59 
18; 0765;      59 
18; 0964;      67 
18; 1164;      43 
18; 1364;      43 
18; 1564;      59 
18; 1763;      67 
18; 1963;      72 
18; 2163;      65 
18; 2363;      64 
18; 2562;      68 
18; 2762;      55 
18; 2962;      55 
18; 3161;      62 
18; 3361;      65 
18; 3561;      75 
18; 3761;      62 
18; 3960;      74 
18; 4160;      88 
18; 4360;      65 
18; 4560;      60 
18; 4759;      57 
18; 4959;      73 
18; 5159;      69 
18; 5359;      66 
18; 5558;      77 
18; 5758;      64 
18; 5958;      76 
18; 6158;      71 
18; 6357;     102 
18; 6557;     101 
18; 6757;      74 
18; 6957;      98 
18; 7156;     104 
18; 7356;      84 
18; 7556;     100 
18; 7756;     101 
18; 7955;     105 
18; 8155;      99 
18; 8355;      92 
18; 8554;     120 
18; 8754;     126 
18; 8954;     125 
18; 9154;     129 
18; 9353;     132 
18; 9553;     136 
18; 9753;     146 
18; 9953;     131 
19; 0152;     141 
19; 0352;     154 
19; 0552;     134 
19; 0752;     131 
19; 0951;     131 
19; 1151;     149 
19; 1351;     132 
19; 1551;     153 
19; 1750;     108 
19; 1950;     134 
19; 2150;     107 
19; 2350;     134 
19; 2549;     119 
19; 2749;     132 
19; 2949;      90 
19; 3148;     110 
19; 3348;     116 
19; 3548;     108 
19; 3748;      93 
19; 3947;      87 
19; 4147;      85 
19; 4347;      74 
19; 4547;      75 
19; 4746;      77 
19; 4946;      77 
19; 5146;      76 
19; 5346;      62 
19; 5545;      68 
19; 5745;      73 
19; 5945;      68 
19; 6145;      59 
19; 6344;      73 
19; 6544;      55 
19; 6744;      62 
19; 6944;      59 
19; 7143;      70 
19; 7343;      60 
19; 7543;      49 
19; 7743;      59 
19; 7942;      44 
19; 8142;      62 
19; 8342;      61 
19; 8541;      40 
19; 8741;      47 
19; 8941;      72 
19; 9141;      50 
19; 9340;      65 
19; 9540;      86 
19; 9740;     102 
19; 9940;      92 
20; 0139;     113 
20; 0339;     108 
20; 0539;     126 
20; 0739;     130 
20; 0938;     125 
20; 1138;     164 
20; 1338;     155 
20; 1538;     157 
20; 1737;     184 
20; 1937;     177 
20; 2137;     181 
20; 2337;     172 
20; 2536;     168 
20; 2736;     155 
20; 2936;     149 
20; 3135;     124 
20; 3335;     101 
20; 3535;     104 
20; 3735;      92 
20; 3934;      60 
20; 4134;      77 
20; 4334;      58 
20; 4534;      43 
20; 4733;      55 
20; 4933;      51 
20; 5133;      54 
20; 5333;      37 
20; 5532;      33 
20; 5732;      37 
20; 5932;      53 
20; 6132;      47 
20; 6331;      35 
20; 6531;      49 
20; 6731;      31 
20; 6931;      38 
20; 7130;      48 
20; 7330;      37 
20; 7530;      44 
20; 7729;      34 
20; 7929;      40 
20; 8129;      59 
20; 8329;      49 
20; 8528;      37 
20; 8728;      50 
20; 8928;      41 
20; 9128;      41 
20; 9327;      43 
20; 9527;      41 
20; 9727;      53 
20; 9927;      56 
21; 0126;      41 
21; 0326;      54 
21; 0526;      66 
21; 0726;      52 
21; 0925;      67 
21; 1125;      79 
21; 1325;      53 
21; 1525;      57 
21; 1724;      75 
21; 1924;      60 
21; 2124;      69 
21; 2324;      68 
21; 2523;      70 
21; 2723;      55 
21; 2923;      56 
21; 3122;      48 
21; 3322;      59 
21; 3522;      66 
21; 3722;      65 
21; 3921;      47 
21; 4121;      58 
21; 4321;      42 
21; 4521;      51 
21; 4720;      52 
21; 4920;      44 
21; 5120;      44 
21; 5320;      44 
21; 5519;      32 
21; 5719;      40 
21; 5919;      31 
21; 6119;      39 
21; 6318;      28 
21; 6518;      36 
21; 6718;      33 
21; 6918;      29 
21; 7117;      37 
21; 7317;      34 
21; 7517;      32 
21; 7716;      43 
21; 7916;      47 
21; 8116;      39 
21; 8316;      44 
21; 8515;      27 
21; 8715;      28 
21; 8915;      31 
21; 9115;      31 
21; 9314;      31 
21; 9514;      30 
21; 9714;      30 
21; 9914;      38 
22; 0113;      27 
22; 0313;      33 
22; 0513;      38 
22; 0713;      41 
22; 0912;      26 
22; 1112;      30 
22; 1312;      37 
22; 1512;      30 
22; 1711;      39 
22; 1911;      40 
22; 2111;      40 
22; 2311;      28 
22; 2510;      38 
22; 2710;      26 
22; 2910;      37 
22; 3109;      30 
22; 3309;      26 
22; 3509;      25 
22; 3709;      26 
22; 3908;      29 
22; 4108;      25 
22; 4308;      30 
22; 4508;      28 
22; 4707;      24 
22; 4907;      24 
22; 5107;      29 
22; 5307;      22 
22; 5506;      21 
22; 5706;      37 
22; 5906;      35 
22; 6106;      31 
22; 6305;      29 
22; 6505;      40 
22; 6705;      45 
22; 6905;      53 
22; 7104;      41 
22; 7304;      58 
22; 7504;      45 
22; 7703;      41 
22; 7903;      36 
22; 8103;      36 
22; 8303;      31 
22; 8502;      20 
22; 8702;      34 
22; 8902;      32 
22; 9102;      28 
22; 9301;      32 
22; 9501;      27 
22; 9701;      28 
22; 9901;      27 
23; 0100;      33 
23; 0300;      31 
23; 0500;      23 
23; 0700;      30 
23; 0899;      21 
23; 1099;      15 
23; 1299;      19 
23; 1499;      27 
23; 1698;      24 
23; 1898;      35 
23; 2098;      22 
23; 2298;      23 
23; 2497;      30 
23; 2697;      27 
23; 2897;      23 
23; 3096;      29 
23; 3296;      29 
23; 3496;      24 
23; 3696;      13 
23; 3895;      22 
23; 4095;      24 
23; 4295;      19 
23; 4495;      20 
23; 4694;      14 
23; 4894;      22 
23; 5094;      27 
23; 5294;      16 
23; 5493;      17 
23; 5693;      27 
23; 5893;      15 
23; 6093;      24 
23; 6292;      15 
23; 6492;      19 
23; 6692;      22 
23; 6892;      26 
23; 7091;      21 
23; 7291;      18 
23; 7491;      25 
23; 7690;      25 
23; 7890;      25 
23; 8090;      33 
23; 8290;      22 
23; 8489;      30 
23; 8689;      27 
23; 8889;      18 
23; 9089;      26 
23; 9288;      15 
23; 9488;      29 
23; 9688;      24 
23; 9888;      36 
24; 0087;      37 
24; 0287;      33 
24; 0487;      23 
24; 0687;      30 
24; 0886;      46 
24; 1086;      44 
24; 1286;      48 
24; 1486;      34 
24; 1685;      43 
24; 1885;      39 
24; 2085;      46 
24; 2285;      41 
24; 2484;      46 
24; 2684;      52 
24; 2884;      26 
24; 3083;      31 
24; 3283;      44 
24; 3483;      34 
24; 3683;      34 
24; 3882;      31 
24; 4082;      20 
24; 4282;      21 
24; 4482;      31 
24; 4681;      21 
24; 4881;      21 
24; 5081;      20 
24; 5281;      18 
24; 5480;      15 
24; 5680;      20 
24; 5880;      20 
24; 6080;      17 
24; 6279;      16 
24; 6479;      16 
24; 6679;      18 
24; 6879;      26 
24; 7078;      19 
24; 7278;      18 
24; 7478;      14 
24; 7677;      18 
24; 7877;      20 
24; 8077;      15 
24; 8277;      19 
24; 8476;      25 
24; 8676;      20 
24; 8876;      26 
24; 9076;      27 
24; 9275;      19 
24; 9475;      19 
24; 9675;      28 
24; 9875;      26 
25; 0074;      32 
25; 0274;      21 
25; 0474;      36 
25; 0674;      30 
25; 0873;      23 
25; 1073;      22 
25; 1273;      37 
25; 1473;      27 
25; 1672;      23 
25; 1872;      18 
25; 2072;      20 
25; 2271;      12 
25; 2471;      17 
25; 2671;      24 
25; 2871;      23 
25; 3070;      11 
25; 3270;      19 
25; 3470;      18 
25; 3670;      21 
25; 3869;      20 
25; 4069;      30 
25; 4269;      23 
25; 4469;      19 
25; 4668;      23 
25; 4868;      21 
25; 5068;      20 
25; 5268;       9 
25; 5467;      16 
25; 5667;      12 
25; 5867;      17 
25; 6067;      19 
25; 6266;       9 
25; 6466;      10 
25; 6666;       9 
25; 6866;      13 
25; 7065;      20 
25; 7265;      12 
25; 7465;      14 
25; 7664;      20 
25; 7864;      16 
25; 8064;      15 
25; 8264;      17 
25; 8463;      19 
25; 8663;       9 
25; 8863;      18 
25; 9063;      24 
25; 9262;      24 
25; 9462;      15 
25; 9662;      13 
25; 9862;      24 
26; 0061;      23 
26; 0261;      13 
26; 0461;      15 
26; 0661;      11 
26; 0860;      16 
26; 1060;      12 
26; 1260;      10 
26; 1460;      23 
26; 1659;      22 
26; 1859;      12 
26; 2059;       4 
26; 2258;       9 
26; 2458;      12 
26; 2658;      17 
26; 2858;      16 
26; 3057;      13 
26; 3257;       7 
26; 3457;      17 
26; 3657;      19 
26; 3856;      13 
26; 4056;      13 
26; 4256;      15 
26; 4456;      22 
26; 4655;      11 
26; 4855;      14 
26; 5055;       9 
26; 5255;      19 
26; 5454;      12 
26; 5654;      18 
26; 5854;      12 
26; 6054;      18 
26; 6253;      11 
26; 6453;      12 
26; 6653;      18 
26; 6853;      18 
26; 7052;      18 
26; 7252;      15 
26; 7452;      12 
26; 7651;      17 
26; 7851;      16 
26; 8051;      19 
26; 8251;      14 
26; 8450;       8 
26; 8650;      13 
26; 8850;      12 
26; 9050;       8 
26; 9249;      18 
26; 9449;      22 
26; 9649;       8 
26; 9849;      18 
27; 0048;      14 
27; 0248;      18 
27; 0448;      21 
27; 0648;      23 
27; 0847;      13 
27; 1047;      17 
27; 1247;      15 
27; 1447;      19 
27; 1646;      15 
27; 1846;      14 
27; 2046;      23 
27; 2245;      18 
27; 2445;      14 
27; 2645;      13 
27; 2845;      13 
27; 3044;      15 
27; 3244;      16 
27; 3444;      16 
27; 3644;      13 
27; 3843;      25 
27; 4043;      18 
27; 4243;      20 
27; 4443;      16 
27; 4642;       6 
27; 4842;       9 
27; 5042;       6 
27; 5242;      16 
27; 5441;       9 
27; 5641;      16 
27; 5841;       9 
27; 6041;      13 
27; 6240;      11 
27; 6440;      12 
27; 6640;      14 
27; 6840;      17 
27; 7039;      14 
27; 7239;       9 
27; 7439;      17 
27; 7638;      15 
27; 7838;      12 
27; 8038;      18 
27; 8238;      20 
27; 8437;       6 
27; 8637;      13 
27; 8837;       9 
27; 9037;      11 
27; 9236;       9 
27; 9436;      13 
27; 9636;      11 
27; 9836;       6 
28; 0035;      14 
28; 0235;      14 
28; 0435;      18 
28; 0635;      13 
28; 0834;      17 
28; 1034;      11 
28; 1234;      12 
28; 1434;      15 
28; 1633;      17 
28; 1833;       9 
28; 2033;      13 
28; 2232;      18 
28; 2432;      13 
28; 2632;      24 
28; 2832;      17 
28; 3031;      15 
28; 3231;      16 
28; 3431;       9 
28; 3631;      14 
28; 3830;      12 
28; 4030;      10 
28; 4230;      13 
28; 4430;      12 
28; 4629;      12 
28; 4829;       9 
28; 5029;      14 
28; 5229;      13 
28; 5428;      10 
28; 5628;       5 
28; 5828;      11 
28; 6028;      10 
28; 6227;      15 
28; 6427;       7 
28; 6627;      15 
28; 6826;      11 
28; 7026;       6 
28; 7226;      14 
28; 7426;      12 
28; 7625;       8 
28; 7825;      15 
28; 8025;       8 
28; 8225;      10 
28; 8424;      12 
28; 8624;       7 
28; 8824;      12 
28; 9024;       9 
28; 9223;      13 
28; 9423;       9 
28; 9623;       8 
28; 9823;      10 
29; 0022;       4 
29; 0222;       7 
29; 0422;      10 
29; 0622;      12 
29; 0821;       8 
29; 1021;       8 
29; 1221;      11 
29; 1421;      20 
29; 1620;      11 
29; 1820;      10 
29; 2020;      12 
29; 2219;      11 
29; 2419;       9 
29; 2619;       7 
29; 2819;      12 
29; 3018;      10 
29; 3218;       8 
29; 3418;      11 
29; 3618;      12 
29; 3817;       6 
29; 4017;       5 
29; 4217;       5 
29; 4417;      15 
29; 4616;      12 
29; 4816;       4 
29; 5016;       8 
29; 5216;      10 
29; 5415;      10 
29; 5615;      13 
29; 5815;       9 
29; 6015;       8 
29; 6214;      11 
29; 6414;      16 
29; 6614;       2 
29; 6813;       5 
29; 7013;       7 
29; 7213;       4 
29; 7413;       7 
29; 7612;      14 
29; 7812;       6 
29; 8012;       4 
29; 8212;       7 
29; 8411;       7 
29; 8611;       7 
29; 8811;      11 
29; 9011;      10 
29; 9210;       4 
29; 9410;       8 
29; 9610;      12 
29; 9810;       4 
30; 0009;       7 
30; 0209;      13 
30; 0409;      10 
30; 0609;       3 
30; 0808;       5 
30; 1008;       9 
30; 1208;       8 
30; 1408;       6 
30; 1607;       9 
30; 1807;      10 
30; 2007;      18 
30; 2206;      11 
30; 2406;       6 
30; 2606;       6 
30; 2806;       8 
30; 3005;       6 
30; 3205;       7 
30; 3405;       9 
30; 3605;      11 
30; 3804;       3 
30; 4004;      10 
30; 4204;       7 
30; 4404;      14 
30; 4603;      10 
30; 4803;       6 
30; 5003;       8 
30; 5203;      14 
30; 5402;      10 
30; 5602;       6 
30; 5802;       5 
30; 6002;       4 
30; 6201;       7 
30; 6401;       6 
30; 6601;       6 
30; 6800;       4 
30; 7000;       7 
30; 7200;       4 
30; 7400;      13 
30; 7599;       4 
30; 7799;       5 
30; 7999;      11 
30; 8199;      10 
30; 8398;       9 
30; 8598;      17 
30; 8798;       9 
30; 8998;       7 
30; 9197;       9 
30; 9397;       5 
30; 9597;       5 
30; 9797;       6 
30; 9996;       7 
31; 0196;      12 
31; 0396;       8 
31; 0596;       6 
31; 0795;       4 
31; 0995;       6 
31; 1195;       6 
31; 1395;       7 
31; 1594;       5 
31; 1794;       4 
31; 1994;       5 
31; 2193;       9 
31; 2393;       3 
31; 2593;       4 
31; 2793;       4 
31; 2992;       2 
31; 3192;       8 
31; 3392;       9 
31; 3592;       6 
31; 3791;       8 
31; 3991;       8 
31; 4191;       6 
31; 4391;       5 
31; 4590;       6 
31; 4790;       8 
31; 4990;       5 
31; 5190;       6 
31; 5389;       5 
31; 5589;       1 
31; 5789;       5 
31; 5989;       5 
31; 6188;       6 
31; 6388;       2 
31; 6588;       7 
31; 6787;       8 
31; 6987;       2 
31; 7187;       8 
31; 7387;       8 
31; 7586;      12 
31; 7786;       8 
31; 7986;       6 
31; 8186;      10 
31; 8385;       4 
31; 8585;       1 
31; 8785;       5 
31; 8985;       3 
31; 9184;       6 
31; 9384;       5 
31; 9584;       7 
31; 9784;       2 
31; 9983;       5 
32; 0183;       1 
32; 0383;       9 
32; 0583;       8 
32; 0782;       6 
32; 0982;       3 
32; 1182;       4 
32; 1382;       2 
32; 1581;       7 
32; 1781;       4 
32; 1981;       7 
32; 2180;       7 
32; 2380;       7 
32; 2580;       4 
32; 2780;       5 
32; 2979;       8 
32; 3179;       3 
32; 3379;       1 
32; 3579;       5 
32; 3778;       5 
32; 3978;       7 
32; 4178;       4 
32; 4378;       2 
32; 4577;       4 
32; 4777;       4 
32; 4977;       7 
32; 5177;       6 
32; 5376;       6 
32; 5576;       4 
32; 5776;       4 
32; 5976;       3 
32; 6175;       2 
32; 6375;       6 
32; 6575;       4 
32; 6774;       4 
32; 6974;       2 
32; 7174;       4 
32; 7374;       2 
32; 7573;       7 
32; 7773;       2 
32; 7973;       2 
32; 8173;       2 
32; 8372;       5 
32; 8572;       2 
32; 8772;       2 
32; 8972;       5 
32; 9171;       2 
32; 9371;       4 
32; 9571;       1 
32; 9771;       6 
32; 9970;       2 
33; 0170;       1 
33; 0370;       5 
33; 0570;       2 
33; 0769;       2 
33; 0969;       6 
33; 1169;       0 
33; 1368;       6 
33; 1568;       5 
33; 1768;       5 
33; 1968;       3 
33; 2167;       7 
33; 2367;       6 
33; 2567;       5 
33; 2767;       5 
33; 2966;       4 
33; 3166;       3 
33; 3366;       2 
33; 3566;       6 
33; 3765;       2 
33; 3965;       5 
33; 4165;       4 
33; 4365;       4 
33; 4564;       4 
33; 4764;       0 
33; 4964;       4 
33; 5164;       4 
33; 5363;       3 
33; 5563;       5 
33; 5763;       3 
33; 5963;       3 
33; 6162;       0 
33; 6362;       1 
33; 6562;       2 
33; 6761;       4 
33; 6961;       3 
33; 7161;       6 
33; 7361;       6 
33; 7560;       5 
33; 7760;       0 
33; 7960;       6 
33; 8160;       2 
33; 8359;       3 
33; 8559;       5 
33; 8759;       2 
33; 8959;       4 
33; 9158;       3 
33; 9358;       1 
33; 9558;       2 
33; 9758;       2 
33; 9957;       1 
34; 0157;       3 
34; 0357;       6 
34; 0557;       2 
34; 0756;       3 
34; 0956;       0 
34; 1156;       2 
34; 1355;       1 
34; 1555;       4 
34; 1755;       2 
34; 1955;       1 
34; 2154;       5 
34; 2354;       1 
34; 2554;       3 
34; 2754;       2 
34; 2953;       2 
34; 3153;       5 
34; 3353;       4 
34; 3553;       1 
34; 3752;       6 
34; 3952;       3 
34; 4152;       1 
34; 4352;       3 
34; 4551;       1 
34; 4751;       3 
34; 4951;       2 
34; 5151;       6 
34; 5350;       2 
34; 5550;       0 
34; 5750;       2 
34; 5950;       4 
34; 6149;       3 
34; 6349;       2 
34; 6549;       3 
34; 6748;       1 
34; 6948;       2 
34; 7148;       2 
34; 7348;       1 
34; 7547;       1 
34; 7747;       2 
34; 7947;       0 
34; 8147;       0 
34; 8346;       3 
34; 8546;       1 
34; 8746;       0 
34; 8946;       3 
34; 9145;       1 
34; 9345;       0 
34; 9545;       1 
34; 9745;       6 
34; 9944;       0 
35; 0144;       0 
35; 0344;       0 
35; 0544;       1 
35; 0743;       0 
35; 0943;       1 
35; 1143;       3 
35; 1342;       1 
35; 1542;       1 
35; 1742;       3 
35; 1942;       2 
35; 2141;       2 
35; 2341;       1 
35; 2541;       2 
35; 2741;       2 
35; 2940;       0 
35; 3140;       3 
35; 3340;       2 
35; 3540;       1 
35; 3739;       0 
35; 3939;       0 
35; 4139;       1 
35; 4339;       2 
35; 4538;       0 
35; 4738;       3 
35; 4938;       2 
35; 5138;       1 
35; 5337;       2 
35; 5537;       0 
35; 5737;       1 
35; 5937;       1 
35; 6136;       2 
35; 6336;       1 
35; 6536;       0 
35; 6735;       0 
35; 6935;       2 
35; 7135;       0 
35; 7335;       1 
35; 7534;       0 
35; 7734;       0 
35; 7934;       0 
35; 8134;       1 
35; 8333;       0 
35; 8533;       0 
35; 8733;       0 
35; 8933;       1 
35; 9132;       3 
35; 9332;       1 
35; 9532;       2 
35; 9732;       1 
35; 9931;       1 
36; 0131;       0 
36; 0331;       4 
36; 0531;       1 
36; 0730;       0 
36; 0930;       1 
36; 1130;       0 
36; 1329;       1 
36; 1529;       2 
36; 1729;       2 
36; 1929;       0 
36; 2128;       1 
36; 2328;       2 
36; 2528;       2 
36; 2728;       0 
36; 2927;       1 
36; 3127;       3 
36; 3327;       2 
36; 3527;       0 
36; 3726;       0 
36; 3926;       3 
36; 4126;       1 
36; 4326;       0 
36; 4525;       1 
36; 4725;       0 
36; 4925;       0 
36; 5125;       0 
36; 5324;       0 
36; 5524;       2 
36; 5724;       0 
36; 5923;       1 
36; 6123;       1 
36; 6323;       1 
36; 6523;       1 
36; 6722;       2 
36; 6922;       1 
36; 7122;       2 
36; 7322;       1 
36; 7521;       1 
36; 7721;       2 
36; 7921;       1 
36; 8121;       0 
36; 8320;       1 
36; 8520;       2 
36; 8720;       0 
36; 8920;       1 
36; 9119;       0 
36; 9319;       0 
36; 9519;       1 
36; 9719;       0 
36; 9918;       0 
37; 0118;       1 
37; 0318;       0 
37; 0518;       1 
37; 0717;       1 
37; 0917;       1 
37; 1117;       1 
37; 1316;       2 
37; 1516;       1 
37; 1716;       2 
37; 1916;       1 
37; 2115;       0 
37; 2315;       0 
37; 2515;       2 
37; 2715;       0 
37; 2914;       1 
37; 3114;       1 
37; 3314;       1 
37; 3514;       2 
37; 3713;       0 
37; 3913;       0 
37; 4113;       1 
37; 4313;       3 
37; 4512;       1 
37; 4712;       0 
37; 4912;       1 
37; 5112;       0 
37; 5311;       0 
37; 5511;       1 
37; 5711;       1 
37; 5910;       0 
37; 6110;       1 
37; 6310;       0 
37; 6510;       1 
37; 6709;       1 
37; 6909;       0 
37; 7109;       1 
37; 7309;       0 
37; 7508;       0 
37; 7708;       1 
37; 7908;       0 
37; 8108;       1 
37; 8307;       2 
37; 8507;       1 
37; 8707;       0 
37; 8907;       0 
37; 9106;       0 
37; 9306;       1 
37; 9506;       1 
37; 9706;       0 
37; 9905;       1 
38; 0105;       1 
38; 0305;       0 
38; 0505;       0 
38; 0704;       0 
38; 0904;       0 
38; 1104;       1 
38; 1303;       1 
38; 1503;       1 
38; 1703;       0 
38; 1903;       1 
38; 2102;       0 
38; 2302;       0 
38; 2502;       0 
38; 2702;       0 
38; 2901;       1 
38; 3101;       0 
38; 3301;       0 
38; 3501;       0 
38; 3700;       0 
38; 3900;       1 
38; 4100;       1 
38; 4300;       1 
38; 4499;       1 
38; 4699;       0 
38; 4899;       0 
38; 5099;       0 
38; 5298;       0 
38; 5498;       1 
38; 5698;       1 
38; 5897;       1 
38; 6097;       0 
38; 6297;       0 
38; 6497;       0 
38; 6696;       0 
38; 6896;       0 
38; 7096;       1 
38; 7296;       0 
38; 7495;       0 
38; 7695;       0 
38; 7895;       3 
38; 8095;       0 
38; 8294;       1 
38; 8494;       0 
38; 8694;       1 
38; 8894;       1 
38; 9093;       1 
38; 9293;       0 
38; 9493;       0 
38; 9693;       0 
38; 9892;       0 
39; 0092;       2 
39; 0292;       1 
39; 0492;       0 
39; 0691;       1 
39; 0891;       0 
39; 1091;       1 
39; 1290;       0 
39; 1490;       0 
39; 1690;       0 
39; 1890;       0 
39; 2089;       0 
39; 2289;       1 
39; 2489;       0 
39; 2689;       0 
39; 2888;       1 
39; 3088;       0 
39; 3288;       0 
39; 3488;       1 
39; 3687;       0 
39; 3887;       0 
39; 4087;       0 
39; 4287;       0 
39; 4486;       0 
39; 4686;       0 
39; 4886;       0 
39; 5086;       0 
39; 5285;       0 
39; 5485;       1 
39; 5685;       0 
39; 5884;       0 
39; 6084;       0 
39; 6284;       0 
39; 6484;       0 
39; 6683;       0 
39; 6883;       0 
39; 7083;       1 
39; 7283;       0 
39; 7482;       0 
39; 7682;       1 
39; 7882;       2 
39; 8082;       0 
39; 8281;       1 
39; 8481;       0 
39; 8681;       0 
39; 8881;       0 
39; 9080;       0 
39; 9280;       0 
39; 9480;       0 
39; 9680;       0 
39; 9879;       0 
40; 0079;       1 
40; 0279;       0 
40; 0479;       0 
40; 0678;       0 
40; 0878;       0 
40; 1078;       1 
40; 1277;       0 
40; 1477;       1 
40; 1677;       1 
40; 1877;       0 
40; 2076;       0 
40; 2276;       0 
40; 2476;       1 
40; 2676;       0 
40; 2875;       0 
40; 3075;       0 
40; 3275;       1 
40; 3475;       0 
40; 3674;       0 
40; 3874;       0 
40; 4074;       0 
40; 4274;       0 
40; 4473;       0 
40; 4673;       1 
40; 4873;       0 
40; 5073;       0 
40; 5272;       0 
40; 5472;       0 
40; 5672;       1 
40; 5871;       0 
40; 6071;       0 
40; 6271;       1 
40; 6471;       0 
40; 6670;       0 
40; 6870;       1 
40; 7070;       0 
40; 7270;       0 
40; 7469;       0 
40; 7669;       0 
40; 7869;       0 
40; 8069;       0 
40; 8268;       0 
40; 8468;       0 
40; 8668;       0 
40; 8868;       0 
