0; 0000;     241 
0; 0200;     230 
0; 0400;     131 
0; 0600;     109 
0; 0800;      65 
0; 1000;      30 
0; 1201;       8 
0; 1401;       6 
0; 1601;       2 
0; 1801;       2 
0; 2001;       2 
0; 2201;       1 
0; 2401;       2 
0; 2601;       0 
0; 2801;       0 
0; 3001;       0 
0; 3201;       0 
0; 3401;       2 
0; 3602;       0 
0; 3802;       1 
0; 4002;       0 
0; 4202;       0 
0; 4402;       0 
0; 4602;       0 
0; 4802;       0 
0; 5002;       0 
0; 5202;       0 
0; 5402;       2 
0; 5602;      13 
0; 5803;      43 
0; 6003;      69 
0; 6203;     145 
0; 6403;     215 
0; 6603;     236 
0; 6803;     230 
0; 7003;     231 
0; 7203;     238 
0; 7403;     258 
0; 7603;     230 
0; 7803;     205 
0; 8003;     202 
0; 8204;     174 
0; 8404;     234 
0; 8604;     207 
0; 8804;     193 
0; 9004;     186 
0; 9204;     197 
0; 9404;     194 
0; 9604;     213 
0; 9804;     198 
1; 0004;     177 
1; 0204;     189 
1; 0405;     156 
1; 0605;     190 
1; 0805;     190 
1; 1005;     162 
1; 1205;     186 
1; 1405;     176 
1; 1605;     185 
1; 1805;     184 
1; 2005;     160 
1; 2205;     162 
1; 2405;     169 
1; 2606;     173 
1; 2806;     136 
1; 3006;     163 
1; 3206;     148 
1; 3406;     165 
1; 3606;     144 
1; 3806;     143 
1; 4006;     190 
1; 4206;     164 
1; 4406;     173 
1; 4606;     185 
1; 4806;     165 
1; 5007;     152 
1; 5207;     154 
1; 5407;     171 
1; 5607;     185 
1; 5807;     150 
1; 6007;     157 
1; 6207;     165 
1; 6407;     160 
1; 6607;     148 
1; 6807;     196 
1; 7007;     181 
1; 7208;     168 
1; 7408;     186 
1; 7608;     159 
1; 7808;     169 
1; 8008;     163 
1; 8208;     151 
1; 8408;     161 
1; 8608;     148 
1; 8808;     158 
1; 9008;     163 
1; 9208;     166 
1; 9408;     174 
1; 9609;     165 
1; 9809;     149 
2; 0009;     167 
2; 0209;     173 
2; 0409;     165 
2; 0609;     196 
2; 0809;     151 
2; 1009;     141 
2; 1209;     177 
2; 1409;     159 
2; 1609;     171 
2; 1810;     168 
2; 2010;     162 
2; 2210;     214 
2; 2410;     190 
2; 2610;     213 
2; 2810;     236 
2; 3010;     230 
2; 3210;     240 
2; 3410;     231 
2; 3610;     237 
2; 3810;     205 
2; 4010;     221 
2; 4211;     200 
2; 4411;     224 
2; 4611;     184 
2; 4811;     222 
2; 5011;     247 
2; 5211;     299 
2; 5411;     319 
2; 5611;     403 
2; 5811;     438 
2; 6011;     563 
2; 6211;     659 
2; 6412;     770 
2; 6612;     814 
2; 6812;     842 
2; 7012;     889 
2; 7212;     821 
2; 7412;     869 
2; 7612;     783 
2; 7812;     749 
2; 8012;     777 
2; 8212;     810 
2; 8412;     785 
2; 8612;     747 
2; 8813;     803 
2; 9013;     767 
2; 9213;     787 
2; 9413;     757 
2; 9613;     723 
2; 9813;     628 
3; 0013;     575 
3; 0213;     516 
3; 0413;     475 
3; 0613;     347 
3; 0813;     367 
3; 1014;     324 
3; 1214;     293 
3; 1414;     284 
3; 1614;     308 
3; 1814;     300 
3; 2014;     322 
3; 2214;     315 
3; 2414;     232 
3; 2614;     293 
3; 2814;     332 
3; 3014;     347 
3; 3215;     326 
3; 3415;     329 
3; 3615;     343 
3; 3815;     288 
3; 4015;     289 
3; 4215;     326 
3; 4415;     295 
3; 4615;     273 
3; 4815;     277 
3; 5015;     284 
3; 5215;     287 
3; 5415;     279 
3; 5616;     269 
3; 5816;     297 
3; 6016;     330 
3; 6216;     392 
3; 6416;     415 
3; 6616;     415 
3; 6816;     460 
3; 7016;     410 
3; 7216;     403 
3; 7416;     369 
3; 7616;     327 
3; 7817;     327 
3; 8017;     296 
3; 8217;     296 
3; 8417;     289 
3; 8617;     262 
3; 8817;     281 
3; 9017;     302 
3; 9217;     294 
3; 9417;     293 
3; 9617;     280 
3; 9817;     274 
4; 0017;     286 
4; 0218;     281 
4; 0418;     298 
4; 0618;     260 
4; 0818;     280 
4; 1018;     307 
4; 1218;     248 
4; 1418;     244 
4; 1618;     252 
4; 1818;     237 
4; 2018;     274 
4; 2218;     249 
4; 2419;     270 
4; 2619;     261 
4; 2819;     271 
4; 3019;     256 
4; 3219;     256 
4; 3419;     296 
4; 3619;     267 
4; 3819;     304 
4; 4019;     297 
4; 4219;     269 
4; 4419;     342 
4; 4619;     336 
4; 4820;     359 
4; 5020;     390 
4; 5220;     372 
4; 5420;     352 
4; 5620;     332 
4; 5820;     320 
4; 6020;     326 
4; 6220;     304 
4; 6420;     298 
4; 6620;     310 
4; 6820;     312 
4; 7021;     301 
4; 7221;     302 
4; 7421;     258 
4; 7621;     275 
4; 7821;     305 
4; 8021;     318 
4; 8221;     301 
4; 8421;     283 
4; 8621;     302 
4; 8821;     351 
4; 9021;     303 
4; 9221;     322 
4; 9422;     361 
4; 9622;     335 
4; 9822;     321 
5; 0022;     318 
5; 0222;     316 
5; 0422;     321 
5; 0622;     358 
5; 0822;     358 
5; 1022;     366 
5; 1222;     336 
5; 1422;     336 
5; 1623;     342 
5; 1823;     336 
5; 2023;     356 
5; 2223;     335 
5; 2423;     391 
5; 2623;     370 
5; 2823;     383 
5; 3023;     355 
5; 3223;     422 
5; 3423;     412 
5; 3623;     406 
5; 3824;     436 
5; 4024;     384 
5; 4224;     421 
5; 4424;     421 
5; 4624;     415 
5; 4824;     416 
5; 5024;     410 
5; 5224;     458 
5; 5424;     450 
5; 5624;     435 
5; 5824;     412 
5; 6024;     454 
5; 6225;     425 
5; 6425;     456 
5; 6625;     464 
5; 6825;     459 
5; 7025;     450 
5; 7225;     448 
5; 7425;     418 
5; 7625;     476 
5; 7825;     447 
5; 8025;     486 
5; 8225;     472 
5; 8426;     475 
5; 8626;     455 
5; 8826;     481 
5; 9026;     484 
5; 9226;     507 
5; 9426;     472 
5; 9626;     515 
5; 9826;     474 
6; 0026;     497 
6; 0226;     501 
6; 0426;     515 
6; 0626;     570 
6; 0827;     577 
6; 1027;     573 
6; 1227;     624 
6; 1427;     657 
6; 1627;     686 
6; 1827;     749 
6; 2027;     851 
6; 2227;     943 
6; 2427;    1171 
6; 2627;    1243 
6; 2827;    1542 
6; 3028;    1731 
6; 3228;    1933 
6; 3428;    2143 
6; 3628;    2335 
6; 3828;    2435 
6; 4028;    2467 
6; 4228;    2413 
6; 4428;    2170 
6; 4628;    1871 
6; 4828;    1675 
6; 5028;    1407 
6; 5228;    1241 
6; 5429;    1046 
6; 5629;     894 
6; 5829;     785 
6; 6029;     808 
6; 6229;     771 
6; 6429;     763 
6; 6629;     741 
6; 6829;     649 
6; 7029;     726 
6; 7229;     754 
6; 7429;     767 
6; 7630;     749 
6; 7830;     766 
6; 8030;     781 
6; 8230;     822 
6; 8430;     808 
6; 8630;     787 
6; 8830;     815 
6; 9030;     826 
6; 9230;     822 
6; 9430;     888 
6; 9630;     902 
6; 9830;     975 
7; 0031;     967 
7; 0231;     973 
7; 0431;     917 
7; 0631;     921 
7; 0831;     945 
7; 1031;     951 
7; 1231;     952 
7; 1431;     919 
7; 1631;     883 
7; 1831;     867 
7; 2031;     893 
7; 2232;     877 
7; 2432;     880 
7; 2632;     890 
7; 2832;     921 
7; 3032;     946 
7; 3232;    1040 
7; 3432;    1111 
7; 3632;    1290 
7; 3832;    1372 
7; 4032;    1547 
7; 4232;    1628 
7; 4433;    1874 
7; 4633;    1925 
7; 4833;    1903 
7; 5033;    1899 
7; 5233;    1815 
7; 5433;    1706 
7; 5633;    1596 
7; 5833;    1455 
7; 6033;    1402 
7; 6233;    1343 
7; 6433;    1293 
7; 6633;    1279 
7; 6834;    1430 
7; 7034;    1519 
7; 7234;    1634 
7; 7434;    1866 
7; 7634;    2129 
7; 7834;    2837 
7; 8034;    3970 
7; 8234;    6225 
7; 8434;    9997 
7; 8634;   16029 
7; 8834;   25489 
7; 9035;   38916 
7; 9235;   56962 
7; 9435;   78932 
7; 9635;  104004 
7; 9835;  129574 
8; 0035;  151293 
8; 0235;  165821 
8; 0435;  173731 
8; 0635;  170767 
8; 0835;  158491 
8; 1035;  138291 
8; 1235;  113732 
8; 1436;   88121 
8; 1636;   65109 
8; 1836;   44905 
8; 2036;   29943 
8; 2236;   18855 
8; 2436;   11591 
8; 2636;    7146 
8; 2836;    4369 
8; 3036;    3107 
8; 3236;    2157 
8; 3436;    1810 
8; 3637;    1714 
8; 3837;    1742 
8; 4037;    1976 
8; 4237;    2536 
8; 4437;    3523 
8; 4637;    5128 
8; 4837;    7260 
8; 5037;   10346 
8; 5237;   14432 
8; 5437;   18978 
8; 5637;   23872 
8; 5837;   27953 
8; 6038;   32242 
8; 6238;   34179 
8; 6438;   34898 
8; 6638;   33852 
8; 6838;   31215 
8; 7038;   27291 
8; 7238;   23752 
8; 7438;   20337 
8; 7638;   17870 
8; 7838;   17011 
8; 8038;   17470 
8; 8239;   18886 
8; 8439;   21345 
8; 8639;   23631 
8; 8839;   25770 
8; 9039;   26829 
8; 9239;   26042 
8; 9439;   24713 
8; 9639;   22087 
8; 9839;   18578 
9; 0039;   14791 
9; 0239;   11325 
9; 0439;    8078 
9; 0640;    5739 
9; 0840;    3590 
9; 1040;    2325 
9; 1240;    1586 
9; 1440;    1099 
9; 1640;     741 
9; 1840;     553 
9; 2040;     472 
9; 2240;     418 
9; 2440;     403 
9; 2640;     378 
9; 2841;     342 
9; 3041;     357 
9; 3241;     407 
9; 3441;     401 
9; 3641;     475 
9; 3841;     482 
9; 4041;     612 
9; 4241;     691 
9; 4441;     896 
9; 4641;    1107 
9; 4841;    1415 
9; 5042;    1587 
9; 5242;    1910 
9; 5442;    2054 
9; 5642;    2177 
9; 5842;    2213 
9; 6042;    2108 
9; 6242;    1868 
9; 6442;    1742 
9; 6642;    1437 
9; 6842;    1153 
9; 7042;     953 
9; 7242;     730 
9; 7443;     580 
9; 7643;     427 
9; 7843;     340 
9; 8043;     294 
9; 8243;     262 
9; 8443;     258 
9; 8643;     244 
9; 8843;     251 
9; 9043;     230 
9; 9243;     218 
9; 9443;     243 
9; 9644;     218 
9; 9844;     230 
10; 0044;     203 
10; 0244;     214 
10; 0444;     209 
10; 0644;     214 
10; 0844;     227 
10; 1044;     210 
10; 1244;     200 
10; 1444;     202 
10; 1644;     203 
10; 1844;     217 
10; 2045;     221 
10; 2245;     179 
10; 2445;     217 
10; 2645;     188 
10; 2845;     203 
10; 3045;     222 
10; 3245;     255 
10; 3445;     262 
10; 3645;     274 
10; 3845;     329 
10; 4045;     391 
10; 4246;     461 
10; 4446;     537 
10; 4646;     679 
10; 4846;     771 
10; 5046;     836 
10; 5246;     904 
10; 5446;     936 
10; 5646;     950 
10; 5846;     861 
10; 6046;     832 
10; 6246;     743 
10; 6446;     687 
10; 6647;     561 
10; 6847;     454 
10; 7047;     382 
10; 7247;     280 
10; 7447;     265 
10; 7647;     287 
10; 7847;     219 
10; 8047;     234 
10; 8247;     208 
10; 8447;     176 
10; 8647;     197 
10; 8848;     195 
10; 9048;     201 
10; 9248;     190 
10; 9448;     197 
10; 9648;     201 
10; 9848;     179 
11; 0048;     208 
11; 0248;     172 
11; 0448;     165 
11; 0648;     180 
11; 0848;     176 
11; 1048;     162 
11; 1249;     168 
11; 1449;     180 
11; 1649;     154 
11; 1849;     185 
11; 2049;     184 
11; 2249;     178 
11; 2449;     169 
11; 2649;     178 
11; 2849;     185 
11; 3049;     156 
11; 3249;     175 
11; 3450;     156 
11; 3650;     178 
11; 3850;     201 
11; 4050;     161 
11; 4250;     182 
11; 4450;     193 
11; 4650;     166 
11; 4850;     170 
11; 5050;     197 
11; 5250;     178 
11; 5450;     154 
11; 5651;     173 
11; 5851;     190 
11; 6051;     176 
11; 6251;     180 
11; 6451;     183 
11; 6651;     195 
11; 6851;     207 
11; 7051;     217 
11; 7251;     204 
11; 7451;     213 
11; 7651;     234 
11; 7851;     193 
11; 8052;     186 
11; 8252;     191 
11; 8452;     173 
11; 8652;     185 
11; 8852;     167 
11; 9052;     173 
11; 9252;     160 
11; 9452;     150 
11; 9652;     166 
11; 9852;     161 
12; 0052;     169 
12; 0253;     151 
12; 0453;     160 
12; 0653;     177 
12; 0853;     148 
12; 1053;     151 
12; 1253;     156 
12; 1453;     148 
12; 1653;     159 
12; 1853;     169 
12; 2053;     200 
12; 2253;     164 
12; 2453;     187 
12; 2654;     169 
12; 2854;     162 
12; 3054;     173 
12; 3254;     184 
12; 3454;     177 
12; 3654;     161 
12; 3854;     173 
12; 4054;     173 
12; 4254;     205 
12; 4454;     226 
12; 4654;     256 
12; 4855;     292 
12; 5055;     332 
12; 5255;     350 
12; 5455;     447 
12; 5655;     512 
12; 5855;     581 
12; 6055;     582 
12; 6255;     607 
12; 6455;     596 
12; 6655;     570 
12; 6855;     527 
12; 7055;     505 
12; 7256;     452 
12; 7456;     388 
12; 7656;     342 
12; 7856;     282 
12; 8056;     242 
12; 8256;     223 
12; 8456;     208 
12; 8656;     182 
12; 8856;     185 
12; 9056;     175 
12; 9256;     158 
12; 9457;     152 
12; 9657;     149 
12; 9857;     159 
13; 0057;     141 
13; 0257;     145 
13; 0457;     151 
13; 0657;     129 
13; 0857;     136 
13; 1057;     146 
13; 1257;     138 
13; 1457;     138 
13; 1657;     135 
13; 1858;     123 
13; 2058;     135 
13; 2258;     121 
13; 2458;     127 
13; 2658;     123 
13; 2858;     120 
13; 3058;     134 
13; 3258;     144 
13; 3458;     101 
13; 3658;     136 
13; 3858;     123 
13; 4059;     119 
13; 4259;     138 
13; 4459;     141 
13; 4659;     114 
13; 4859;     117 
13; 5059;     115 
13; 5259;     109 
13; 5459;     102 
13; 5659;     144 
13; 5859;     129 
13; 6059;     119 
13; 6260;     111 
13; 6460;     141 
13; 6660;     113 
13; 6860;     117 
13; 7060;     122 
13; 7260;     113 
13; 7460;     120 
13; 7660;     114 
13; 7860;     131 
13; 8060;     115 
13; 8260;     118 
13; 8460;     127 
13; 8661;     115 
13; 8861;     138 
13; 9061;     112 
13; 9261;     121 
13; 9461;     136 
13; 9661;     112 
13; 9861;     126 
14; 0061;     133 
14; 0261;     135 
14; 0461;     137 
14; 0661;     111 
14; 0862;     118 
14; 1062;     124 
14; 1262;     115 
14; 1462;     130 
14; 1662;     120 
14; 1862;     141 
14; 2062;     126 
14; 2262;     131 
14; 2462;     153 
14; 2662;     128 
14; 2862;     156 
14; 3062;     150 
14; 3263;     172 
14; 3463;     130 
14; 3663;     143 
14; 3863;     147 
14; 4063;     166 
14; 4263;     171 
14; 4463;     151 
14; 4663;     179 
14; 4863;     177 
14; 5063;     158 
14; 5263;     155 
14; 5464;     163 
14; 5664;     144 
14; 5864;     169 
14; 6064;     160 
14; 6264;     137 
14; 6464;     154 
14; 6664;     145 
14; 6864;     183 
14; 7064;     201 
14; 7264;     195 
14; 7464;     200 
14; 7664;     192 
14; 7865;     195 
14; 8065;     178 
14; 8265;     181 
14; 8465;     161 
14; 8665;     169 
14; 8865;     170 
14; 9065;     149 
14; 9265;     133 
14; 9465;     141 
14; 9665;     137 
14; 9865;     154 
15; 0066;     158 
15; 0266;     146 
15; 0466;     141 
15; 0666;     142 
15; 0866;     149 
15; 1066;     147 
15; 1266;     157 
15; 1466;     168 
15; 1666;     170 
15; 1866;     163 
15; 2066;     148 
15; 2266;     141 
15; 2467;     154 
15; 2667;     139 
15; 2867;     144 
15; 3067;     130 
15; 3267;     152 
15; 3467;     141 
15; 3667;     128 
15; 3867;     123 
15; 4067;     131 
15; 4267;     133 
15; 4467;     137 
15; 4668;     130 
15; 4868;     125 
15; 5068;     115 
15; 5268;     141 
15; 5468;     138 
15; 5668;     155 
15; 5868;     162 
15; 6068;     147 
15; 6268;     143 
15; 6468;     130 
15; 6668;     140 
15; 6869;     118 
15; 7069;     121 
15; 7269;     123 
15; 7469;     122 
15; 7669;     142 
15; 7869;     142 
15; 8069;     173 
15; 8269;     174 
15; 8469;     209 
15; 8669;     280 
15; 8869;     311 
15; 9069;     421 
15; 9270;     522 
15; 9470;     641 
15; 9670;     848 
15; 9870;    1107 
16; 0070;    1383 
16; 0270;    1660 
16; 0470;    1860 
16; 0670;    2176 
16; 0870;    2324 
16; 1070;    2273 
16; 1270;    2354 
16; 1471;    2286 
16; 1671;    2038 
16; 1871;    1918 
16; 2071;    1639 
16; 2271;    1401 
16; 2471;    1117 
16; 2671;     916 
16; 2871;     722 
16; 3071;     516 
16; 3271;     412 
16; 3471;     285 
16; 3671;     251 
16; 3872;     214 
16; 4072;     184 
16; 4272;     171 
16; 4472;     152 
16; 4672;     181 
16; 4872;     185 
16; 5072;     267 
16; 5272;     330 
16; 5472;     383 
16; 5672;     404 
16; 5872;     531 
16; 6073;     614 
16; 6273;     702 
16; 6473;     788 
16; 6673;     916 
16; 6873;     971 
16; 7073;     973 
16; 7273;     944 
16; 7473;     994 
16; 7673;     951 
16; 7873;     874 
16; 8073;     800 
16; 8273;     771 
16; 8474;     727 
16; 8674;     731 
16; 8874;     725 
16; 9074;     768 
16; 9274;     818 
16; 9474;     772 
16; 9674;     836 
16; 9874;     757 
17; 0074;     752 
17; 0274;     693 
17; 0474;     681 
17; 0675;     566 
17; 0875;     526 
17; 1075;     401 
17; 1275;     383 
17; 1475;     259 
17; 1675;     259 
17; 1875;     247 
17; 2075;     207 
17; 2275;     171 
17; 2475;     197 
17; 2675;     183 
17; 2875;     162 
17; 3076;     184 
17; 3276;     156 
17; 3476;     162 
17; 3676;     173 
17; 3876;     181 
17; 4076;     176 
17; 4276;     179 
17; 4476;     175 
17; 4676;     178 
17; 4876;     206 
17; 5076;     227 
17; 5277;     216 
17; 5477;     247 
17; 5677;     239 
17; 5877;     250 
17; 6077;     234 
17; 6277;     244 
17; 6477;     225 
17; 6677;     206 
17; 6877;     193 
17; 7077;     179 
17; 7277;     206 
17; 7478;     191 
17; 7678;     187 
17; 7878;     154 
17; 8078;     125 
17; 8278;     133 
17; 8478;     141 
17; 8678;     131 
17; 8878;     137 
17; 9078;     104 
17; 9278;     109 
17; 9478;     115 
17; 9678;      74 
17; 9879;      75 
18; 0079;      90 
18; 0279;      75 
18; 0479;      83 
18; 0679;      89 
18; 0879;      74 
18; 1079;      88 
18; 1279;      79 
18; 1479;      89 
18; 1679;     108 
18; 1879;      89 
18; 2080;      97 
18; 2280;      80 
18; 2480;      88 
18; 2680;      92 
18; 2880;      80 
18; 3080;      80 
18; 3280;      79 
18; 3480;      79 
18; 3680;      82 
18; 3880;      92 
18; 4080;      88 
18; 4280;      76 
18; 4481;      84 
18; 4681;      89 
18; 4881;     100 
18; 5081;     101 
18; 5281;     104 
18; 5481;     105 
18; 5681;     114 
18; 5881;     110 
18; 6081;     109 
18; 6281;     116 
18; 6481;     128 
18; 6682;     130 
18; 6882;     104 
18; 7082;      95 
18; 7282;     125 
18; 7482;     118 
18; 7682;     119 
18; 7882;     130 
18; 8082;     139 
18; 8282;     153 
18; 8482;     127 
18; 8682;     143 
18; 8882;     146 
18; 9083;     130 
18; 9283;     155 
18; 9483;     154 
18; 9683;     169 
18; 9883;     177 
19; 0083;     154 
19; 0283;     169 
19; 0483;     157 
19; 0683;     169 
19; 0883;     172 
19; 1083;     179 
19; 1284;     155 
19; 1484;     165 
19; 1684;     137 
19; 1884;     196 
19; 2084;     161 
19; 2284;     131 
19; 2484;     133 
19; 2684;     152 
19; 2884;     143 
19; 3084;     144 
19; 3284;     112 
19; 3484;      90 
19; 3685;     106 
19; 3885;     103 
19; 4085;     107 
19; 4285;     105 
19; 4485;     100 
19; 4685;      94 
19; 4885;      99 
19; 5085;      95 
19; 5285;      79 
19; 5485;      93 
19; 5685;      80 
19; 5886;      71 
19; 6086;      59 
19; 6286;      63 
19; 6486;      65 
19; 6686;      63 
19; 6886;      81 
19; 7086;      60 
19; 7286;      74 
19; 7486;      64 
19; 7686;      50 
19; 7886;      63 
19; 8087;      54 
19; 8287;      61 
19; 8487;      71 
19; 8687;      56 
19; 8887;      68 
19; 9087;      67 
19; 9287;      61 
19; 9487;      69 
19; 9687;      91 
19; 9887;      95 
20; 0087;      98 
20; 0287;     117 
20; 0488;     130 
20; 0688;     146 
20; 0888;     148 
20; 1088;     167 
20; 1288;     194 
20; 1488;     180 
20; 1688;     193 
20; 1888;     185 
20; 2088;     207 
20; 2288;     218 
20; 2488;     184 
20; 2689;     187 
20; 2889;     186 
20; 3089;     162 
20; 3289;     156 
20; 3489;     131 
20; 3689;      99 
20; 3889;      83 
20; 4089;      75 
20; 4289;      83 
20; 4489;      68 
20; 4689;      57 
20; 4889;      53 
20; 5090;      47 
20; 5290;      51 
20; 5490;      61 
20; 5690;      57 
20; 5890;      49 
20; 6090;      61 
20; 6290;      55 
20; 6490;      47 
20; 6690;      51 
20; 6890;      56 
20; 7090;      55 
20; 7291;      61 
20; 7491;      59 
20; 7691;      73 
20; 7891;      50 
20; 8091;      55 
20; 8291;      64 
20; 8491;      45 
20; 8691;      57 
20; 8891;      58 
20; 9091;      55 
20; 9291;      70 
20; 9491;      72 
20; 9692;      70 
20; 9892;      56 
21; 0092;      62 
21; 0292;      73 
21; 0492;      79 
21; 0692;      73 
21; 0892;      61 
21; 1092;      89 
21; 1292;      64 
21; 1492;      80 
21; 1692;      76 
21; 1893;      78 
21; 2093;      70 
21; 2293;      91 
21; 2493;      54 
21; 2693;      80 
21; 2893;      74 
21; 3093;      66 
21; 3293;      72 
21; 3493;      65 
21; 3693;      55 
21; 3893;      71 
21; 4093;      51 
21; 4294;      43 
21; 4494;      49 
21; 4694;      46 
21; 4894;      67 
21; 5094;      48 
21; 5294;      44 
21; 5494;      54 
21; 5694;      53 
21; 5894;      59 
21; 6094;      54 
21; 6294;      48 
21; 6495;      57 
21; 6695;      50 
21; 6895;      53 
21; 7095;      45 
21; 7295;      44 
21; 7495;      33 
21; 7695;      41 
21; 7895;      55 
21; 8095;      43 
21; 8295;      46 
21; 8495;      43 
21; 8696;      35 
21; 8896;      39 
21; 9096;      47 
21; 9296;      55 
21; 9496;      55 
21; 9696;      49 
21; 9896;      53 
22; 0096;      51 
22; 0296;      67 
22; 0496;      68 
22; 0696;      60 
22; 0896;      52 
22; 1097;      62 
22; 1297;      53 
22; 1497;      66 
22; 1697;      80 
22; 1897;      74 
22; 2097;      49 
22; 2297;      57 
22; 2497;      59 
22; 2697;      64 
22; 2897;      65 
22; 3097;      53 
22; 3298;      52 
22; 3498;      53 
22; 3698;      46 
22; 3898;      39 
22; 4098;      41 
22; 4298;      31 
22; 4498;      29 
22; 4698;      35 
22; 4898;      41 
22; 5098;      41 
22; 5298;      32 
22; 5498;      44 
22; 5699;      38 
22; 5899;      21 
22; 6099;      47 
22; 6299;      40 
22; 6499;      41 
22; 6699;      41 
22; 6899;      35 
22; 7099;      49 
22; 7299;      48 
22; 7499;      56 
22; 7699;      63 
22; 7900;      54 
22; 8100;      53 
22; 8300;      56 
22; 8500;      35 
22; 8700;      38 
22; 8900;      41 
22; 9100;      37 
22; 9300;      37 
22; 9500;      27 
22; 9700;      28 
22; 9900;      38 
23; 0100;      38 
23; 0301;      29 
23; 0501;      27 
23; 0701;      34 
23; 0901;      28 
23; 1101;      34 
23; 1301;      35 
23; 1501;      38 
23; 1701;      35 
23; 1901;      36 
23; 2101;      37 
23; 2301;      39 
23; 2502;      30 
23; 2702;      26 
23; 2902;      33 
23; 3102;      28 
23; 3302;      25 
23; 3502;      33 
23; 3702;      22 
23; 3902;      20 
23; 4102;      21 
23; 4302;      30 
23; 4502;      29 
23; 4702;      19 
23; 4903;      28 
23; 5103;      25 
23; 5303;      17 
23; 5503;      37 
23; 5703;      31 
23; 5903;      20 
23; 6103;      29 
23; 6303;      26 
23; 6503;      24 
23; 6703;      29 
23; 6903;      31 
23; 7104;      26 
23; 7304;      37 
23; 7504;      20 
23; 7704;      25 
23; 7904;      31 
23; 8104;      38 
23; 8304;      32 
23; 8504;      22 
23; 8704;      31 
23; 8904;      26 
23; 9104;      37 
23; 9305;      23 
23; 9505;      30 
23; 9705;      28 
23; 9905;      32 
24; 0105;      38 
24; 0305;      24 
24; 0505;      41 
24; 0705;      32 
24; 0905;      34 
24; 1105;      29 
24; 1305;      23 
24; 1505;      41 
24; 1706;      34 
24; 1906;      34 
24; 2106;      38 
24; 2306;      29 
24; 2506;      48 
24; 2706;      38 
24; 2906;      36 
24; 3106;      30 
24; 3306;      27 
24; 3506;      33 
24; 3706;      21 
24; 3907;      31 
24; 4107;      32 
24; 4307;      34 
24; 4507;      29 
24; 4707;      28 
24; 4907;      32 
24; 5107;      24 
24; 5307;      21 
24; 5507;      21 
24; 5707;      25 
24; 5907;      29 
24; 6107;      31 
24; 6308;      21 
24; 6508;      27 
24; 6708;      26 
24; 6908;      24 
24; 7108;      35 
24; 7308;      34 
24; 7508;      40 
24; 7708;      32 
24; 7908;      39 
24; 8108;      47 
24; 8308;      31 
24; 8509;      43 
24; 8709;      53 
24; 8909;      42 
24; 9109;      47 
24; 9309;      54 
24; 9509;      60 
24; 9709;      60 
24; 9909;      77 
25; 0109;      87 
25; 0309;      83 
25; 0509;      91 
25; 0709;      75 
25; 0910;     101 
25; 1110;      73 
25; 1310;     100 
25; 1510;     101 
25; 1710;      99 
25; 1910;     118 
25; 2110;      94 
25; 2310;     103 
25; 2510;     116 
25; 2710;     101 
25; 2910;     120 
25; 3111;      95 
25; 3311;     114 
25; 3511;      81 
25; 3711;      83 
25; 3911;      86 
25; 4111;      65 
25; 4311;      70 
25; 4511;      71 
25; 4711;      43 
25; 4911;      42 
25; 5111;      39 
25; 5311;      39 
25; 5512;      37 
25; 5712;      25 
25; 5912;      31 
25; 6112;      23 
25; 6312;      25 
25; 6512;      34 
25; 6712;      21 
25; 6912;      26 
25; 7112;      31 
25; 7312;      26 
25; 7512;      19 
25; 7713;      16 
25; 7913;      22 
25; 8113;      26 
25; 8313;      21 
25; 8513;      19 
25; 8713;      24 
25; 8913;      21 
25; 9113;      19 
25; 9313;      20 
25; 9513;      14 
25; 9713;      18 
25; 9914;      17 
26; 0114;      22 
26; 0314;      11 
26; 0514;      17 
26; 0714;      22 
26; 0914;      17 
26; 1114;      13 
26; 1314;      24 
26; 1514;      21 
26; 1714;      31 
26; 1914;      29 
26; 2114;      24 
26; 2315;      19 
26; 2515;      33 
26; 2715;      25 
26; 2915;      29 
26; 3115;      27 
26; 3315;      26 
26; 3515;      29 
26; 3715;      28 
26; 3915;      30 
26; 4115;      35 
26; 4315;      39 
26; 4516;      30 
26; 4716;      28 
26; 4916;      32 
26; 5116;      20 
26; 5316;      24 
26; 5516;      15 
26; 5716;      23 
26; 5916;      20 
26; 6116;      21 
26; 6316;      25 
26; 6516;      21 
26; 6716;      18 
26; 6917;      16 
26; 7117;      27 
26; 7317;      12 
26; 7517;      15 
26; 7717;       8 
26; 7917;      15 
26; 8117;      21 
26; 8317;      17 
26; 8517;      17 
26; 8717;      14 
26; 8917;      15 
26; 9118;      18 
26; 9318;      15 
26; 9518;      19 
26; 9718;      22 
26; 9918;      21 
27; 0118;      25 
27; 0318;      19 
27; 0518;      18 
27; 0718;      15 
27; 0918;      24 
27; 1118;      20 
27; 1318;      12 
27; 1519;      12 
27; 1719;      25 
27; 1919;      29 
27; 2119;      18 
27; 2319;      20 
27; 2519;      18 
27; 2719;      24 
27; 2919;      15 
27; 3119;      15 
27; 3319;      22 
27; 3519;      19 
27; 3720;      20 
27; 3920;      18 
27; 4120;      26 
27; 4320;      17 
27; 4520;      10 
27; 4720;      19 
27; 4920;       6 
27; 5120;      11 
27; 5320;      21 
27; 5520;      22 
27; 5720;      12 
27; 5920;      17 
27; 6121;      20 
27; 6321;      19 
27; 6521;      16 
27; 6721;      20 
27; 6921;      15 
27; 7121;      18 
27; 7321;      14 
27; 7521;      14 
27; 7721;      20 
27; 7921;      11 
27; 8121;      10 
27; 8322;      11 
27; 8522;      14 
27; 8722;      11 
27; 8922;      19 
27; 9122;      12 
27; 9322;      11 
27; 9522;       6 
27; 9722;      12 
27; 9922;      16 
28; 0122;      13 
28; 0322;      21 
28; 0522;      14 
28; 0723;      19 
28; 0923;      12 
28; 1123;      14 
28; 1323;      25 
28; 1523;      21 
28; 1723;      25 
28; 1923;      20 
28; 2123;      17 
28; 2323;      21 
28; 2523;      12 
28; 2723;      17 
28; 2924;      21 
28; 3124;      18 
28; 3324;      20 
28; 3524;      27 
28; 3724;      26 
28; 3924;      28 
28; 4124;      26 
28; 4324;      34 
28; 4524;      32 
28; 4724;      34 
28; 4924;      27 
28; 5125;      39 
28; 5325;      30 
28; 5525;      33 
28; 5725;      25 
28; 5925;      24 
28; 6125;      21 
28; 6325;      17 
28; 6525;      14 
28; 6725;      20 
28; 6925;      11 
28; 7125;      20 
28; 7325;      11 
28; 7526;      12 
28; 7726;      11 
28; 7926;      20 
28; 8126;      14 
28; 8326;      15 
28; 8526;      12 
28; 8726;      12 
28; 8926;      11 
28; 9126;      14 
28; 9326;      18 
28; 9526;      19 
28; 9727;      10 
28; 9927;      17 
29; 0127;      15 
29; 0327;      15 
29; 0527;      15 
29; 0727;      13 
29; 0927;      19 
29; 1127;      16 
29; 1327;      19 
29; 1527;      14 
29; 1727;      14 
29; 1927;      18 
29; 2128;      11 
29; 2328;       9 
29; 2528;      18 
29; 2728;      14 
29; 2928;      13 
29; 3128;      10 
29; 3328;      16 
29; 3528;      12 
29; 3728;      11 
29; 3928;      10 
29; 4128;      10 
29; 4329;       5 
29; 4529;       9 
29; 4729;      15 
29; 4929;       7 
29; 5129;       9 
29; 5329;       5 
29; 5529;       8 
29; 5729;      12 
29; 5929;      11 
29; 6129;       7 
29; 6329;       7 
29; 6529;      18 
29; 6730;      14 
29; 6930;       6 
29; 7130;       8 
29; 7330;       8 
29; 7530;      11 
29; 7730;      12 
29; 7930;       9 
29; 8130;      11 
29; 8330;      11 
29; 8530;      12 
29; 8730;      10 
29; 8931;      14 
29; 9131;       7 
29; 9331;      13 
29; 9531;      10 
29; 9731;      11 
29; 9931;      10 
30; 0131;       4 
30; 0331;      14 
30; 0531;      12 
30; 0731;       9 
30; 0931;       8 
30; 1131;      12 
30; 1332;      10 
30; 1532;      11 
30; 1732;       6 
30; 1932;       6 
30; 2132;       6 
30; 2332;      13 
30; 2532;       9 
30; 2732;      10 
30; 2932;       7 
30; 3132;      12 
30; 3332;      19 
30; 3533;      10 
30; 3733;       4 
30; 3933;       6 
30; 4133;       8 
30; 4333;       6 
30; 4533;       8 
30; 4733;       7 
30; 4933;       6 
30; 5133;       8 
30; 5333;       8 
30; 5533;       9 
30; 5734;       6 
30; 5934;       9 
30; 6134;      12 
30; 6334;       8 
30; 6534;       5 
30; 6734;       6 
30; 6934;      10 
30; 7134;       3 
30; 7334;       9 
30; 7534;       9 
30; 7734;      10 
30; 7934;       3 
30; 8135;       6 
30; 8335;       8 
30; 8535;       7 
30; 8735;      10 
30; 8935;      12 
30; 9135;      10 
30; 9335;       8 
30; 9535;       5 
30; 9735;       7 
30; 9935;       7 
31; 0135;       7 
31; 0336;       6 
31; 0536;       9 
31; 0736;       8 
31; 0936;       8 
31; 1136;       4 
31; 1336;       8 
31; 1536;      12 
31; 1736;       6 
31; 1936;       4 
31; 2136;       6 
31; 2336;       3 
31; 2536;       6 
31; 2737;       3 
31; 2937;       6 
31; 3137;       4 
31; 3337;       8 
31; 3537;       2 
31; 3737;       8 
31; 3937;       5 
31; 4137;      13 
31; 4337;       5 
31; 4537;       4 
31; 4737;      10 
31; 4938;       6 
31; 5138;       7 
31; 5338;       7 
31; 5538;       5 
31; 5738;       5 
31; 5938;       9 
31; 6138;       8 
31; 6338;       3 
31; 6538;       5 
31; 6738;       7 
31; 6938;      11 
31; 7138;       2 
31; 7339;       6 
31; 7539;       6 
31; 7739;       8 
31; 7939;       3 
31; 8139;       4 
31; 8339;       4 
31; 8539;       4 
31; 8739;       3 
31; 8939;       4 
31; 9139;       4 
31; 9339;       2 
31; 9540;       4 
31; 9740;       7 
31; 9940;       6 
32; 0140;       7 
32; 0340;       9 
32; 0540;       4 
32; 0740;       3 
32; 0940;       7 
32; 1140;       2 
32; 1340;       9 
32; 1540;       6 
32; 1740;       5 
32; 1941;       8 
32; 2141;       5 
32; 2341;       5 
32; 2541;       5 
32; 2741;       3 
32; 2941;       5 
32; 3141;       3 
32; 3341;       6 
32; 3541;       3 
32; 3741;       1 
32; 3941;       3 
32; 4142;       7 
32; 4342;       3 
32; 4542;       6 
32; 4742;       5 
32; 4942;       2 
32; 5142;       2 
32; 5342;       5 
32; 5542;      11 
32; 5742;       2 
32; 5942;       6 
32; 6142;       2 
32; 6343;       5 
32; 6543;       5 
32; 6743;       4 
32; 6943;       5 
32; 7143;       3 
32; 7343;       4 
32; 7543;       4 
32; 7743;       6 
32; 7943;       1 
32; 8143;       5 
32; 8343;       5 
32; 8543;       6 
32; 8744;      10 
32; 8944;       4 
32; 9144;       3 
32; 9344;       9 
32; 9544;       5 
32; 9744;      10 
32; 9944;       4 
33; 0144;       6 
33; 0344;      10 
33; 0544;       7 
33; 0744;       5 
33; 0945;       4 
33; 1145;       3 
33; 1345;       2 
33; 1545;       5 
33; 1745;       7 
33; 1945;       7 
33; 2145;       8 
33; 2345;       7 
33; 2545;       5 
33; 2745;       5 
33; 2945;       9 
33; 3145;       5 
33; 3346;      10 
33; 3546;       5 
33; 3746;       6 
33; 3946;       9 
33; 4146;       3 
33; 4346;       5 
33; 4546;       6 
33; 4746;       4 
33; 4946;       6 
33; 5146;       1 
33; 5346;       3 
33; 5547;       5 
33; 5747;       2 
33; 5947;       3 
33; 6147;       4 
33; 6347;       5 
33; 6547;       5 
33; 6747;       6 
33; 6947;       4 
33; 7147;       3 
33; 7347;       2 
33; 7547;       5 
33; 7747;       1 
33; 7948;       4 
33; 8148;       6 
33; 8348;       5 
33; 8548;       3 
33; 8748;       5 
33; 8948;       3 
33; 9148;       4 
33; 9348;       3 
33; 9548;       7 
33; 9748;       3 
33; 9948;       4 
34; 0149;       6 
34; 0349;       2 
34; 0549;       4 
34; 0749;       2 
34; 0949;       6 
34; 1149;       4 
34; 1349;       2 
34; 1549;       3 
34; 1749;       3 
34; 1949;       5 
34; 2149;       4 
34; 2349;       3 
34; 2550;       3 
34; 2750;       1 
34; 2950;       3 
34; 3150;       6 
34; 3350;       4 
34; 3550;       2 
34; 3750;       2 
34; 3950;       2 
34; 4150;       0 
34; 4350;       2 
34; 4550;       2 
34; 4751;       2 
34; 4951;       2 
34; 5151;       2 
34; 5351;       1 
34; 5551;       2 
34; 5751;       3 
34; 5951;       3 
34; 6151;       3 
34; 6351;       3 
34; 6551;       4 
34; 6751;       3 
34; 6952;       3 
34; 7152;       2 
34; 7352;       0 
34; 7552;       7 
34; 7752;       2 
34; 7952;       2 
34; 8152;       1 
34; 8352;       4 
34; 8552;       5 
34; 8752;       1 
34; 8952;       1 
34; 9152;       1 
34; 9353;       5 
34; 9553;       3 
34; 9753;       2 
34; 9953;       2 
35; 0153;       0 
35; 0353;       2 
35; 0553;       4 
35; 0753;       5 
35; 0953;       3 
35; 1153;       0 
35; 1353;       0 
35; 1554;       3 
35; 1754;       2 
35; 1954;       1 
35; 2154;       1 
35; 2354;       2 
35; 2554;       1 
35; 2754;       1 
35; 2954;       1 
35; 3154;       1 
35; 3354;       1 
35; 3554;       1 
35; 3754;       1 
35; 3955;       1 
35; 4155;       1 
35; 4355;       1 
35; 4555;       0 
35; 4755;       0 
35; 4955;       0 
35; 5155;       1 
35; 5355;       2 
35; 5555;       0 
35; 5755;       1 
35; 5955;       1 
35; 6156;       1 
35; 6356;       2 
35; 6556;       3 
35; 6756;       2 
35; 6956;       1 
35; 7156;       1 
35; 7356;       0 
35; 7556;       0 
35; 7756;       0 
35; 7956;       2 
35; 8156;       4 
35; 8356;       0 
35; 8557;       1 
35; 8757;       1 
35; 8957;       3 
35; 9157;       1 
35; 9357;       0 
35; 9557;       0 
35; 9757;       0 
35; 9957;       1 
36; 0157;       1 
36; 0357;       1 
36; 0557;       1 
36; 0758;       1 
36; 0958;       0 
36; 1158;       1 
36; 1358;       1 
36; 1558;       1 
36; 1758;       1 
36; 1958;       2 
36; 2158;       0 
36; 2358;       0 
36; 2558;       1 
36; 2758;       0 
36; 2958;       1 
36; 3159;       1 
36; 3359;       3 
36; 3559;       3 
36; 3759;       1 
36; 3959;       1 
36; 4159;       3 
36; 4359;       1 
36; 4559;       2 
36; 4759;       1 
36; 4959;       2 
36; 5159;       1 
36; 5360;       2 
36; 5560;       2 
36; 5760;       1 
36; 5960;       1 
36; 6160;       1 
36; 6360;       0 
36; 6560;       1 
36; 6760;       0 
36; 6960;       0 
36; 7160;       1 
36; 7360;       0 
36; 7561;       1 
36; 7761;       0 
36; 7961;       0 
36; 8161;       0 
36; 8361;       1 
36; 8561;       0 
36; 8761;       0 
36; 8961;       1 
36; 9161;       2 
36; 9361;       0 
36; 9561;       1 
36; 9761;       0 
36; 9962;       0 
37; 0162;       2 
37; 0362;       0 
37; 0562;       0 
37; 0762;       2 
37; 0962;       1 
37; 1162;       1 
37; 1362;       0 
37; 1562;       3 
37; 1762;       0 
37; 1962;       0 
37; 2163;       0 
37; 2363;       0 
37; 2563;       0 
37; 2763;       0 
37; 2963;       1 
37; 3163;       0 
37; 3363;       0 
37; 3563;       1 
37; 3763;       2 
37; 3963;       1 
37; 4163;       0 
37; 4363;       1 
37; 4564;       0 
37; 4764;       0 
37; 4964;       1 
37; 5164;       0 
37; 5364;       1 
37; 5564;       0 
37; 5764;       1 
37; 5964;       1 
37; 6164;       2 
37; 6364;       1 
37; 6564;       0 
37; 6765;       0 
37; 6965;       0 
37; 7165;       1 
37; 7365;       1 
37; 7565;       1 
37; 7765;       0 
37; 7965;       2 
37; 8165;       0 
37; 8365;       0 
37; 8565;       0 
37; 8765;       1 
37; 8965;       1 
37; 9166;       0 
37; 9366;       0 
37; 9566;       0 
37; 9766;       0 
37; 9966;       0 
38; 0166;       0 
38; 0366;       0 
38; 0566;       0 
38; 0766;       1 
38; 0966;       2 
38; 1166;       1 
38; 1367;       0 
38; 1567;       1 
38; 1767;       1 
38; 1967;       1 
38; 2167;       0 
38; 2367;       0 
38; 2567;       0 
38; 2767;       1 
38; 2967;       3 
38; 3167;       0 
38; 3367;       0 
38; 3567;       1 
38; 3768;       0 
38; 3968;       1 
38; 4168;       1 
38; 4368;       0 
38; 4568;       1 
38; 4768;       1 
38; 4968;       0 
38; 5168;       0 
38; 5368;       0 
38; 5568;       0 
38; 5768;       2 
38; 5969;       0 
38; 6169;       0 
38; 6369;       1 
38; 6569;       2 
38; 6769;       0 
38; 6969;       0 
38; 7169;       0 
38; 7369;       0 
38; 7569;       0 
38; 7769;       0 
38; 7969;       0 
38; 8170;       0 
38; 8370;       0 
38; 8570;       0 
38; 8770;       0 
38; 8970;       0 
38; 9170;       0 
38; 9370;       2 
38; 9570;       0 
38; 9770;       1 
38; 9970;       1 
39; 0170;       0 
39; 0370;       0 
39; 0571;       0 
39; 0771;       0 
39; 0971;       0 
39; 1171;       1 
39; 1371;       0 
39; 1571;       0 
39; 1771;       0 
39; 1971;       0 
39; 2171;       0 
39; 2371;       0 
39; 2571;       0 
39; 2772;       0 
39; 2972;       1 
39; 3172;       0 
39; 3372;       1 
39; 3572;       0 
39; 3772;       0 
39; 3972;       0 
39; 4172;       0 
39; 4372;       0 
39; 4572;       0 
39; 4772;       0 
39; 4972;       0 
39; 5173;       0 
39; 5373;       1 
39; 5573;       0 
39; 5773;       0 
39; 5973;       0 
39; 6173;       0 
39; 6373;       0 
39; 6573;       0 
39; 6773;       0 
39; 6973;       0 
39; 7173;       0 
39; 7374;       0 
39; 7574;       0 
39; 7774;       0 
39; 7974;       0 
39; 8174;       1 
39; 8374;       0 
39; 8574;       0 
39; 8774;       0 
39; 8974;       1 
39; 9174;       0 
39; 9374;       0 
39; 9574;       1 
39; 9775;       0 
39; 9975;       0 
40; 0175;       0 
40; 0375;       0 
40; 0575;       0 
40; 0775;       0 
40; 0975;       0 
40; 1175;       0 
40; 1375;       0 
40; 1575;       0 
40; 1775;       0 
40; 1976;       0 
40; 2176;       0 
40; 2376;       0 
40; 2576;       0 
40; 2776;       0 
40; 2976;       0 
40; 3176;       0 
40; 3376;       0 
40; 3576;       1 
40; 3776;       0 
40; 3976;       0 
40; 4176;       0 
40; 4377;       1 
40; 4577;       1 
40; 4777;       0 
40; 4977;       0 
40; 5177;       1 
40; 5377;       0 
40; 5577;       0 
40; 5777;       1 
40; 5977;       0 
40; 6177;       0 
40; 6377;       0 
40; 6578;       0 
40; 6778;       0 
40; 6978;       0 
40; 7178;       0 
40; 7378;       0 
40; 7578;       0 
40; 7778;       0 
40; 7978;       0 
40; 8178;       2 
40; 8378;       1 
40; 8578;       0 
40; 8779;       0 
40; 8979;       0 
40; 9179;       0 
40; 9379;       0 
40; 9579;       1 
