0; 0000;     257 
0; 0200;     231 
0; 0400;     174 
0; 0600;     104 
0; 0800;      56 
0; 1000;      23 
0; 1200;      21 
0; 1400;      10 
0; 1600;       1 
0; 1800;       0 
0; 1999;       2 
0; 2199;       1 
0; 2399;       0 
0; 2599;       0 
0; 2799;       0 
0; 2999;       0 
0; 3199;       0 
0; 3399;       0 
0; 3599;       1 
0; 3799;       0 
0; 3999;       1 
0; 4199;       0 
0; 4399;       0 
0; 4599;       0 
0; 4799;       1 
0; 4999;       0 
0; 5199;       2 
0; 5399;       1 
0; 5598;       2 
0; 5798;      23 
0; 5998;      72 
0; 6198;     125 
0; 6398;     190 
0; 6598;     201 
0; 6798;     233 
0; 6998;     244 
0; 7198;     229 
0; 7398;     211 
0; 7598;     189 
0; 7798;     216 
0; 7998;     228 
0; 8198;     209 
0; 8398;     196 
0; 8598;     187 
0; 8798;     196 
0; 8998;     204 
0; 9197;     185 
0; 9397;     193 
0; 9597;     171 
0; 9797;     204 
0; 9997;     209 
1; 0197;     183 
1; 0397;     159 
1; 0597;     186 
1; 0797;     177 
1; 0997;     179 
1; 1197;     180 
1; 1397;     202 
1; 1597;     185 
1; 1797;     177 
1; 1997;     159 
1; 2197;     143 
1; 2397;     165 
1; 2597;     162 
1; 2797;     152 
1; 2996;     168 
1; 3196;     169 
1; 3396;     161 
1; 3596;     158 
1; 3796;     168 
1; 3996;     164 
1; 4196;     168 
1; 4396;     150 
1; 4596;     159 
1; 4796;     166 
1; 4996;     145 
1; 5196;     186 
1; 5396;     155 
1; 5596;     165 
1; 5796;     181 
1; 5996;     169 
1; 6196;     172 
1; 6396;     193 
1; 6595;     170 
1; 6795;     193 
1; 6995;     231 
1; 7195;     217 
1; 7395;     245 
1; 7595;     210 
1; 7795;     230 
1; 7995;     193 
1; 8195;     174 
1; 8395;     159 
1; 8595;     179 
1; 8795;     159 
1; 8995;     140 
1; 9195;     192 
1; 9395;     173 
1; 9595;     173 
1; 9795;     169 
1; 9995;     171 
2; 0194;     164 
2; 0394;     178 
2; 0594;     170 
2; 0794;     161 
2; 0994;     159 
2; 1194;     156 
2; 1394;     153 
2; 1594;     180 
2; 1794;     180 
2; 1994;     169 
2; 2194;     214 
2; 2394;     198 
2; 2594;     215 
2; 2794;     202 
2; 2994;     229 
2; 3194;     216 
2; 3394;     228 
2; 3594;     256 
2; 3794;     250 
2; 3993;     219 
2; 4193;     245 
2; 4393;     233 
2; 4593;     234 
2; 4793;     250 
2; 4993;     248 
2; 5193;     282 
2; 5393;     288 
2; 5593;     366 
2; 5793;     429 
2; 5993;     542 
2; 6193;     666 
2; 6393;     761 
2; 6593;     846 
2; 6793;     909 
2; 6993;     936 
2; 7193;     904 
2; 7393;     845 
2; 7592;     859 
2; 7792;     825 
2; 7992;     725 
2; 8192;     786 
2; 8392;     772 
2; 8592;     777 
2; 8792;     798 
2; 8992;     770 
2; 9192;     807 
2; 9392;     783 
2; 9592;     761 
2; 9792;     681 
2; 9992;     591 
3; 0192;     565 
3; 0392;     463 
3; 0592;     423 
3; 0792;     353 
3; 0992;     332 
3; 1191;     314 
3; 1391;     301 
3; 1591;     299 
3; 1791;     281 
3; 1991;     266 
3; 2191;     316 
3; 2391;     280 
3; 2591;     325 
3; 2791;     366 
3; 2991;     369 
3; 3191;     375 
3; 3391;     415 
3; 3591;     391 
3; 3791;     442 
3; 3991;     429 
3; 4191;     448 
3; 4391;     404 
3; 4591;     408 
3; 4791;     438 
3; 4990;     397 
3; 5190;     409 
3; 5390;     482 
3; 5590;     641 
3; 5790;     736 
3; 5990;     965 
3; 6190;    1224 
3; 6390;    1576 
3; 6590;    1763 
3; 6790;    1870 
3; 6990;    1831 
3; 7190;    1711 
3; 7390;    1491 
3; 7590;    1265 
3; 7790;     971 
3; 7990;     724 
3; 8190;     559 
3; 8390;     524 
3; 8589;     419 
3; 8789;     418 
3; 8989;     402 
3; 9189;     395 
3; 9389;     427 
3; 9589;     415 
3; 9789;     484 
3; 9989;     496 
4; 0189;     511 
4; 0389;     517 
4; 0589;     432 
4; 0789;     406 
4; 0989;     428 
4; 1189;     369 
4; 1389;     320 
4; 1589;     290 
4; 1789;     309 
4; 1989;     298 
4; 2188;     281 
4; 2388;     282 
4; 2588;     272 
4; 2788;     272 
4; 2988;     279 
4; 3188;     288 
4; 3388;     273 
4; 3588;     314 
4; 3788;     295 
4; 3988;     337 
4; 4188;     327 
4; 4388;     356 
4; 4588;     413 
4; 4788;     429 
4; 4988;     403 
4; 5188;     425 
4; 5388;     390 
4; 5588;     400 
4; 5788;     346 
4; 5987;     370 
4; 6187;     299 
4; 6387;     336 
4; 6587;     322 
4; 6787;     332 
4; 6987;     339 
4; 7187;     337 
4; 7387;     323 
4; 7587;     323 
4; 7787;     305 
4; 7987;     315 
4; 8187;     324 
4; 8387;     340 
4; 8587;     316 
4; 8787;     362 
4; 8987;     364 
4; 9187;     389 
4; 9387;     351 
4; 9586;     358 
4; 9786;     333 
4; 9986;     344 
5; 0186;     361 
5; 0386;     332 
5; 0586;     338 
5; 0786;     376 
5; 0986;     353 
5; 1186;     329 
5; 1386;     355 
5; 1586;     344 
5; 1786;     357 
5; 1986;     359 
5; 2186;     351 
5; 2386;     377 
5; 2586;     380 
5; 2786;     395 
5; 2986;     408 
5; 3185;     382 
5; 3385;     348 
5; 3585;     428 
5; 3785;     441 
5; 3985;     443 
5; 4185;     460 
5; 4385;     465 
5; 4585;     437 
5; 4785;     401 
5; 4985;     465 
5; 5185;     433 
5; 5385;     428 
5; 5585;     410 
5; 5785;     433 
5; 5985;     387 
5; 6185;     440 
5; 6385;     429 
5; 6585;     412 
5; 6785;     386 
5; 6984;     429 
5; 7184;     436 
5; 7384;     434 
5; 7584;     442 
5; 7784;     479 
5; 7984;     447 
5; 8184;     449 
5; 8384;     452 
5; 8584;     422 
5; 8784;     458 
5; 8984;     441 
5; 9184;     494 
5; 9384;     447 
5; 9584;     468 
5; 9784;     487 
5; 9984;     478 
6; 0184;     504 
6; 0384;     517 
6; 0583;     489 
6; 0783;     529 
6; 0983;     486 
6; 1183;     533 
6; 1383;     576 
6; 1583;     598 
6; 1783;     660 
6; 1983;     809 
6; 2183;     913 
6; 2383;    1082 
6; 2583;    1285 
6; 2783;    1487 
6; 2983;    1876 
6; 3183;    2123 
6; 3383;    2375 
6; 3583;    2628 
6; 3783;    2754 
6; 3983;    2773 
6; 4182;    2720 
6; 4382;    2473 
6; 4582;    2309 
6; 4782;    1888 
6; 4982;    1570 
6; 5182;    1283 
6; 5382;     989 
6; 5582;     873 
6; 5782;     727 
6; 5982;     690 
6; 6182;     651 
6; 6382;     604 
6; 6582;     563 
6; 6782;     633 
6; 6982;     653 
6; 7182;     646 
6; 7382;     611 
6; 7582;     674 
6; 7781;     654 
6; 7981;     641 
6; 8181;     663 
6; 8381;     652 
6; 8581;     762 
6; 8781;     731 
6; 8981;     739 
6; 9181;     754 
6; 9381;     765 
6; 9581;     834 
6; 9781;     893 
6; 9981;     942 
7; 0181;    1030 
7; 0381;     989 
7; 0581;    1065 
7; 0781;    1098 
7; 0981;    1013 
7; 1181;    1049 
7; 1381;     924 
7; 1580;     937 
7; 1780;     862 
7; 1980;     903 
7; 2180;     886 
7; 2380;     872 
7; 2580;     897 
7; 2780;     975 
7; 2980;     951 
7; 3180;     989 
7; 3380;     994 
7; 3580;    1047 
7; 3780;    1107 
7; 3980;    1168 
7; 4180;    1203 
7; 4380;    1355 
7; 4580;    1364 
7; 4780;    1293 
7; 4980;    1363 
7; 5179;    1341 
7; 5379;    1342 
7; 5579;    1278 
7; 5779;    1278 
7; 5979;    1193 
7; 6179;    1322 
7; 6379;    1297 
7; 6579;    1327 
7; 6779;    1409 
7; 6979;    1436 
7; 7179;    1637 
7; 7379;    1762 
7; 7579;    2118 
7; 7779;    2740 
7; 7979;    3886 
7; 8179;    5894 
7; 8379;    9568 
7; 8579;   15699 
7; 8778;   24942 
7; 8978;   39077 
7; 9178;   58470 
7; 9378;   82542 
7; 9578;  109571 
7; 9778;  138432 
7; 9978;  163733 
8; 0178;  184161 
8; 0378;  194126 
8; 0578;  192855 
8; 0778;  180142 
8; 0978;  160284 
8; 1178;  133191 
8; 1378;  104148 
8; 1578;   77531 
8; 1778;   54415 
8; 1978;   35820 
8; 2178;   22461 
8; 2378;   13835 
8; 2577;    8317 
8; 2777;    4916 
8; 2977;    3082 
8; 3177;    2025 
8; 3377;    1539 
8; 3577;    1307 
8; 3777;    1165 
8; 3977;    1066 
8; 4177;     994 
8; 4377;    1044 
8; 4577;     984 
8; 4777;     911 
8; 4977;    1032 
8; 5177;    1040 
8; 5377;    1137 
8; 5577;    1252 
8; 5777;    1273 
8; 5977;    1376 
8; 6176;    1449 
8; 6376;    1607 
8; 6576;    1868 
8; 6776;    2134 
8; 6976;    2700 
8; 7176;    3788 
8; 7376;    5199 
8; 7576;    7128 
8; 7776;    9833 
8; 7976;   13464 
8; 8176;   17181 
8; 8376;   21509 
8; 8576;   25185 
8; 8776;   28203 
8; 8976;   29469 
8; 9176;   29955 
8; 9376;   28473 
8; 9576;   25380 
8; 9775;   21639 
8; 9975;   17539 
9; 0175;   13445 
9; 0375;    9865 
9; 0575;    6840 
9; 0775;    4487 
9; 0975;    2863 
9; 1175;    1782 
9; 1375;    1171 
9; 1575;     709 
9; 1775;     546 
9; 1975;     398 
9; 2175;     348 
9; 2375;     278 
9; 2575;     322 
9; 2775;     272 
9; 2975;     252 
9; 3175;     250 
9; 3375;     272 
9; 3574;     223 
9; 3774;     245 
9; 3974;     237 
9; 4174;     255 
9; 4374;     211 
9; 4574;     219 
9; 4774;     235 
9; 4974;     254 
9; 5174;     246 
9; 5374;     251 
9; 5574;     246 
9; 5774;     238 
9; 5974;     251 
9; 6174;     227 
9; 6374;     239 
9; 6574;     236 
9; 6774;     259 
9; 6974;     223 
9; 7173;     232 
9; 7373;     231 
9; 7573;     208 
9; 7773;     216 
9; 7973;     206 
9; 8173;     197 
9; 8373;     209 
9; 8573;     195 
9; 8773;     229 
9; 8973;     199 
9; 9173;     209 
9; 9373;     198 
9; 9573;     177 
9; 9773;     195 
9; 9973;     190 
10; 0173;     191 
10; 0373;     188 
10; 0573;     177 
10; 0772;     185 
10; 0972;     192 
10; 1172;     190 
10; 1372;     167 
10; 1572;     163 
10; 1772;     190 
10; 1972;     190 
10; 2172;     186 
10; 2372;     157 
10; 2572;     187 
10; 2772;     186 
10; 2972;     187 
10; 3172;     208 
10; 3372;     195 
10; 3572;     226 
10; 3772;     237 
10; 3972;     270 
10; 4172;     331 
10; 4372;     364 
10; 4571;     444 
10; 4771;     446 
10; 4971;     556 
10; 5171;     528 
10; 5371;     564 
10; 5571;     572 
10; 5771;     538 
10; 5971;     556 
10; 6171;     467 
10; 6371;     448 
10; 6571;     389 
10; 6771;     331 
10; 6971;     315 
10; 7171;     244 
10; 7371;     274 
10; 7571;     247 
10; 7771;     197 
10; 7971;     182 
10; 8170;     198 
10; 8370;     203 
10; 8570;     185 
10; 8770;     190 
10; 8970;     179 
10; 9170;     198 
10; 9370;     191 
10; 9570;     170 
10; 9770;     189 
10; 9970;     176 
11; 0170;     172 
11; 0370;     144 
11; 0570;     167 
11; 0770;     170 
11; 0970;     188 
11; 1170;     171 
11; 1370;     171 
11; 1570;     164 
11; 1769;     170 
11; 1969;     188 
11; 2169;     169 
11; 2369;     189 
11; 2569;     160 
11; 2769;     171 
11; 2969;     180 
11; 3169;     155 
11; 3369;     165 
11; 3569;     163 
11; 3769;     178 
11; 3969;     160 
11; 4169;     186 
11; 4369;     168 
11; 4569;     169 
11; 4769;     151 
11; 4969;     158 
11; 5169;     151 
11; 5369;     157 
11; 5568;     163 
11; 5768;     169 
11; 5968;     160 
11; 6168;     201 
11; 6368;     203 
11; 6568;     194 
11; 6768;     213 
11; 6968;     166 
11; 7168;     239 
11; 7368;     181 
11; 7568;     229 
11; 7768;     202 
11; 7968;     208 
11; 8168;     212 
11; 8368;     195 
11; 8568;     192 
11; 8768;     181 
11; 8968;     163 
11; 9167;     161 
11; 9367;     126 
11; 9567;     146 
11; 9767;     146 
11; 9967;     152 
12; 0167;     152 
12; 0367;     142 
12; 0567;     160 
12; 0767;     150 
12; 0967;     152 
12; 1167;     135 
12; 1367;     154 
12; 1567;     128 
12; 1767;     155 
12; 1967;     166 
12; 2167;     148 
12; 2367;     140 
12; 2567;     136 
12; 2766;     144 
12; 2966;     175 
12; 3166;     143 
12; 3366;     166 
12; 3566;     151 
12; 3766;     177 
12; 3966;     167 
12; 4166;     167 
12; 4366;     171 
12; 4566;     187 
12; 4766;     240 
12; 4966;     252 
12; 5166;     282 
12; 5366;     289 
12; 5566;     357 
12; 5766;     376 
12; 5966;     397 
12; 6166;     398 
12; 6366;     388 
12; 6565;     371 
12; 6765;     437 
12; 6965;     335 
12; 7165;     312 
12; 7365;     254 
12; 7565;     293 
12; 7765;     231 
12; 7965;     198 
12; 8165;     164 
12; 8365;     164 
12; 8565;     164 
12; 8765;     155 
12; 8965;     160 
12; 9165;     151 
12; 9365;     165 
12; 9565;     134 
12; 9765;     114 
12; 9965;     152 
13; 0164;     136 
13; 0364;     149 
13; 0564;     151 
13; 0764;     153 
13; 0964;     131 
13; 1164;     129 
13; 1364;     116 
13; 1564;     139 
13; 1764;     125 
13; 1964;     118 
13; 2164;     114 
13; 2364;     121 
13; 2564;     116 
13; 2764;     138 
13; 2964;     135 
13; 3164;     118 
13; 3364;     129 
13; 3564;     115 
13; 3763;     135 
13; 3963;     128 
13; 4163;     105 
13; 4363;     136 
13; 4563;     123 
13; 4763;     102 
13; 4963;     117 
13; 5163;     119 
13; 5363;     125 
13; 5563;      98 
13; 5763;     112 
13; 5963;     123 
13; 6163;     122 
13; 6363;     119 
13; 6563;     123 
13; 6763;     105 
13; 6963;     115 
13; 7163;     116 
13; 7363;     125 
13; 7562;     147 
13; 7762;     111 
13; 7962;     119 
13; 8162;     115 
13; 8362;     116 
13; 8562;     114 
13; 8762;     117 
13; 8962;     128 
13; 9162;     118 
13; 9362;     123 
13; 9562;     113 
13; 9762;     119 
13; 9962;      97 
14; 0162;     129 
14; 0362;      91 
14; 0562;      74 
14; 0762;     131 
14; 0962;     117 
14; 1161;     111 
14; 1361;     121 
14; 1561;     130 
14; 1761;     112 
14; 1961;     123 
14; 2161;     136 
14; 2361;     132 
14; 2561;     112 
14; 2761;     116 
14; 2961;     137 
14; 3161;     134 
14; 3361;     152 
14; 3561;     183 
14; 3761;     158 
14; 3961;     179 
14; 4161;     158 
14; 4361;     169 
14; 4561;     181 
14; 4760;     162 
14; 4960;     181 
14; 5160;     153 
14; 5360;     165 
14; 5560;     151 
14; 5760;     126 
14; 5960;     140 
14; 6160;     134 
14; 6360;     120 
14; 6560;     151 
14; 6760;     150 
14; 6960;     125 
14; 7160;     135 
14; 7360;     153 
14; 7560;     152 
14; 7760;     136 
14; 7960;     160 
14; 8160;     155 
14; 8360;     137 
14; 8559;     136 
14; 8759;     141 
14; 8959;     108 
14; 9159;     136 
14; 9359;     123 
14; 9559;     137 
14; 9759;     131 
14; 9959;     134 
15; 0159;     112 
15; 0359;     143 
15; 0559;     137 
15; 0759;     118 
15; 0959;     142 
15; 1159;     109 
15; 1359;     136 
15; 1559;     129 
15; 1759;     135 
15; 1959;     122 
15; 2158;     136 
15; 2358;     125 
15; 2558;     122 
15; 2758;     130 
15; 2958;     119 
15; 3158;     146 
15; 3358;     132 
15; 3558;     111 
15; 3758;     132 
15; 3958;     135 
15; 4158;     105 
15; 4358;     106 
15; 4558;     100 
15; 4758;     139 
15; 4958;     131 
15; 5158;     135 
15; 5358;     123 
15; 5558;     119 
15; 5757;     126 
15; 5957;     111 
15; 6157;     105 
15; 6357;     112 
15; 6557;     119 
15; 6757;     112 
15; 6957;     118 
15; 7157;     123 
15; 7357;     127 
15; 7557;     143 
15; 7757;     137 
15; 7957;     157 
15; 8157;     161 
15; 8357;     210 
15; 8557;     230 
15; 8757;     293 
15; 8957;     350 
15; 9157;     510 
15; 9357;     673 
15; 9556;     962 
15; 9756;    1139 
15; 9956;    1368 
16; 0156;    1759 
16; 0356;    2004 
16; 0556;    2275 
16; 0756;    2471 
16; 0956;    2681 
16; 1156;    2676 
16; 1356;    2686 
16; 1556;    2537 
16; 1756;    2398 
16; 1956;    2011 
16; 2156;    1710 
16; 2356;    1457 
16; 2556;    1043 
16; 2756;     851 
16; 2956;     670 
16; 3155;     445 
16; 3355;     367 
16; 3555;     260 
16; 3755;     206 
16; 3955;     161 
16; 4155;     140 
16; 4355;     117 
16; 4555;     111 
16; 4755;     112 
16; 4955;     114 
16; 5155;     124 
16; 5355;     100 
16; 5555;     111 
16; 5755;     104 
16; 5955;     101 
16; 6155;     104 
16; 6355;     113 
16; 6555;     112 
16; 6754;     112 
16; 6954;     137 
16; 7154;     136 
16; 7354;     152 
16; 7554;     178 
16; 7754;     216 
16; 7954;     262 
16; 8154;     342 
16; 8354;     405 
16; 8554;     505 
16; 8754;     601 
16; 8954;     653 
16; 9154;     692 
16; 9354;     760 
16; 9554;     883 
16; 9754;     875 
16; 9954;     855 
17; 0154;     835 
17; 0354;     825 
17; 0553;     698 
17; 0753;     629 
17; 0953;     436 
17; 1153;     373 
17; 1353;     330 
17; 1553;     266 
17; 1753;     197 
17; 1953;     155 
17; 2153;     133 
17; 2353;     110 
17; 2553;     113 
17; 2753;      84 
17; 2953;      93 
17; 3153;      74 
17; 3353;      72 
17; 3553;      72 
17; 3753;      69 
17; 3953;      79 
17; 4152;      65 
17; 4352;      70 
17; 4552;      74 
17; 4752;      68 
17; 4952;      75 
17; 5152;      75 
17; 5352;      73 
17; 5552;      68 
17; 5752;      67 
17; 5952;      86 
17; 6152;      91 
17; 6352;      78 
17; 6552;      69 
17; 6752;      90 
17; 6952;      79 
17; 7152;      99 
17; 7352;      90 
17; 7552;     111 
17; 7751;     120 
17; 7951;     120 
17; 8151;     134 
17; 8351;     120 
17; 8551;     121 
17; 8751;     132 
17; 8951;     116 
17; 9151;     117 
17; 9351;     105 
17; 9551;      84 
17; 9751;      83 
17; 9951;      86 
18; 0151;      94 
18; 0351;      63 
18; 0551;      79 
18; 0751;      78 
18; 0951;      68 
18; 1151;      77 
18; 1350;      76 
18; 1550;      59 
18; 1750;      57 
18; 1950;      68 
18; 2150;      75 
18; 2350;      60 
18; 2550;      62 
18; 2750;      82 
18; 2950;      74 
18; 3150;      81 
18; 3350;      81 
18; 3550;      79 
18; 3750;      97 
18; 3950;      83 
18; 4150;      67 
18; 4350;      96 
18; 4550;      72 
18; 4750;      80 
18; 4950;      86 
18; 5149;     100 
18; 5349;      97 
18; 5549;     102 
18; 5749;      83 
18; 5949;     111 
18; 6149;     126 
18; 6349;     106 
18; 6549;     104 
18; 6749;     129 
18; 6949;     128 
18; 7149;     114 
18; 7349;     124 
18; 7549;     121 
18; 7749;     143 
18; 7949;     150 
18; 8149;     154 
18; 8349;     139 
18; 8549;     144 
18; 8748;     135 
18; 8948;     156 
18; 9148;     153 
18; 9348;     169 
18; 9548;     169 
18; 9748;     168 
18; 9948;     178 
19; 0148;     147 
19; 0348;     164 
19; 0548;     149 
19; 0748;     163 
19; 0948;     158 
19; 1148;     149 
19; 1348;     184 
19; 1548;     150 
19; 1748;     164 
19; 1948;     157 
19; 2148;     152 
19; 2347;     132 
19; 2547;     132 
19; 2747;     131 
19; 2947;     130 
19; 3147;     127 
19; 3347;     139 
19; 3547;     108 
19; 3747;     115 
19; 3947;      96 
19; 4147;     116 
19; 4347;      91 
19; 4547;      91 
19; 4747;      91 
19; 4947;      94 
19; 5147;      89 
19; 5347;      83 
19; 5547;      88 
19; 5747;      83 
19; 5947;      68 
19; 6146;      69 
19; 6346;      97 
19; 6546;      67 
19; 6746;      68 
19; 6946;      59 
19; 7146;      64 
19; 7346;      58 
19; 7546;      77 
19; 7746;      58 
19; 7946;      44 
19; 8146;      69 
19; 8346;      57 
19; 8546;      73 
19; 8746;      72 
19; 8946;      63 
19; 9146;      62 
19; 9346;      86 
19; 9546;      73 
19; 9745;      95 
19; 9945;      89 
20; 0145;     131 
20; 0345;     137 
20; 0545;     135 
20; 0745;     147 
20; 0945;     177 
20; 1145;     173 
20; 1345;     180 
20; 1545;     181 
20; 1745;     224 
20; 1945;     197 
20; 2145;     209 
20; 2345;     194 
20; 2545;     165 
20; 2745;     183 
20; 2945;     149 
20; 3145;     174 
20; 3344;     144 
20; 3544;     116 
20; 3744;      92 
20; 3944;      86 
20; 4144;      69 
20; 4344;      81 
20; 4544;      58 
20; 4744;      58 
20; 4944;      52 
20; 5144;      39 
20; 5344;      54 
20; 5544;      54 
20; 5744;      52 
20; 5944;      47 
20; 6144;      58 
20; 6344;      50 
20; 6544;      48 
20; 6744;      54 
20; 6944;      58 
20; 7143;      58 
20; 7343;      66 
20; 7543;      65 
20; 7743;      45 
20; 7943;      49 
20; 8143;      50 
20; 8343;      38 
20; 8543;      61 
20; 8743;      51 
20; 8943;      51 
20; 9143;      55 
20; 9343;      52 
20; 9543;      69 
20; 9743;      54 
20; 9943;      53 
21; 0143;      77 
21; 0343;      74 
21; 0543;      86 
21; 0742;      76 
21; 0942;      74 
21; 1142;      94 
21; 1342;      72 
21; 1542;     103 
21; 1742;      75 
21; 1942;      80 
21; 2142;     104 
21; 2342;      71 
21; 2542;      75 
21; 2742;      87 
21; 2942;      76 
21; 3142;      62 
21; 3342;      62 
21; 3542;      70 
21; 3742;      63 
21; 3942;      65 
21; 4142;      44 
21; 4341;      73 
21; 4541;      57 
21; 4741;      49 
21; 4941;      42 
21; 5141;      61 
21; 5341;      54 
21; 5541;      52 
21; 5741;      58 
21; 5941;      50 
21; 6141;      44 
21; 6341;      51 
21; 6541;      51 
21; 6741;      52 
21; 6941;      42 
21; 7141;      57 
21; 7341;      49 
21; 7541;      40 
21; 7741;      53 
21; 7941;      34 
21; 8140;      41 
21; 8340;      35 
21; 8540;      48 
21; 8740;      39 
21; 8940;      35 
21; 9140;      48 
21; 9340;      51 
21; 9540;      48 
21; 9740;      37 
21; 9940;      52 
22; 0140;      46 
22; 0340;      49 
22; 0540;      31 
22; 0740;      50 
22; 0940;      46 
22; 1140;      55 
22; 1340;      42 
22; 1540;      43 
22; 1739;      50 
22; 1939;      57 
22; 2139;      56 
22; 2339;      39 
22; 2539;      42 
22; 2739;      36 
22; 2939;      29 
22; 3139;      46 
22; 3339;      42 
22; 3539;      43 
22; 3739;      35 
22; 3939;      31 
22; 4139;      39 
22; 4339;      39 
22; 4539;      34 
22; 4739;      32 
22; 4939;      32 
22; 5139;      35 
22; 5338;      51 
22; 5538;      42 
22; 5738;      41 
22; 5938;      54 
22; 6138;      45 
22; 6338;      50 
22; 6538;      38 
22; 6738;      52 
22; 6938;      54 
22; 7138;      77 
22; 7338;      49 
22; 7538;      55 
22; 7738;      59 
22; 7938;      64 
22; 8138;      49 
22; 8338;      50 
22; 8538;      47 
22; 8738;      44 
22; 8938;      41 
22; 9137;      41 
22; 9337;      34 
22; 9537;      29 
22; 9737;      32 
22; 9937;      34 
23; 0137;      39 
23; 0337;      20 
23; 0537;      34 
23; 0737;      34 
23; 0937;      32 
23; 1137;      37 
23; 1337;      26 
23; 1537;      36 
23; 1737;      20 
23; 1937;      35 
23; 2137;      35 
23; 2337;      36 
23; 2537;      19 
23; 2736;      34 
23; 2936;      33 
23; 3136;      23 
23; 3336;      26 
23; 3536;      40 
23; 3736;      28 
23; 3936;      29 
23; 4136;      24 
23; 4336;      25 
23; 4536;      23 
23; 4736;      26 
23; 4936;      30 
23; 5136;      33 
23; 5336;      30 
23; 5536;      33 
23; 5736;      30 
23; 5936;      15 
23; 6136;      21 
23; 6335;      30 
23; 6535;      28 
23; 6735;      33 
23; 6935;      22 
23; 7135;      18 
23; 7335;      36 
23; 7535;      24 
23; 7735;      27 
23; 7935;      25 
23; 8135;      33 
23; 8335;      32 
23; 8535;      36 
23; 8735;      30 
23; 8935;      35 
23; 9135;      29 
23; 9335;      30 
23; 9535;      33 
23; 9735;      34 
23; 9935;      40 
24; 0134;      33 
24; 0334;      32 
24; 0534;      40 
24; 0734;      40 
24; 0934;      45 
24; 1134;      28 
24; 1334;      41 
24; 1534;      31 
24; 1734;      51 
24; 1934;      37 
24; 2134;      35 
24; 2334;      46 
24; 2534;      40 
24; 2734;      39 
24; 2934;      27 
24; 3134;      29 
24; 3334;      29 
24; 3534;      23 
24; 3733;      21 
24; 3933;      28 
24; 4133;      40 
24; 4333;      32 
24; 4533;      26 
24; 4733;      23 
24; 4933;      22 
24; 5133;      18 
24; 5333;      28 
24; 5533;      21 
24; 5733;      21 
24; 5933;      18 
24; 6133;      17 
24; 6333;      20 
24; 6533;      24 
24; 6733;      19 
24; 6933;      27 
24; 7133;      28 
24; 7332;      24 
24; 7532;      24 
24; 7732;      33 
24; 7932;      33 
24; 8132;      30 
24; 8332;      28 
24; 8532;      34 
24; 8732;      39 
24; 8932;      34 
24; 9132;      47 
24; 9332;      47 
24; 9532;      66 
24; 9732;      68 
24; 9932;      72 
25; 0132;      72 
25; 0332;      79 
25; 0532;      99 
25; 0732;      93 
25; 0932;      79 
25; 1131;     118 
25; 1331;     106 
25; 1531;      88 
25; 1731;     124 
25; 1931;     109 
25; 2131;     112 
25; 2331;     122 
25; 2531;     113 
25; 2731;     124 
25; 2931;     105 
25; 3131;     109 
25; 3331;     106 
25; 3531;     102 
25; 3731;     102 
25; 3931;      76 
25; 4131;      72 
25; 4331;      66 
25; 4531;      59 
25; 4730;      41 
25; 4930;      44 
25; 5130;      42 
25; 5330;      37 
25; 5530;      27 
25; 5730;      25 
25; 5930;      30 
25; 6130;      15 
25; 6330;      25 
25; 6530;      13 
25; 6730;      14 
25; 6930;      15 
25; 7130;      17 
25; 7330;      29 
25; 7530;      20 
25; 7730;      13 
25; 7930;       7 
25; 8130;       9 
25; 8329;      16 
25; 8529;      19 
25; 8729;      29 
25; 8929;      23 
25; 9129;      24 
25; 9329;      13 
25; 9529;      25 
25; 9729;      19 
25; 9929;      24 
26; 0129;      20 
26; 0329;      27 
26; 0529;      29 
26; 0729;      18 
26; 0929;      34 
26; 1129;      29 
26; 1329;      28 
26; 1529;      25 
26; 1729;      33 
26; 1929;      29 
26; 2128;      24 
26; 2328;      24 
26; 2528;      23 
26; 2728;      28 
26; 2928;      30 
26; 3128;      32 
26; 3328;      31 
26; 3528;      30 
26; 3728;      36 
26; 3928;      27 
26; 4128;      36 
26; 4328;      31 
26; 4528;      30 
26; 4728;      39 
26; 4928;      19 
26; 5128;      21 
26; 5328;      36 
26; 5528;      21 
26; 5727;      25 
26; 5927;      21 
26; 6127;      22 
26; 6327;      16 
26; 6527;      19 
26; 6727;      10 
26; 6927;      18 
26; 7127;      15 
26; 7327;      12 
26; 7527;      17 
26; 7727;      20 
26; 7927;      19 
26; 8127;      12 
26; 8327;      22 
26; 8527;      21 
26; 8727;      13 
26; 8927;      16 
26; 9127;      30 
26; 9326;      20 
26; 9526;      15 
26; 9726;      23 
26; 9926;      16 
27; 0126;      19 
27; 0326;      16 
27; 0526;      16 
27; 0726;      20 
27; 0926;      15 
27; 1126;      20 
27; 1326;      22 
27; 1526;      15 
27; 1726;       9 
27; 1926;      13 
27; 2126;       9 
27; 2326;      21 
27; 2526;      12 
27; 2726;      15 
27; 2926;      11 
27; 3125;      23 
27; 3325;      12 
27; 3525;      25 
27; 3725;      15 
27; 3925;      17 
27; 4125;      13 
27; 4325;      16 
27; 4525;      10 
27; 4725;      16 
27; 4925;      19 
27; 5125;       9 
27; 5325;      11 
27; 5525;      12 
27; 5725;      18 
27; 5925;      10 
27; 6125;      16 
27; 6325;      13 
27; 6525;      22 
27; 6724;      14 
27; 6924;      15 
27; 7124;      12 
27; 7324;      13 
27; 7524;      10 
27; 7724;      17 
27; 7924;       9 
27; 8124;      17 
27; 8324;      16 
27; 8524;      10 
27; 8724;      17 
27; 8924;       8 
27; 9124;      10 
27; 9324;      16 
27; 9524;      17 
27; 9724;       9 
27; 9924;       7 
28; 0124;      20 
28; 0323;      13 
28; 0523;      15 
28; 0723;      16 
28; 0923;      17 
28; 1123;      14 
28; 1323;      15 
28; 1523;      19 
28; 1723;      18 
28; 1923;      15 
28; 2123;      15 
28; 2323;      15 
28; 2523;      13 
28; 2723;      12 
28; 2923;      28 
28; 3123;      17 
28; 3323;      26 
28; 3523;      17 
28; 3723;      36 
28; 3923;      28 
28; 4122;      20 
28; 4322;      39 
28; 4522;      31 
28; 4722;      21 
28; 4922;      30 
28; 5122;      22 
28; 5322;      28 
28; 5522;      29 
28; 5722;      26 
28; 5922;      19 
28; 6122;      26 
28; 6322;      22 
28; 6522;      15 
28; 6722;      16 
28; 6922;      20 
28; 7122;      12 
28; 7322;      16 
28; 7522;      21 
28; 7721;      14 
28; 7921;      11 
28; 8121;      13 
28; 8321;      13 
28; 8521;       8 
28; 8721;      16 
28; 8921;      13 
28; 9121;      12 
28; 9321;      13 
28; 9521;       9 
28; 9721;      14 
28; 9921;      15 
29; 0121;      20 
29; 0321;      16 
29; 0521;      19 
29; 0721;      17 
29; 0921;      19 
29; 1121;      15 
29; 1320;      17 
29; 1520;      19 
29; 1720;      12 
29; 1920;      10 
29; 2120;      20 
29; 2320;      22 
29; 2520;      12 
29; 2720;      19 
29; 2920;      14 
29; 3120;      17 
29; 3320;      11 
29; 3520;       8 
29; 3720;       9 
29; 3920;      17 
29; 4120;       8 
29; 4320;       8 
29; 4520;      13 
29; 4720;       8 
29; 4920;       9 
29; 5119;      10 
29; 5319;      10 
29; 5519;      12 
29; 5719;       9 
29; 5919;      17 
29; 6119;       9 
29; 6319;      11 
29; 6519;      16 
29; 6719;      14 
29; 6919;      11 
29; 7119;      12 
29; 7319;      15 
29; 7519;      15 
29; 7719;      21 
29; 7919;      12 
29; 8119;      18 
29; 8319;      11 
29; 8519;       6 
29; 8718;      10 
29; 8918;      15 
29; 9118;       8 
29; 9318;      13 
29; 9518;       6 
29; 9718;       5 
29; 9918;       8 
30; 0118;      18 
30; 0318;       3 
30; 0518;       9 
30; 0718;      10 
30; 0918;      13 
30; 1118;       6 
30; 1318;      13 
30; 1518;      11 
30; 1718;       7 
30; 1918;      11 
30; 2118;       8 
30; 2317;       8 
30; 2517;      12 
30; 2717;       7 
30; 2917;       4 
30; 3117;      17 
30; 3317;      15 
30; 3517;      10 
30; 3717;       8 
30; 3917;       7 
30; 4117;       8 
30; 4317;      11 
30; 4517;      18 
30; 4717;       7 
30; 4917;       7 
30; 5117;       7 
30; 5317;      11 
30; 5517;      10 
30; 5717;      10 
30; 5916;       7 
30; 6116;       7 
30; 6316;      10 
30; 6516;       2 
30; 6716;       7 
30; 6916;       7 
30; 7116;       7 
30; 7316;       8 
30; 7516;      13 
30; 7716;      10 
30; 7916;       9 
30; 8116;       7 
30; 8316;      10 
30; 8516;       9 
30; 8716;      10 
30; 8916;       7 
30; 9116;       6 
30; 9316;       5 
30; 9516;       8 
30; 9715;       7 
30; 9915;       4 
31; 0115;       6 
31; 0315;       4 
31; 0515;       5 
31; 0715;       6 
31; 0915;       3 
31; 1115;       4 
31; 1315;       4 
31; 1515;       5 
31; 1715;       4 
31; 1915;      12 
31; 2115;       2 
31; 2315;       6 
31; 2515;       8 
31; 2715;       8 
31; 2915;       5 
31; 3115;       2 
31; 3314;      10 
31; 3514;       8 
31; 3714;       4 
31; 3914;       7 
31; 4114;       5 
31; 4314;      11 
31; 4514;       3 
31; 4714;       9 
31; 4914;       8 
31; 5114;       6 
31; 5314;      13 
31; 5514;       2 
31; 5714;       5 
31; 5914;       5 
31; 6114;       6 
31; 6314;       9 
31; 6514;       8 
31; 6714;       9 
31; 6913;       5 
31; 7113;       6 
31; 7313;       5 
31; 7513;       3 
31; 7713;       8 
31; 7913;       6 
31; 8113;       8 
31; 8313;       3 
31; 8513;       2 
31; 8713;      10 
31; 8913;       4 
31; 9113;       4 
31; 9313;       6 
31; 9513;       7 
31; 9713;       3 
31; 9913;       6 
32; 0113;       2 
32; 0313;       5 
32; 0513;       5 
32; 0712;       4 
32; 0912;       5 
32; 1112;       7 
32; 1312;       4 
32; 1512;       5 
32; 1712;       3 
32; 1912;       3 
32; 2112;       5 
32; 2312;       1 
32; 2512;       6 
32; 2712;       6 
32; 2912;       4 
32; 3112;       6 
32; 3312;       3 
32; 3512;       5 
32; 3712;       9 
32; 3912;       6 
32; 4112;       9 
32; 4311;       3 
32; 4511;       8 
32; 4711;       6 
32; 4911;      10 
32; 5111;       4 
32; 5311;       4 
32; 5511;       0 
32; 5711;       0 
32; 5911;      11 
32; 6111;       5 
32; 6311;       7 
32; 6511;       8 
32; 6711;       6 
32; 6911;       7 
32; 7111;       7 
32; 7311;       5 
32; 7511;       2 
32; 7711;      13 
32; 7910;       5 
32; 8110;       4 
32; 8310;       3 
32; 8510;       5 
32; 8710;       6 
32; 8910;       7 
32; 9110;       5 
32; 9310;       6 
32; 9510;       6 
32; 9710;       4 
32; 9910;       7 
33; 0110;       2 
33; 0310;       8 
33; 0510;       5 
33; 0710;       7 
33; 0910;       1 
33; 1110;       3 
33; 1310;       5 
33; 1510;       2 
33; 1709;       4 
33; 1909;       4 
33; 2109;       5 
33; 2309;       8 
33; 2509;       2 
33; 2709;       1 
33; 2909;       4 
33; 3109;       8 
33; 3309;      11 
33; 3509;       7 
33; 3709;       1 
33; 3909;       4 
33; 4109;       4 
33; 4309;       5 
33; 4509;       2 
33; 4709;       4 
33; 4909;       3 
33; 5109;       5 
33; 5308;       3 
33; 5508;       5 
33; 5708;       0 
33; 5908;       5 
33; 6108;       6 
33; 6308;       2 
33; 6508;       4 
33; 6708;       5 
33; 6908;       7 
33; 7108;       6 
33; 7308;       3 
33; 7508;       6 
33; 7708;       2 
33; 7908;       2 
33; 8108;       6 
33; 8308;       0 
33; 8508;       3 
33; 8708;       1 
33; 8907;       4 
33; 9107;       3 
33; 9307;       2 
33; 9507;       3 
33; 9707;       1 
33; 9907;       2 
34; 0107;       1 
34; 0307;       3 
34; 0507;       2 
34; 0707;       2 
34; 0907;       4 
34; 1107;       2 
34; 1307;       3 
34; 1507;       0 
34; 1707;       1 
34; 1907;       2 
34; 2107;       3 
34; 2307;       4 
34; 2507;       7 
34; 2706;       3 
34; 2906;       5 
34; 3106;       1 
34; 3306;       2 
34; 3506;       1 
34; 3706;       5 
34; 3906;       1 
34; 4106;       5 
34; 4306;       1 
34; 4506;       6 
34; 4706;       2 
34; 4906;       1 
34; 5106;       1 
34; 5306;       1 
34; 5506;       2 
34; 5706;       0 
34; 5906;       3 
34; 6106;       4 
34; 6305;       1 
34; 6505;       1 
34; 6705;       2 
34; 6905;       1 
34; 7105;       2 
34; 7305;       1 
34; 7505;       3 
34; 7705;       0 
34; 7905;       6 
34; 8105;       1 
34; 8305;       2 
34; 8505;       4 
34; 8705;       5 
34; 8905;       3 
34; 9105;       1 
34; 9305;       1 
34; 9505;       2 
34; 9705;       4 
34; 9904;       4 
35; 0104;       4 
35; 0304;       0 
35; 0504;       3 
35; 0704;       1 
35; 0904;       2 
35; 1104;       2 
35; 1304;       3 
35; 1504;       6 
35; 1704;       0 
35; 1904;       2 
35; 2104;       0 
35; 2304;       4 
35; 2504;       2 
35; 2704;       5 
35; 2904;       1 
35; 3104;       2 
35; 3304;       3 
35; 3504;       2 
35; 3703;       3 
35; 3903;       1 
35; 4103;       2 
35; 4303;       2 
35; 4503;       1 
35; 4703;       1 
35; 4903;       0 
35; 5103;       1 
35; 5303;       2 
35; 5503;       0 
35; 5703;       0 
35; 5903;       1 
35; 6103;       1 
35; 6303;       0 
35; 6503;       1 
35; 6703;       0 
35; 6903;       1 
35; 7103;       1 
35; 7302;       1 
35; 7502;       1 
35; 7702;       3 
35; 7902;       1 
35; 8102;       1 
35; 8302;       1 
35; 8502;       1 
35; 8702;       2 
35; 8902;       1 
35; 9102;       1 
35; 9302;       0 
35; 9502;       0 
35; 9702;       1 
35; 9902;       3 
36; 0102;       1 
36; 0302;       0 
36; 0502;       1 
36; 0702;       1 
36; 0901;       4 
36; 1101;       1 
36; 1301;       2 
36; 1501;       0 
36; 1701;       3 
36; 1901;       1 
36; 2101;       1 
36; 2301;       2 
36; 2501;       2 
36; 2701;       1 
36; 2901;       1 
36; 3101;       1 
36; 3301;       2 
36; 3501;       0 
36; 3701;       3 
36; 3901;       0 
36; 4101;       2 
36; 4301;       2 
36; 4501;       1 
36; 4700;       1 
36; 4900;       1 
36; 5100;       2 
36; 5300;       0 
36; 5500;       3 
36; 5700;       2 
36; 5900;       0 
36; 6100;       1 
36; 6300;       0 
36; 6500;       3 
36; 6700;       0 
36; 6900;       1 
36; 7100;       1 
36; 7300;       1 
36; 7500;       1 
36; 7700;       2 
36; 7900;       0 
36; 8100;       0 
36; 8299;       2 
36; 8499;       2 
36; 8699;       2 
36; 8899;       2 
36; 9099;       2 
36; 9299;       0 
36; 9499;       1 
36; 9699;       1 
36; 9899;       1 
37; 0099;       0 
37; 0299;       0 
37; 0499;       0 
37; 0699;       0 
37; 0899;       2 
37; 1099;       1 
37; 1299;       0 
37; 1499;       1 
37; 1699;       0 
37; 1898;       0 
37; 2098;       0 
37; 2298;       0 
37; 2498;       2 
37; 2698;       1 
37; 2898;       0 
37; 3098;       0 
37; 3298;       0 
37; 3498;       1 
37; 3698;       0 
37; 3898;       1 
37; 4098;       0 
37; 4298;       1 
37; 4498;       0 
37; 4698;       0 
37; 4898;       2 
37; 5098;       3 
37; 5298;       0 
37; 5498;       1 
37; 5697;       0 
37; 5897;       0 
37; 6097;       0 
37; 6297;       2 
37; 6497;       0 
37; 6697;       0 
37; 6897;       0 
37; 7097;       1 
37; 7297;       0 
37; 7497;       0 
37; 7697;       0 
37; 7897;       1 
37; 8097;       0 
37; 8297;       2 
37; 8497;       0 
37; 8697;       1 
37; 8897;       1 
37; 9097;       1 
37; 9296;       0 
37; 9496;       0 
37; 9696;       1 
37; 9896;       1 
38; 0096;       1 
38; 0296;       1 
38; 0496;       2 
38; 0696;       0 
38; 0896;       0 
38; 1096;       0 
38; 1296;       0 
38; 1496;       1 
38; 1696;       0 
38; 1896;       0 
38; 2096;       0 
38; 2296;       0 
38; 2496;       1 
38; 2696;       0 
38; 2895;       0 
38; 3095;       0 
38; 3295;       1 
38; 3495;       0 
38; 3695;       1 
38; 3895;       1 
38; 4095;       1 
38; 4295;       0 
38; 4495;       0 
38; 4695;       0 
38; 4895;       0 
38; 5095;       0 
38; 5295;       0 
38; 5495;       0 
38; 5695;       1 
38; 5895;       0 
38; 6095;       1 
38; 6295;       1 
38; 6495;       0 
38; 6694;       0 
38; 6894;       0 
38; 7094;       0 
38; 7294;       0 
38; 7494;       1 
38; 7694;       0 
38; 7894;       0 
38; 8094;       0 
38; 8294;       0 
38; 8494;       0 
38; 8694;       1 
38; 8894;       0 
38; 9094;       0 
38; 9294;       0 
38; 9494;       0 
38; 9694;       0 
38; 9894;       3 
39; 0094;       0 
39; 0293;       0 
39; 0493;       0 
39; 0693;       1 
39; 0893;       1 
39; 1093;       0 
39; 1293;       1 
39; 1493;       0 
39; 1693;       1 
39; 1893;       0 
39; 2093;       0 
39; 2293;       0 
39; 2493;       0 
39; 2693;       0 
39; 2893;       0 
39; 3093;       1 
39; 3293;       0 
39; 3493;       1 
39; 3693;       0 
39; 3892;       1 
39; 4092;       0 
39; 4292;       1 
39; 4492;       0 
39; 4692;       0 
39; 4892;       0 
39; 5092;       0 
39; 5292;       0 
39; 5492;       1 
39; 5692;       0 
39; 5892;       0 
39; 6092;       0 
39; 6292;       1 
39; 6492;       0 
39; 6692;       0 
39; 6892;       0 
39; 7092;       0 
39; 7292;       0 
39; 7492;       0 
39; 7691;       0 
39; 7891;       0 
39; 8091;       2 
39; 8291;       1 
39; 8491;       0 
39; 8691;       1 
39; 8891;       0 
39; 9091;       0 
39; 9291;       0 
39; 9491;       1 
39; 9691;       1 
39; 9891;       2 
40; 0091;       0 
40; 0291;       0 
40; 0491;       0 
40; 0691;       0 
40; 0891;       0 
40; 1091;       0 
40; 1290;       1 
40; 1490;       0 
40; 1690;       0 
40; 1890;       0 
40; 2090;       0 
40; 2290;       0 
40; 2490;       0 
40; 2690;       0 
40; 2890;       0 
40; 3090;       0 
40; 3290;       0 
40; 3490;       0 
40; 3690;       2 
40; 3890;       1 
40; 4090;       0 
40; 4290;       0 
40; 4490;       0 
40; 4690;       0 
40; 4889;       0 
40; 5089;       0 
40; 5289;       0 
40; 5489;       0 
40; 5689;       0 
40; 5889;       0 
40; 6089;       1 
40; 6289;       0 
40; 6489;       0 
40; 6689;       0 
40; 6889;       0 
40; 7089;       0 
40; 7289;       0 
40; 7489;       0 
40; 7689;       0 
40; 7889;       0 
40; 8089;       0 
40; 8289;       0 
40; 8489;       0 
40; 8688;       0 
40; 8888;       0 
40; 9088;       0 
40; 9288;       0 
