0; 0000;     380 
0; 0200;     375 
0; 0400;     272 
0; 0599;     167 
0; 0799;     110 
0; 0999;      40 
0; 1199;      25 
0; 1398;       2 
0; 1598;       2 
0; 1798;       2 
0; 1998;       1 
0; 2198;       0 
0; 2397;       0 
0; 2597;       0 
0; 2797;       0 
0; 2997;       0 
0; 3197;       1 
0; 3396;       0 
0; 3596;       0 
0; 3796;       0 
0; 3996;       0 
0; 4195;       0 
0; 4395;       0 
0; 4595;       0 
0; 4795;       1 
0; 4995;       1 
0; 5194;       0 
0; 5394;       1 
0; 5594;       5 
0; 5794;      21 
0; 5993;      74 
0; 6193;     171 
0; 6393;     256 
0; 6593;     310 
0; 6793;     338 
0; 6992;     318 
0; 7192;     343 
0; 7392;     314 
0; 7592;     379 
0; 7792;     341 
0; 7991;     318 
0; 8191;     327 
0; 8391;     291 
0; 8591;     307 
0; 8790;     310 
0; 8990;     298 
0; 9190;     296 
0; 9390;     281 
0; 9590;     287 
0; 9789;     282 
0; 9989;     278 
1; 0189;     298 
1; 0389;     276 
1; 0588;     282 
1; 0788;     276 
1; 0988;     277 
1; 1188;     317 
1; 1388;     287 
1; 1587;     292 
1; 1787;     305 
1; 1987;     287 
1; 2187;     323 
1; 2386;     311 
1; 2586;     320 
1; 2786;     315 
1; 2986;     339 
1; 3186;     304 
1; 3385;     272 
1; 3585;     294 
1; 3785;     276 
1; 3985;     312 
1; 4185;     316 
1; 4384;     315 
1; 4584;     303 
1; 4784;     330 
1; 4984;     278 
1; 5183;     289 
1; 5383;     322 
1; 5583;     323 
1; 5783;     245 
1; 5983;     298 
1; 6182;     307 
1; 6382;     274 
1; 6582;     241 
1; 6782;     277 
1; 6981;     283 
1; 7181;     279 
1; 7381;     251 
1; 7581;     279 
1; 7781;     212 
1; 7980;     258 
1; 8180;     246 
1; 8380;     249 
1; 8580;     212 
1; 8780;     251 
1; 8979;     236 
1; 9179;     247 
1; 9379;     236 
1; 9579;     198 
1; 9778;     239 
1; 9978;     208 
2; 0178;     221 
2; 0378;     243 
2; 0578;     238 
2; 0777;     247 
2; 0977;     261 
2; 1177;     260 
2; 1377;     238 
2; 1576;     248 
2; 1776;     308 
2; 1976;     376 
2; 2176;     443 
2; 2376;     571 
2; 2575;     631 
2; 2775;     788 
2; 2975;     758 
2; 3175;     781 
2; 3375;     744 
2; 3574;     609 
2; 3774;     582 
2; 3974;     524 
2; 4174;     440 
2; 4373;     381 
2; 4573;     380 
2; 4773;     366 
2; 4973;     421 
2; 5173;     386 
2; 5372;     474 
2; 5572;     634 
2; 5772;     765 
2; 5972;     918 
2; 6171;    1185 
2; 6371;    1284 
2; 6571;    1408 
2; 6771;    1430 
2; 6971;    1383 
2; 7170;    1346 
2; 7370;    1321 
2; 7570;    1293 
2; 7770;    1244 
2; 7969;    1180 
2; 8169;    1297 
2; 8369;    1374 
2; 8569;    1556 
2; 8769;    1908 
2; 8968;    2323 
2; 9168;    2743 
2; 9368;    3407 
2; 9568;    3780 
2; 9768;    3916 
2; 9967;    3748 
3; 0167;    3468 
3; 0367;    2983 
3; 0567;    2584 
3; 0766;    2409 
3; 0966;    2254 
3; 1166;    2236 
3; 1366;    2312 
3; 1566;    2308 
3; 1765;    2225 
3; 1965;    2023 
3; 2165;    1839 
3; 2365;    1561 
3; 2564;    1297 
3; 2764;    1207 
3; 2964;    1003 
3; 3164;     901 
3; 3364;     833 
3; 3563;     809 
3; 3763;     649 
3; 3963;     630 
3; 4163;     562 
3; 4363;     461 
3; 4562;     415 
3; 4762;     401 
3; 4962;     335 
3; 5162;     336 
3; 5361;     351 
3; 5561;     374 
3; 5761;     422 
3; 5961;     487 
3; 6161;     602 
3; 6360;     639 
3; 6560;     747 
3; 6760;     750 
3; 6960;     773 
3; 7159;     775 
3; 7359;     719 
3; 7559;     643 
3; 7759;     499 
3; 7959;     452 
3; 8158;     355 
3; 8358;     270 
3; 8558;     240 
3; 8758;     221 
3; 8958;     234 
3; 9157;     252 
3; 9357;     260 
3; 9557;     276 
3; 9757;     291 
3; 9956;     300 
4; 0156;     276 
4; 0356;     306 
4; 0556;     270 
4; 0756;     282 
4; 0955;     282 
4; 1155;     245 
4; 1355;     235 
4; 1555;     270 
4; 1754;     236 
4; 1954;     184 
4; 2154;     216 
4; 2354;     223 
4; 2554;     216 
4; 2753;     227 
4; 2953;     193 
4; 3153;     209 
4; 3353;     254 
4; 3552;     269 
4; 3752;     239 
4; 3952;     262 
4; 4152;     253 
4; 4352;     261 
4; 4551;     295 
4; 4751;     285 
4; 4951;     312 
4; 5151;     326 
4; 5351;     286 
4; 5550;     304 
4; 5750;     331 
4; 5950;     298 
4; 6150;     276 
4; 6349;     271 
4; 6549;     275 
4; 6749;     260 
4; 6949;     264 
4; 7149;     244 
4; 7348;     278 
4; 7548;     265 
4; 7748;     292 
4; 7948;     282 
4; 8147;     242 
4; 8347;     292 
4; 8547;     318 
4; 8747;     280 
4; 8947;     295 
4; 9146;     300 
4; 9346;     309 
4; 9546;     286 
4; 9746;     298 
4; 9946;     324 
5; 0145;     291 
5; 0345;     319 
5; 0545;     302 
5; 0745;     279 
5; 0944;     301 
5; 1144;     283 
5; 1344;     301 
5; 1544;     339 
5; 1744;     292 
5; 1943;     309 
5; 2143;     312 
5; 2343;     311 
5; 2543;     324 
5; 2742;     336 
5; 2942;     321 
5; 3142;     323 
5; 3342;     343 
5; 3542;     363 
5; 3741;     334 
5; 3941;     427 
5; 4141;     360 
5; 4341;     389 
5; 4541;     410 
5; 4740;     413 
5; 4940;     382 
5; 5140;     382 
5; 5340;     404 
5; 5539;     401 
5; 5739;     441 
5; 5939;     415 
5; 6139;     375 
5; 6339;     406 
5; 6538;     446 
5; 6738;     401 
5; 6938;     429 
5; 7138;     403 
5; 7337;     446 
5; 7537;     458 
5; 7737;     464 
5; 7937;     440 
5; 8137;     473 
5; 8336;     471 
5; 8536;     425 
5; 8736;     434 
5; 8936;     502 
5; 9135;     493 
5; 9335;     513 
5; 9535;     425 
5; 9735;     439 
5; 9935;     475 
6; 0134;     439 
6; 0334;     474 
6; 0534;     465 
6; 0734;     467 
6; 0934;     508 
6; 1133;     474 
6; 1333;     510 
6; 1533;     508 
6; 1733;     571 
6; 1932;     552 
6; 2132;     610 
6; 2332;     655 
6; 2532;     675 
6; 2732;     792 
6; 2931;     861 
6; 3131;     918 
6; 3331;    1052 
6; 3531;    1164 
6; 3730;    1087 
6; 3930;    1217 
6; 4130;    1185 
6; 4330;    1063 
6; 4530;    1012 
6; 4729;     900 
6; 4929;     765 
6; 5129;     636 
6; 5329;     605 
6; 5529;     561 
6; 5728;     481 
6; 5928;     490 
6; 6128;     486 
6; 6328;     469 
6; 6527;     488 
6; 6727;     504 
6; 6927;     478 
6; 7127;     465 
6; 7327;     501 
6; 7526;     485 
6; 7726;     495 
6; 7926;     510 
6; 8126;     468 
6; 8325;     491 
6; 8525;     517 
6; 8725;     538 
6; 8925;     518 
6; 9125;     558 
6; 9324;     481 
6; 9524;     526 
6; 9724;     606 
6; 9924;     590 
7; 0124;     636 
7; 0323;     639 
7; 0523;     668 
7; 0723;     633 
7; 0923;     645 
7; 1122;     656 
7; 1322;     616 
7; 1522;     642 
7; 1722;     693 
7; 1922;     615 
7; 2121;     661 
7; 2321;     703 
7; 2521;     729 
7; 2721;     757 
7; 2920;     787 
7; 3120;     817 
7; 3320;     891 
7; 3520;    1000 
7; 3720;    1044 
7; 3919;    1067 
7; 4119;    1092 
7; 4319;    1214 
7; 4519;    1231 
7; 4718;    1335 
7; 4918;    1249 
7; 5118;    1212 
7; 5318;    1159 
7; 5518;    1066 
7; 5717;    1017 
7; 5917;     968 
7; 6117;     874 
7; 6317;     836 
7; 6517;     925 
7; 6716;     910 
7; 6916;     908 
7; 7116;     889 
7; 7316;     979 
7; 7515;    1065 
7; 7715;    1192 
7; 7915;    1644 
7; 8115;    2268 
7; 8315;    3303 
7; 8514;    5313 
7; 8714;    8482 
7; 8914;   13608 
7; 9114;   20654 
7; 9313;   29971 
7; 9513;   40882 
7; 9713;   52688 
7; 9913;   64731 
8; 0113;   74220 
8; 0312;   80283 
8; 0512;   81255 
8; 0712;   77844 
8; 0912;   69945 
8; 1112;   59846 
8; 1311;   48227 
8; 1511;   36249 
8; 1711;   25389 
8; 1911;   17149 
8; 2110;   10968 
8; 2310;    6935 
8; 2510;    3953 
8; 2710;    2437 
8; 2910;    1622 
8; 3109;    1221 
8; 3309;     895 
8; 3509;     771 
8; 3709;     736 
8; 3908;     687 
8; 4108;     625 
8; 4308;     649 
8; 4508;     632 
8; 4708;     673 
8; 4907;     670 
8; 5107;     614 
8; 5307;     653 
8; 5507;     691 
8; 5707;     727 
8; 5906;     744 
8; 6106;     785 
8; 6306;     831 
8; 6506;     867 
8; 6705;    1040 
8; 6905;    1213 
8; 7105;    1524 
8; 7305;    1959 
8; 7505;    2667 
8; 7704;    3704 
8; 7904;    5029 
8; 8104;    6419 
8; 8304;    8233 
8; 8503;    9861 
8; 8703;   11159 
8; 8903;   12206 
8; 9103;   12367 
8; 9303;   12307 
8; 9502;   11297 
8; 9702;    9922 
8; 9902;    8188 
9; 0102;    6481 
9; 0301;    4670 
9; 0501;    3305 
9; 0701;    2329 
9; 0901;    1648 
9; 1101;    1114 
9; 1300;     787 
9; 1500;     606 
9; 1700;     466 
9; 1900;     447 
9; 2100;     422 
9; 2299;     382 
9; 2499;     398 
9; 2699;     359 
9; 2899;     322 
9; 3098;     314 
9; 3298;     319 
9; 3498;     325 
9; 3698;     333 
9; 3898;     330 
9; 4097;     343 
9; 4297;     355 
9; 4497;     312 
9; 4697;     317 
9; 4896;     346 
9; 5096;     358 
9; 5296;     364 
9; 5496;     373 
9; 5696;     391 
9; 5895;     391 
9; 6095;     434 
9; 6295;     430 
9; 6495;     483 
9; 6695;     543 
9; 6894;     510 
9; 7094;     540 
9; 7294;     546 
9; 7494;     534 
9; 7693;     531 
9; 7893;     453 
9; 8093;     474 
9; 8293;     430 
9; 8493;     377 
9; 8692;     382 
9; 8892;     346 
9; 9092;     357 
9; 9292;     328 
9; 9491;     317 
9; 9691;     286 
9; 9891;     337 
10; 0091;     334 
10; 0291;     363 
10; 0490;     329 
10; 0690;     343 
10; 0890;     343 
10; 1090;     310 
10; 1290;     325 
10; 1489;     278 
10; 1689;     310 
10; 1889;     335 
10; 2089;     365 
10; 2288;     300 
10; 2488;     337 
10; 2688;     332 
10; 2888;     385 
10; 3088;     376 
10; 3287;     388 
10; 3487;     411 
10; 3687;     456 
10; 3887;     502 
10; 4086;     630 
10; 4286;     704 
10; 4486;     819 
10; 4686;     916 
10; 4886;    1012 
10; 5085;    1115 
10; 5285;    1138 
10; 5485;    1243 
10; 5685;    1278 
10; 5884;    1214 
10; 6084;    1177 
10; 6284;     985 
10; 6484;     869 
10; 6684;     768 
10; 6883;     631 
10; 7083;     555 
10; 7283;     502 
10; 7483;     474 
10; 7683;     407 
10; 7882;     391 
10; 8082;     377 
10; 8282;     363 
10; 8482;     398 
10; 8681;     357 
10; 8881;     385 
10; 9081;     389 
10; 9281;     374 
10; 9481;     356 
10; 9680;     367 
10; 9880;     340 
11; 0080;     318 
11; 0280;     361 
11; 0479;     353 
11; 0679;     360 
11; 0879;     323 
11; 1079;     323 
11; 1279;     342 
11; 1478;     328 
11; 1678;     373 
11; 1878;     324 
11; 2078;     335 
11; 2278;     355 
11; 2477;     338 
11; 2677;     347 
11; 2877;     383 
11; 3077;     380 
11; 3276;     386 
11; 3476;     407 
11; 3676;     428 
11; 3876;     479 
11; 4076;     457 
11; 4275;     507 
11; 4475;     553 
11; 4675;     488 
11; 4875;     468 
11; 5074;     482 
11; 5274;     447 
11; 5474;     453 
11; 5674;     463 
11; 5874;     410 
11; 6073;     383 
11; 6273;     377 
11; 6473;     356 
11; 6673;     375 
11; 6873;     317 
11; 7072;     361 
11; 7272;     338 
11; 7472;     336 
11; 7672;     343 
11; 7871;     295 
11; 8071;     336 
11; 8271;     371 
11; 8471;     338 
11; 8671;     396 
11; 8870;     462 
11; 9070;     401 
11; 9270;     376 
11; 9470;     411 
11; 9669;     389 
11; 9869;     399 
12; 0069;     370 
12; 0269;     362 
12; 0469;     315 
12; 0668;     336 
12; 0868;     310 
12; 1068;     301 
12; 1268;     296 
12; 1467;     284 
12; 1667;     284 
12; 1867;     293 
12; 2067;     304 
12; 2267;     278 
12; 2466;     335 
12; 2666;     315 
12; 2866;     322 
12; 3066;     307 
12; 3266;     306 
12; 3465;     325 
12; 3665;     331 
12; 3865;     341 
12; 4065;     380 
12; 4264;     359 
12; 4464;     426 
12; 4664;     443 
12; 4864;     536 
12; 5064;     614 
12; 5263;     691 
12; 5463;     817 
12; 5663;     901 
12; 5863;     965 
12; 6062;    1007 
12; 6262;    1098 
12; 6462;    1049 
12; 6662;     935 
12; 6862;     892 
12; 7061;     879 
12; 7261;     732 
12; 7461;     695 
12; 7661;     597 
12; 7861;     511 
12; 8060;     459 
12; 8260;     389 
12; 8460;     369 
12; 8660;     351 
12; 8859;     322 
12; 9059;     317 
12; 9259;     319 
12; 9459;     321 
12; 9659;     326 
12; 9858;     352 
13; 0058;     347 
13; 0258;     322 
13; 0458;     365 
13; 0657;     325 
13; 0857;     326 
13; 1057;     298 
13; 1257;     331 
13; 1457;     300 
13; 1656;     291 
13; 1856;     276 
13; 2056;     255 
13; 2256;     305 
13; 2456;     289 
13; 2655;     299 
13; 2855;     285 
13; 3055;     291 
13; 3255;     297 
13; 3454;     289 
13; 3654;     295 
13; 3854;     303 
13; 4054;     308 
13; 4254;     300 
13; 4453;     269 
13; 4653;     295 
13; 4853;     265 
13; 5053;     262 
13; 5252;     267 
13; 5452;     256 
13; 5652;     261 
13; 5852;     251 
13; 6052;     239 
13; 6251;     244 
13; 6451;     240 
13; 6651;     242 
13; 6851;     233 
13; 7050;     257 
13; 7250;     245 
13; 7450;     259 
13; 7650;     227 
13; 7850;     243 
13; 8049;     260 
13; 8249;     255 
13; 8449;     254 
13; 8649;     260 
13; 8849;     219 
13; 9048;     229 
13; 9248;     229 
13; 9448;     239 
13; 9648;     249 
13; 9847;     241 
14; 0047;     236 
14; 0247;     210 
14; 0447;     213 
14; 0647;     206 
14; 0846;     198 
14; 1046;     208 
14; 1246;     210 
14; 1446;     246 
14; 1645;     235 
14; 1845;     210 
14; 2045;     216 
14; 2245;     229 
14; 2445;     221 
14; 2644;     232 
14; 2844;     218 
14; 3044;     211 
14; 3244;     227 
14; 3444;     251 
14; 3643;     233 
14; 3843;     217 
14; 4043;     205 
14; 4243;     205 
14; 4442;     205 
14; 4642;     242 
14; 4842;     207 
14; 5042;     242 
14; 5242;     194 
14; 5441;     212 
14; 5641;     228 
14; 5841;     222 
14; 6041;     219 
14; 6240;     234 
14; 6440;     262 
14; 6640;     270 
14; 6840;     296 
14; 7040;     301 
14; 7239;     302 
14; 7439;     343 
14; 7639;     326 
14; 7839;     324 
14; 8039;     290 
14; 8238;     300 
14; 8438;     298 
14; 8638;     278 
14; 8838;     282 
14; 9037;     238 
14; 9237;     245 
14; 9437;     234 
14; 9637;     222 
14; 9837;     205 
15; 0036;     209 
15; 0236;     229 
15; 0436;     220 
15; 0636;     215 
15; 0835;     220 
15; 1035;     236 
15; 1235;     221 
15; 1435;     246 
15; 1635;     242 
15; 1834;     241 
15; 2034;     223 
15; 2234;     241 
15; 2434;     206 
15; 2633;     247 
15; 2833;     205 
15; 3033;     233 
15; 3233;     244 
15; 3433;     217 
15; 3632;     183 
15; 3832;     199 
15; 4032;     217 
15; 4232;     190 
15; 4432;     189 
15; 4631;     187 
15; 4831;     205 
15; 5031;     193 
15; 5231;     185 
15; 5430;     186 
15; 5630;     204 
15; 5830;     204 
15; 6030;     190 
15; 6230;     191 
15; 6429;     208 
15; 6629;     212 
15; 6829;     190 
15; 7029;     181 
15; 7228;     189 
15; 7428;     216 
15; 7628;     197 
15; 7828;     192 
15; 8028;     203 
15; 8227;     207 
15; 8427;     190 
15; 8627;     208 
15; 8827;     225 
15; 9027;     228 
15; 9226;     218 
15; 9426;     256 
15; 9626;     292 
15; 9826;     315 
16; 0025;     357 
16; 0225;     378 
16; 0425;     394 
16; 0625;     430 
16; 0825;     443 
16; 1024;     480 
16; 1224;     508 
16; 1424;     482 
16; 1624;     415 
16; 1823;     416 
16; 2023;     380 
16; 2223;     339 
16; 2423;     306 
16; 2623;     297 
16; 2822;     252 
16; 3022;     231 
16; 3222;     226 
16; 3422;     220 
16; 3622;     187 
16; 3821;     168 
16; 4021;     178 
16; 4221;     179 
16; 4421;     170 
16; 4620;     154 
16; 4820;     188 
16; 5020;     168 
16; 5220;     168 
16; 5420;     200 
16; 5619;     174 
16; 5819;     161 
16; 6019;     183 
16; 6219;     159 
16; 6418;     158 
16; 6618;     176 
16; 6818;     161 
16; 7018;     196 
16; 7218;     169 
16; 7417;     162 
16; 7617;     166 
16; 7817;     204 
16; 8017;     178 
16; 8216;     182 
16; 8416;     213 
16; 8616;     191 
16; 8816;     196 
16; 9016;     213 
16; 9215;     225 
16; 9415;     244 
16; 9615;     219 
16; 9815;     253 
17; 0015;     249 
17; 0214;     241 
17; 0414;     256 
17; 0614;     201 
17; 0814;     207 
17; 1013;     195 
17; 1213;     165 
17; 1413;     170 
17; 1613;     171 
17; 1813;     167 
17; 2012;     155 
17; 2212;     149 
17; 2412;     163 
17; 2612;     147 
17; 2811;     167 
17; 3011;     150 
17; 3211;     156 
17; 3411;     149 
17; 3611;     143 
17; 3810;     146 
17; 4010;     151 
17; 4210;     125 
17; 4410;     140 
17; 4610;     145 
17; 4809;     155 
17; 5009;     161 
17; 5209;     167 
17; 5409;     161 
17; 5608;     155 
17; 5808;     146 
17; 6008;     151 
17; 6208;     135 
17; 6408;     166 
17; 6607;     153 
17; 6807;     172 
17; 7007;     174 
17; 7207;     156 
17; 7406;     170 
17; 7606;     159 
17; 7806;     159 
17; 8006;     149 
17; 8206;     141 
17; 8405;     176 
17; 8605;     164 
17; 8805;     157 
17; 9005;     166 
17; 9205;     174 
17; 9404;     145 
17; 9604;     147 
17; 9804;     172 
18; 0004;     155 
18; 0203;     143 
18; 0403;     156 
18; 0603;     159 
18; 0803;     151 
18; 1003;     153 
18; 1202;     140 
18; 1402;     181 
18; 1602;     157 
18; 1802;     169 
18; 2001;     159 
18; 2201;     156 
18; 2401;     141 
18; 2601;     164 
18; 2801;     174 
18; 3000;     158 
18; 3200;     166 
18; 3400;     188 
18; 3600;     167 
18; 3800;     144 
18; 3999;     153 
18; 4199;     159 
18; 4399;     201 
18; 4599;     153 
18; 4798;     184 
18; 4998;     181 
18; 5198;     167 
18; 5398;     213 
18; 5598;     176 
18; 5797;     186 
18; 5997;     201 
18; 6197;     201 
18; 6397;     213 
18; 6596;     195 
18; 6796;     194 
18; 6996;     219 
18; 7196;     209 
18; 7396;     225 
18; 7595;     248 
18; 7795;     221 
18; 7995;     237 
18; 8195;     254 
18; 8394;     254 
18; 8594;     274 
18; 8794;     273 
18; 8994;     268 
18; 9194;     286 
18; 9393;     306 
18; 9593;     316 
18; 9793;     303 
18; 9993;     262 
19; 0193;     311 
19; 0392;     277 
19; 0592;     317 
19; 0792;     282 
19; 0992;     323 
19; 1191;     286 
19; 1391;     279 
19; 1591;     297 
19; 1791;     303 
19; 1991;     284 
19; 2190;     260 
19; 2390;     238 
19; 2590;     245 
19; 2790;     281 
19; 2989;     281 
19; 3189;     253 
19; 3389;     243 
19; 3589;     206 
19; 3789;     226 
19; 3988;     216 
19; 4188;     223 
19; 4388;     215 
19; 4588;     215 
19; 4788;     194 
19; 4987;     171 
19; 5187;     196 
19; 5387;     179 
19; 5587;     172 
19; 5786;     155 
19; 5986;     174 
19; 6186;     163 
19; 6386;     179 
19; 6586;     149 
19; 6785;     168 
19; 6985;     147 
19; 7185;     183 
19; 7385;     145 
19; 7584;     150 
19; 7784;     175 
19; 7984;     165 
19; 8184;     158 
19; 8384;     185 
19; 8583;     175 
19; 8783;     183 
19; 8983;     193 
19; 9183;     213 
19; 9383;     218 
19; 9582;     225 
19; 9782;     281 
19; 9982;     318 
20; 0182;     350 
20; 0381;     454 
20; 0581;     430 
20; 0781;     449 
20; 0981;     535 
20; 1181;     531 
20; 1380;     582 
20; 1580;     576 
20; 1780;     625 
20; 1980;     639 
20; 2179;     626 
20; 2379;     650 
20; 2579;     634 
20; 2779;     559 
20; 2979;     470 
20; 3178;     458 
20; 3378;     403 
20; 3578;     398 
20; 3778;     334 
20; 3977;     312 
20; 4177;     262 
20; 4377;     236 
20; 4577;     242 
20; 4777;     186 
20; 4976;     195 
20; 5176;     201 
20; 5376;     189 
20; 5576;     217 
20; 5776;     179 
20; 5975;     164 
20; 6175;     179 
20; 6375;     171 
20; 6575;     202 
20; 6774;     184 
20; 6974;     187 
20; 7174;     197 
20; 7374;     177 
20; 7574;     209 
20; 7773;     200 
20; 7973;     196 
20; 8173;     195 
20; 8373;     196 
20; 8572;     199 
20; 8772;     208 
20; 8972;     211 
20; 9172;     216 
20; 9372;     235 
20; 9571;     268 
20; 9771;     285 
20; 9971;     300 
21; 0171;     325 
21; 0371;     290 
21; 0570;     322 
21; 0770;     314 
21; 0970;     369 
21; 1170;     372 
21; 1369;     348 
21; 1569;     390 
21; 1769;     384 
21; 1969;     374 
21; 2169;     377 
21; 2368;     368 
21; 2568;     384 
21; 2768;     306 
21; 2968;     323 
21; 3167;     284 
21; 3367;     282 
21; 3567;     291 
21; 3767;     298 
21; 3967;     247 
21; 4166;     272 
21; 4366;     256 
21; 4566;     258 
21; 4766;     280 
21; 4966;     266 
21; 5165;     261 
21; 5365;     238 
21; 5565;     245 
21; 5765;     267 
21; 5964;     281 
21; 6164;     302 
21; 6364;     293 
21; 6564;     340 
21; 6764;     410 
21; 6963;     450 
21; 7163;     528 
21; 7363;     777 
21; 7563;     965 
21; 7762;    1256 
21; 7962;    1670 
21; 8162;    2279 
21; 8362;    2937 
21; 8562;    3759 
21; 8761;    4730 
21; 8961;    5814 
21; 9161;    7023 
21; 9361;    8359 
21; 9560;    9715 
21; 9760;   11179 
21; 9960;   12484 
22; 0160;   13605 
22; 0360;   15096 
22; 0559;   16234 
22; 0759;   17111 
22; 0959;   18179 
22; 1159;   18656 
22; 1359;   19009 
22; 1558;   19144 
22; 1758;   18616 
22; 1958;   18208 
22; 2158;   17151 
22; 2357;   15613 
22; 2557;   13977 
22; 2757;   12204 
22; 2957;   10423 
22; 3157;    8357 
22; 3356;    6866 
22; 3556;    5282 
22; 3756;    4122 
22; 3956;    3051 
22; 4155;    2171 
22; 4355;    1566 
22; 4555;    1116 
22; 4755;     741 
22; 4955;     544 
22; 5154;     423 
22; 5354;     331 
22; 5554;     279 
22; 5754;     238 
22; 5954;     209 
22; 6153;     211 
22; 6353;     156 
22; 6553;     187 
22; 6753;     171 
22; 6952;     188 
22; 7152;     182 
22; 7352;     166 
22; 7552;     173 
22; 7752;     156 
22; 7951;     173 
22; 8151;     167 
22; 8351;     162 
22; 8551;     141 
22; 8750;     137 
22; 8950;     122 
22; 9150;     113 
22; 9350;     111 
22; 9550;     112 
22; 9749;      95 
22; 9949;      84 
23; 0149;     101 
23; 0349;      87 
23; 0549;     100 
23; 0748;     120 
23; 0948;      98 
23; 1148;      84 
23; 1348;      94 
23; 1547;     116 
23; 1747;     101 
23; 1947;      96 
23; 2147;      95 
23; 2347;     100 
23; 2546;     102 
23; 2746;      98 
23; 2946;      98 
23; 3146;      91 
23; 3345;      83 
23; 3545;      98 
23; 3745;      65 
23; 3945;      84 
23; 4145;      63 
23; 4344;      83 
23; 4544;      82 
23; 4744;      66 
23; 4944;      72 
23; 5143;      75 
23; 5343;      65 
23; 5543;      74 
23; 5743;      74 
23; 5943;      99 
23; 6142;      93 
23; 6342;      80 
23; 6542;      80 
23; 6742;      82 
23; 6942;      87 
23; 7141;      80 
23; 7341;      88 
23; 7541;      99 
23; 7741;      97 
23; 7940;      78 
23; 8140;     109 
23; 8340;      93 
23; 8540;      96 
23; 8740;      95 
23; 8939;      99 
23; 9139;      91 
23; 9339;      76 
23; 9539;     108 
23; 9738;      69 
23; 9938;      67 
24; 0138;      72 
24; 0338;      79 
24; 0538;      89 
24; 0737;      73 
24; 0937;      80 
24; 1137;      73 
24; 1337;      64 
24; 1537;      65 
24; 1736;      74 
24; 1936;      84 
24; 2136;      73 
24; 2336;      78 
24; 2535;      74 
24; 2735;      84 
24; 2935;      89 
24; 3135;      80 
24; 3335;      75 
24; 3534;      76 
24; 3734;      64 
24; 3934;      81 
24; 4134;      73 
24; 4333;      78 
24; 4533;      77 
24; 4733;      82 
24; 4933;      82 
24; 5133;      79 
24; 5332;      84 
24; 5532;      89 
24; 5732;     110 
24; 5932;     109 
24; 6132;     127 
24; 6331;     166 
24; 6531;     205 
24; 6731;     278 
24; 6931;     371 
24; 7130;     436 
24; 7330;     606 
24; 7530;     800 
24; 7730;    1066 
24; 7930;    1325 
24; 8129;    1556 
24; 8329;    1849 
24; 8529;    2174 
24; 8729;    2500 
24; 8928;    2788 
24; 9128;    2984 
24; 9328;    3189 
24; 9528;    3268 
24; 9728;    3284 
24; 9927;    3152 
25; 0127;    2955 
25; 0327;    2698 
25; 0527;    2474 
25; 0726;    2173 
25; 0926;    1766 
25; 1126;    1484 
25; 1326;    1238 
25; 1526;     924 
25; 1725;     774 
25; 1925;     564 
25; 2125;     476 
25; 2325;     384 
25; 2525;     339 
25; 2724;     315 
25; 2924;     276 
25; 3124;     311 
25; 3324;     353 
25; 3523;     393 
25; 3723;     388 
25; 3923;     444 
25; 4123;     541 
25; 4323;     574 
25; 4522;     585 
25; 4722;     544 
25; 4922;     586 
25; 5122;     526 
25; 5321;     538 
25; 5521;     481 
25; 5721;     423 
25; 5921;     360 
25; 6121;     289 
25; 6320;     279 
25; 6520;     244 
25; 6720;     168 
25; 6920;     123 
25; 7120;     111 
25; 7319;      69 
25; 7519;      52 
25; 7719;      49 
25; 7919;      39 
25; 8118;      30 
25; 8318;      31 
25; 8518;      24 
25; 8718;      23 
25; 8918;      22 
25; 9117;      15 
25; 9317;      20 
25; 9517;      13 
25; 9717;      30 
25; 9916;      21 
26; 0116;      19 
26; 0316;      20 
26; 0516;      20 
26; 0716;      16 
26; 0915;      20 
26; 1115;      24 
26; 1315;      19 
26; 1515;      14 
26; 1715;      14 
26; 1914;      21 
26; 2114;      18 
26; 2314;      18 
26; 2514;      18 
26; 2713;      21 
26; 2913;      20 
26; 3113;      16 
26; 3313;      10 
26; 3513;      12 
26; 3712;      12 
26; 3912;      20 
26; 4112;      13 
26; 4312;      13 
26; 4511;      14 
26; 4711;      17 
26; 4911;      14 
26; 5111;      11 
26; 5311;      16 
26; 5510;      18 
26; 5710;      14 
26; 5910;      11 
26; 6110;      20 
26; 6309;       7 
26; 6509;      13 
26; 6709;      16 
26; 6909;       9 
26; 7109;      15 
26; 7308;      12 
26; 7508;      15 
26; 7708;      17 
26; 7908;      19 
26; 8108;      13 
26; 8307;      12 
26; 8507;      19 
26; 8707;      15 
26; 8907;      15 
26; 9106;      19 
26; 9306;      13 
26; 9506;      12 
26; 9706;      26 
26; 9906;      11 
27; 0105;      16 
27; 0305;      21 
27; 0505;      18 
27; 0705;      11 
27; 0904;      15 
27; 1104;      10 
27; 1304;      16 
27; 1504;      11 
27; 1704;      15 
27; 1903;      11 
27; 2103;      15 
27; 2303;      20 
27; 2503;      16 
27; 2703;      17 
27; 2902;      20 
27; 3102;      14 
27; 3302;       9 
27; 3502;      13 
27; 3701;      17 
27; 3901;      20 
27; 4101;       8 
27; 4301;       9 
27; 4501;       9 
27; 4700;      11 
27; 4900;      11 
27; 5100;      18 
27; 5300;      13 
27; 5499;      11 
27; 5699;      14 
27; 5899;      15 
27; 6099;       9 
27; 6299;      18 
27; 6498;      12 
27; 6698;      18 
27; 6898;      11 
27; 7098;      14 
27; 7298;      13 
27; 7497;      13 
27; 7697;      11 
27; 7897;      21 
27; 8097;      14 
27; 8296;      20 
27; 8496;      10 
27; 8696;      10 
27; 8896;      18 
27; 9096;      19 
27; 9295;      18 
27; 9495;      19 
27; 9695;      22 
27; 9895;      16 
28; 0094;      23 
28; 0294;      13 
28; 0494;      18 
28; 0694;      12 
28; 0894;      15 
28; 1093;      15 
28; 1293;      12 
28; 1493;      19 
28; 1693;      22 
28; 1892;      18 
28; 2092;      13 
28; 2292;      18 
28; 2492;      24 
28; 2692;      22 
28; 2891;      12 
28; 3091;      20 
28; 3291;      15 
28; 3491;      15 
28; 3691;      17 
28; 3890;      19 
28; 4090;      20 
28; 4290;      13 
28; 4490;      13 
28; 4689;      11 
28; 4889;      19 
28; 5089;      18 
28; 5289;      19 
28; 5489;       9 
28; 5688;      14 
28; 5888;      18 
28; 6088;      17 
28; 6288;      20 
28; 6487;      15 
28; 6687;      22 
28; 6887;      16 
28; 7087;       7 
28; 7287;      20 
28; 7486;      10 
28; 7686;      12 
28; 7886;      15 
28; 8086;      15 
28; 8286;      13 
28; 8485;       6 
28; 8685;      10 
28; 8885;      14 
28; 9085;      11 
28; 9284;       9 
28; 9484;       9 
28; 9684;       7 
28; 9884;      12 
29; 0084;      13 
29; 0283;      14 
29; 0483;      12 
29; 0683;      14 
29; 0883;       8 
29; 1082;      16 
29; 1282;      11 
29; 1482;      15 
29; 1682;      13 
29; 1882;      20 
29; 2081;      13 
29; 2281;      14 
29; 2481;      15 
29; 2681;      18 
29; 2881;      12 
29; 3080;      10 
29; 3280;      11 
29; 3480;      23 
29; 3680;      18 
29; 3879;      10 
29; 4079;      14 
29; 4279;      11 
29; 4479;      15 
29; 4679;      14 
29; 4878;      12 
29; 5078;      15 
29; 5278;      17 
29; 5478;      16 
29; 5677;      13 
29; 5877;      14 
29; 6077;       7 
29; 6277;      16 
29; 6477;      12 
29; 6676;       7 
29; 6876;       8 
29; 7076;      12 
29; 7276;      10 
29; 7475;      13 
29; 7675;      12 
29; 7875;      11 
29; 8075;      19 
29; 8275;      16 
29; 8474;      20 
29; 8674;      19 
29; 8874;      36 
29; 9074;      34 
29; 9274;      29 
29; 9473;      52 
29; 9673;      47 
29; 9873;      56 
30; 0073;      74 
30; 0272;      79 
30; 0472;      87 
30; 0672;      87 
30; 0872;     100 
30; 1072;     124 
30; 1271;     133 
30; 1471;     119 
30; 1671;     151 
30; 1871;     127 
30; 2070;     152 
30; 2270;     125 
30; 2470;     155 
30; 2670;     140 
30; 2870;     124 
30; 3069;     126 
30; 3269;     105 
30; 3469;      99 
30; 3669;      82 
30; 3869;      85 
30; 4068;      78 
30; 4268;      51 
30; 4468;      43 
30; 4668;      39 
30; 4867;      32 
30; 5067;      27 
30; 5267;      20 
30; 5467;      20 
30; 5667;      19 
30; 5866;       7 
30; 6066;      12 
30; 6266;      14 
30; 6466;      15 
30; 6665;      11 
30; 6865;      16 
30; 7065;       8 
30; 7265;      12 
30; 7465;       9 
30; 7664;      15 
30; 7864;      17 
30; 8064;      11 
30; 8264;      21 
30; 8464;      17 
30; 8663;      20 
30; 8863;      23 
30; 9063;      17 
30; 9263;      20 
30; 9462;      22 
30; 9662;      35 
30; 9862;      28 
31; 0062;      27 
31; 0262;      26 
31; 0461;      23 
31; 0661;      29 
31; 0861;      24 
31; 1061;      23 
31; 1260;      19 
31; 1460;      20 
31; 1660;      27 
31; 1860;      22 
31; 2060;      21 
31; 2259;      15 
31; 2459;      17 
31; 2659;      11 
31; 2859;      16 
31; 3058;      17 
31; 3258;      11 
31; 3458;       9 
31; 3658;       6 
31; 3858;       5 
31; 4057;       9 
31; 4257;       8 
31; 4457;       8 
31; 4657;       3 
31; 4857;       7 
31; 5056;       5 
31; 5256;       7 
31; 5456;       6 
31; 5656;       6 
31; 5855;       5 
31; 6055;       2 
31; 6255;       7 
31; 6455;      11 
31; 6655;       6 
31; 6854;       7 
31; 7054;       4 
31; 7254;       5 
31; 7454;      12 
31; 7653;       5 
31; 7853;       5 
31; 8053;       0 
31; 8253;       5 
31; 8453;       5 
31; 8652;       5 
31; 8852;       6 
31; 9052;       5 
31; 9252;       3 
31; 9452;       9 
31; 9651;       8 
31; 9851;       8 
32; 0051;       8 
32; 0251;       7 
32; 0450;       9 
32; 0650;       5 
32; 0850;       8 
32; 1050;       5 
32; 1250;       2 
32; 1449;       9 
32; 1649;       6 
32; 1849;       4 
32; 2049;       6 
32; 2248;       9 
32; 2448;       8 
32; 2648;       6 
32; 2848;       7 
32; 3048;       6 
32; 3247;       6 
32; 3447;       6 
32; 3647;       4 
32; 3847;       4 
32; 4047;       2 
32; 4246;       3 
32; 4446;       7 
32; 4646;       3 
32; 4846;       6 
32; 5045;       6 
32; 5245;       8 
32; 5445;       6 
32; 5645;       4 
32; 5845;       2 
32; 6044;       6 
32; 6244;       9 
32; 6444;       4 
32; 6644;       8 
32; 6843;       6 
32; 7043;      11 
32; 7243;       7 
32; 7443;       7 
32; 7643;      11 
32; 7842;      13 
32; 8042;       9 
32; 8242;      13 
32; 8442;      23 
32; 8641;      19 
32; 8841;      15 
32; 9041;      16 
32; 9241;      20 
32; 9441;      16 
32; 9640;      24 
32; 9840;      39 
33; 0040;      22 
33; 0240;      30 
33; 0440;      27 
33; 0639;      35 
33; 0839;      23 
33; 1039;      29 
33; 1239;      23 
33; 1438;      13 
33; 1638;      19 
33; 1838;      14 
33; 2038;      20 
33; 2238;      11 
33; 2437;      13 
33; 2637;      11 
33; 2837;       8 
33; 3037;       7 
33; 3236;       3 
33; 3436;       6 
33; 3636;       4 
33; 3836;       4 
33; 4036;       6 
33; 4235;      10 
33; 4435;       7 
33; 4635;       9 
33; 4835;       6 
33; 5035;       8 
33; 5234;       8 
33; 5434;       2 
33; 5634;       6 
33; 5834;       1 
33; 6033;       4 
33; 6233;       6 
33; 6433;      10 
33; 6633;       9 
33; 6833;      12 
33; 7032;       7 
33; 7232;       7 
33; 7432;       5 
33; 7632;      10 
33; 7831;       6 
33; 8031;       6 
33; 8231;       8 
33; 8431;       4 
33; 8631;      12 
33; 8830;       4 
33; 9030;       3 
33; 9230;      11 
33; 9430;       8 
33; 9630;       7 
33; 9829;       5 
34; 0029;      12 
34; 0229;       3 
34; 0429;       7 
34; 0628;       2 
34; 0828;       4 
34; 1028;       5 
34; 1228;       3 
34; 1428;       4 
34; 1627;       1 
34; 1827;       5 
34; 2027;       3 
34; 2227;       1 
34; 2426;       6 
34; 2626;       4 
34; 2826;       2 
34; 3026;       6 
34; 3226;       4 
34; 3425;       2 
34; 3625;       1 
34; 3825;       6 
34; 4025;       4 
34; 4224;       3 
34; 4424;       3 
34; 4624;       3 
34; 4824;       3 
34; 5024;       2 
34; 5223;       2 
34; 5423;       3 
34; 5623;       4 
34; 5823;       3 
34; 6023;       4 
34; 6222;       1 
34; 6422;       2 
34; 6622;       4 
34; 6822;       0 
34; 7021;       2 
34; 7221;       1 
34; 7421;       0 
34; 7621;       2 
34; 7821;       4 
34; 8020;       3 
34; 8220;       2 
34; 8420;       2 
34; 8620;       3 
34; 8819;       6 
34; 9019;       4 
34; 9219;       4 
34; 9419;       4 
34; 9619;       0 
34; 9818;       6 
35; 0018;       1 
35; 0218;       4 
35; 0418;       2 
35; 0618;       2 
35; 0817;       4 
35; 1017;       2 
35; 1217;       1 
35; 1417;       3 
35; 1616;       2 
35; 1816;       4 
35; 2016;       1 
35; 2216;       1 
35; 2416;       1 
35; 2615;       1 
35; 2815;       5 
35; 3015;       3 
35; 3215;       1 
35; 3414;       2 
35; 3614;       1 
35; 3814;       4 
35; 4014;       2 
35; 4214;       2 
35; 4413;       2 
35; 4613;       4 
35; 4813;       1 
35; 5013;       4 
35; 5213;       3 
35; 5412;       2 
35; 5612;       2 
35; 5812;       2 
35; 6012;       1 
35; 6211;       1 
35; 6411;       2 
35; 6611;       2 
35; 6811;       6 
35; 7011;       3 
35; 7210;       1 
35; 7410;       1 
35; 7610;       3 
35; 7810;       1 
35; 8009;       1 
35; 8209;       2 
35; 8409;       2 
35; 8609;       1 
35; 8809;       0 
35; 9008;       2 
35; 9208;       1 
35; 9408;       3 
35; 9608;       4 
35; 9808;       4 
36; 0007;       2 
36; 0207;       1 
36; 0407;       3 
36; 0607;       2 
36; 0806;       0 
36; 1006;       0 
36; 1206;       1 
36; 1406;       4 
36; 1606;       2 
36; 1805;       4 
36; 2005;       0 
36; 2205;       1 
36; 2405;       0 
36; 2604;       5 
36; 2804;       0 
36; 3004;       1 
36; 3204;       1 
36; 3404;       3 
36; 3603;       1 
36; 3803;       2 
36; 4003;       1 
36; 4203;       1 
36; 4402;       0 
36; 4602;       0 
36; 4802;       3 
36; 5002;       2 
36; 5202;       0 
36; 5401;       0 
36; 5601;       0 
36; 5801;       1 
36; 6001;       1 
36; 6201;       1 
36; 6400;       1 
36; 6600;       1 
36; 6800;       0 
36; 7000;       0 
36; 7199;       4 
36; 7399;       1 
36; 7599;       0 
36; 7799;       1 
36; 7999;       2 
36; 8198;       1 
36; 8398;       1 
36; 8598;       1 
36; 8798;       1 
36; 8997;       1 
36; 9197;       0 
36; 9397;       1 
36; 9597;       2 
36; 9797;       1 
36; 9996;       3 
37; 0196;       2 
37; 0396;       2 
37; 0596;       0 
37; 0796;       1 
37; 0995;       3 
37; 1195;       4 
37; 1395;       0 
37; 1595;       0 
37; 1794;       0 
37; 1994;       2 
37; 2194;       2 
37; 2394;       0 
37; 2594;       2 
37; 2793;       0 
37; 2993;       0 
37; 3193;       5 
37; 3393;       1 
37; 3592;       1 
37; 3792;       1 
37; 3992;       0 
37; 4192;       1 
37; 4392;       0 
37; 4591;       0 
37; 4791;       0 
37; 4991;       2 
37; 5191;       1 
37; 5391;       2 
37; 5590;       0 
37; 5790;       0 
37; 5990;       0 
37; 6190;       0 
37; 6389;       4 
37; 6589;       2 
37; 6789;       3 
37; 6989;       0 
37; 7189;       1 
37; 7388;       3 
37; 7588;       0 
37; 7788;       1 
37; 7988;       0 
37; 8187;       0 
37; 8387;       0 
37; 8587;       4 
37; 8787;       2 
37; 8987;       2 
37; 9186;       0 
37; 9386;       0 
37; 9586;       0 
37; 9786;       0 
37; 9985;       2 
38; 0185;       0 
38; 0385;       1 
38; 0585;       4 
38; 0785;       2 
38; 0984;       1 
38; 1184;       3 
38; 1384;       0 
38; 1584;       0 
38; 1784;       1 
38; 1983;       1 
38; 2183;       1 
38; 2383;       3 
38; 2583;       1 
38; 2782;       0 
38; 2982;       1 
38; 3182;       3 
38; 3382;       0 
38; 3582;       1 
38; 3781;       1 
38; 3981;       0 
38; 4181;       0 
38; 4381;       1 
38; 4580;       1 
38; 4780;       0 
38; 4980;       1 
38; 5180;       0 
38; 5380;       4 
38; 5579;       1 
38; 5779;       1 
38; 5979;       1 
38; 6179;       1 
38; 6379;       2 
38; 6578;       1 
38; 6778;       0 
38; 6978;       2 
38; 7178;       0 
38; 7377;       2 
38; 7577;       0 
38; 7777;       0 
38; 7977;       1 
38; 8177;       0 
38; 8376;       1 
38; 8576;       2 
38; 8776;       3 
38; 8976;       0 
38; 9175;       1 
38; 9375;       0 
38; 9575;       5 
38; 9775;       0 
38; 9975;       2 
39; 0174;       1 
39; 0374;       0 
39; 0574;       1 
39; 0774;       0 
39; 0974;       1 
39; 1173;       0 
39; 1373;       1 
39; 1573;       1 
39; 1773;       1 
39; 1972;       2 
39; 2172;       0 
39; 2372;       0 
39; 2572;       0 
39; 2772;       0 
39; 2971;       0 
39; 3171;       1 
39; 3371;       3 
39; 3571;       0 
39; 3770;       0 
39; 3970;       0 
39; 4170;       1 
39; 4370;       0 
39; 4570;       0 
39; 4769;       1 
39; 4969;       0 
39; 5169;       0 
39; 5369;       1 
39; 5568;       3 
39; 5768;       1 
39; 5968;       1 
39; 6168;       2 
39; 6368;       1 
39; 6567;       1 
39; 6767;       0 
39; 6967;       0 
39; 7167;       0 
39; 7367;       0 
39; 7566;       0 
39; 7766;       0 
39; 7966;       1 
39; 8166;       0 
39; 8365;       2 
39; 8565;       0 
39; 8765;       0 
39; 8965;       0 
39; 9165;       0 
39; 9364;       0 
39; 9564;       2 
39; 9764;       0 
39; 9964;       0 
40; 0163;       1 
40; 0363;       0 
40; 0563;       3 
40; 0763;       0 
40; 0963;       1 
40; 1162;       1 
40; 1362;       1 
40; 1562;       0 
40; 1762;       0 
40; 1962;       1 
40; 2161;       1 
40; 2361;       0 
40; 2561;       0 
40; 2761;       1 
40; 2960;       0 
40; 3160;       0 
40; 3360;       2 
40; 3560;       0 
40; 3760;       1 
40; 3959;       1 
40; 4159;       0 
40; 4359;       0 
40; 4559;       1 
40; 4758;       0 
40; 4958;       1 
40; 5158;       0 
40; 5358;       2 
40; 5558;       1 
40; 5757;       1 
40; 5957;       1 
40; 6157;       0 
40; 6357;       2 
40; 6557;       0 
40; 6756;       0 
40; 6956;       0 
40; 7156;       2 
40; 7356;       1 
40; 7555;       1 
40; 7755;       2 
40; 7955;       0 
40; 8155;       0 
40; 8355;       0 
40; 8554;       1 
40; 8754;       1 
40; 8954;       0 
