0; 0000;     253 
0; 0200;     231 
0; 0400;     164 
0; 0600;      94 
0; 0799;      66 
0; 0999;      38 
0; 1199;      14 
0; 1399;       8 
0; 1599;       2 
0; 1799;       2 
0; 1998;       1 
0; 2198;       0 
0; 2398;       1 
0; 2598;       0 
0; 2798;       0 
0; 2998;       1 
0; 3197;       0 
0; 3397;       0 
0; 3597;       0 
0; 3797;       0 
0; 3997;       0 
0; 4197;       0 
0; 4397;       0 
0; 4596;       0 
0; 4796;       0 
0; 4996;       1 
0; 5196;       0 
0; 5396;       3 
0; 5596;       4 
0; 5795;      17 
0; 5995;      68 
0; 6195;     134 
0; 6395;     160 
0; 6595;     221 
0; 6795;     218 
0; 6994;     229 
0; 7194;     212 
0; 7394;     248 
0; 7594;     210 
0; 7794;     214 
0; 7994;     217 
0; 8194;     201 
0; 8393;     207 
0; 8593;     189 
0; 8793;     176 
0; 8993;     209 
0; 9193;     214 
0; 9393;     212 
0; 9592;     186 
0; 9792;     182 
0; 9992;     176 
1; 0192;     164 
1; 0392;     159 
1; 0592;     200 
1; 0791;     167 
1; 0991;     144 
1; 1191;     175 
1; 1391;     180 
1; 1591;     188 
1; 1791;     141 
1; 1991;     182 
1; 2190;     145 
1; 2390;     165 
1; 2590;     152 
1; 2790;     173 
1; 2990;     161 
1; 3190;     162 
1; 3389;     146 
1; 3589;     143 
1; 3789;     137 
1; 3989;     172 
1; 4189;     142 
1; 4389;     138 
1; 4588;     140 
1; 4788;     158 
1; 4988;     163 
1; 5188;     146 
1; 5388;     170 
1; 5588;     156 
1; 5788;     116 
1; 5987;     143 
1; 6187;     153 
1; 6387;     178 
1; 6587;     189 
1; 6787;     235 
1; 6987;     256 
1; 7186;     239 
1; 7386;     242 
1; 7586;     227 
1; 7786;     216 
1; 7986;     203 
1; 8186;     201 
1; 8385;     164 
1; 8585;     154 
1; 8785;     154 
1; 8985;     171 
1; 9185;     161 
1; 9385;     167 
1; 9585;     172 
1; 9784;     172 
1; 9984;     195 
2; 0184;     180 
2; 0384;     157 
2; 0584;     172 
2; 0784;     161 
2; 0983;     164 
2; 1183;     170 
2; 1383;     154 
2; 1583;     158 
2; 1783;     182 
2; 1983;     169 
2; 2182;     184 
2; 2382;     200 
2; 2582;     254 
2; 2782;     240 
2; 2982;     262 
2; 3182;     211 
2; 3382;     252 
2; 3581;     216 
2; 3781;     243 
2; 3981;     239 
2; 4181;     215 
2; 4381;     208 
2; 4581;     222 
2; 4780;     230 
2; 4980;     256 
2; 5180;     227 
2; 5380;     315 
2; 5580;     349 
2; 5780;     428 
2; 5979;     498 
2; 6179;     602 
2; 6379;     695 
2; 6579;     868 
2; 6779;     868 
2; 6979;     909 
2; 7179;     879 
2; 7378;     835 
2; 7578;     840 
2; 7778;     781 
2; 7978;     819 
2; 8178;     772 
2; 8378;     784 
2; 8577;     749 
2; 8777;     782 
2; 8977;     763 
2; 9177;     744 
2; 9377;     734 
2; 9577;     679 
2; 9776;     656 
2; 9976;     616 
3; 0176;     506 
3; 0376;     439 
3; 0576;     366 
3; 0776;     335 
3; 0976;     296 
3; 1175;     310 
3; 1375;     277 
3; 1575;     273 
3; 1775;     274 
3; 1975;     244 
3; 2175;     260 
3; 2374;     261 
3; 2574;     279 
3; 2774;     287 
3; 2974;     260 
3; 3174;     279 
3; 3374;     254 
3; 3573;     244 
3; 3773;     244 
3; 3973;     237 
3; 4173;     261 
3; 4373;     218 
3; 4573;     254 
3; 4773;     230 
3; 4972;     229 
3; 5172;     241 
3; 5372;     263 
3; 5572;     250 
3; 5772;     296 
3; 5972;     342 
3; 6171;     355 
3; 6371;     392 
3; 6571;     437 
3; 6771;     408 
3; 6971;     457 
3; 7171;     410 
3; 7370;     409 
3; 7570;     384 
3; 7770;     319 
3; 7970;     319 
3; 8170;     282 
3; 8370;     262 
3; 8570;     253 
3; 8769;     263 
3; 8969;     246 
3; 9169;     265 
3; 9369;     264 
3; 9569;     241 
3; 9769;     247 
3; 9968;     285 
4; 0168;     268 
4; 0368;     276 
4; 0568;     301 
4; 0768;     317 
4; 0968;     269 
4; 1167;     259 
4; 1367;     249 
4; 1567;     252 
4; 1767;     254 
4; 1967;     261 
4; 2167;     264 
4; 2367;     281 
4; 2566;     279 
4; 2766;     262 
4; 2966;     266 
4; 3166;     290 
4; 3366;     283 
4; 3566;     272 
4; 3765;     297 
4; 3965;     297 
4; 4165;     336 
4; 4365;     338 
4; 4565;     357 
4; 4765;     339 
4; 4964;     386 
4; 5164;     389 
4; 5364;     370 
4; 5564;     351 
4; 5764;     386 
4; 5964;     350 
4; 6164;     346 
4; 6363;     355 
4; 6563;     363 
4; 6763;     347 
4; 6963;     340 
4; 7163;     365 
4; 7363;     335 
4; 7562;     328 
4; 7762;     337 
4; 7962;     320 
4; 8162;     328 
4; 8362;     304 
4; 8562;     371 
4; 8761;     389 
4; 8961;     357 
4; 9161;     345 
4; 9361;     337 
4; 9561;     369 
4; 9761;     359 
4; 9961;     347 
5; 0160;     339 
5; 0360;     355 
5; 0560;     377 
5; 0760;     344 
5; 0960;     360 
5; 1160;     386 
5; 1359;     352 
5; 1559;     358 
5; 1759;     371 
5; 1959;     384 
5; 2159;     370 
5; 2359;     370 
5; 2558;     378 
5; 2758;     358 
5; 2958;     389 
5; 3158;     357 
5; 3358;     389 
5; 3558;     399 
5; 3758;     423 
5; 3957;     411 
5; 4157;     417 
5; 4357;     410 
5; 4557;     402 
5; 4757;     455 
5; 4957;     451 
5; 5156;     408 
5; 5356;     439 
5; 5556;     404 
5; 5756;     428 
5; 5956;     434 
5; 6156;     440 
5; 6355;     374 
5; 6555;     412 
5; 6755;     443 
5; 6955;     452 
5; 7155;     457 
5; 7355;     465 
5; 7555;     495 
5; 7754;     468 
5; 7954;     471 
5; 8154;     480 
5; 8354;     457 
5; 8554;     444 
5; 8754;     488 
5; 8953;     428 
5; 9153;     535 
5; 9353;     499 
5; 9553;     492 
5; 9753;     485 
5; 9953;     512 
6; 0152;     456 
6; 0352;     484 
6; 0552;     493 
6; 0752;     499 
6; 0952;     545 
6; 1152;     556 
6; 1352;     589 
6; 1551;     621 
6; 1751;     738 
6; 1951;     939 
6; 2151;    1098 
6; 2351;    1395 
6; 2551;    1799 
6; 2750;    2422 
6; 2950;    3148 
6; 3150;    3947 
6; 3350;    4778 
6; 3550;    5553 
6; 3750;    6137 
6; 3949;    6319 
6; 4149;    6167 
6; 4349;    5791 
6; 4549;    4993 
6; 4749;    4125 
6; 4949;    3380 
6; 5149;    2521 
6; 5348;    1825 
6; 5548;    1403 
6; 5748;    1067 
6; 5948;     856 
6; 6148;     754 
6; 6348;     726 
6; 6547;     725 
6; 6747;     639 
6; 6947;     598 
6; 7147;     671 
6; 7347;     657 
6; 7547;     702 
6; 7746;     631 
6; 7946;     698 
6; 8146;     697 
6; 8346;     731 
6; 8546;     713 
6; 8746;     754 
6; 8946;     773 
6; 9145;     949 
6; 9345;     968 
6; 9545;    1088 
6; 9745;    1251 
6; 9945;    1337 
7; 0145;    1419 
7; 0344;    1459 
7; 0544;    1596 
7; 0744;    1559 
7; 0944;    1534 
7; 1144;    1450 
7; 1344;    1261 
7; 1543;    1240 
7; 1743;    1067 
7; 1943;     994 
7; 2143;     947 
7; 2343;     911 
7; 2543;     927 
7; 2743;     914 
7; 2942;     934 
7; 3142;     937 
7; 3342;     997 
7; 3542;    1106 
7; 3742;    1105 
7; 3942;    1161 
7; 4141;    1237 
7; 4341;    1327 
7; 4541;    1294 
7; 4741;    1342 
7; 4941;    1347 
7; 5141;    1267 
7; 5340;    1278 
7; 5540;    1273 
7; 5740;    1216 
7; 5940;    1213 
7; 6140;    1269 
7; 6340;    1266 
7; 6540;    1285 
7; 6739;    1422 
7; 6939;    1486 
7; 7139;    1572 
7; 7339;    1729 
7; 7539;    2094 
7; 7739;    2593 
7; 7938;    3595 
7; 8138;    5369 
7; 8338;    8697 
7; 8538;   14504 
7; 8738;   23036 
7; 8938;   35951 
7; 9137;   53832 
7; 9337;   76773 
7; 9537;  103258 
7; 9737;  131841 
7; 9937;  157945 
8; 0137;  178974 
8; 0337;  191085 
8; 0536;  192671 
8; 0736;  182086 
8; 0936;  163439 
8; 1136;  137651 
8; 1336;  109847 
8; 1536;   81856 
8; 1735;   58240 
8; 1935;   39106 
8; 2135;   24985 
8; 2335;   15361 
8; 2535;    9098 
8; 2735;    5463 
8; 2934;    3343 
8; 3134;    2189 
8; 3334;    1693 
8; 3534;    1413 
8; 3734;    1194 
8; 3934;     979 
8; 4134;    1044 
8; 4333;    1021 
8; 4533;     944 
8; 4733;     997 
8; 4933;    1016 
8; 5133;    1006 
8; 5333;    1108 
8; 5532;    1092 
8; 5732;    1144 
8; 5932;    1295 
8; 6132;    1381 
8; 6332;    1601 
8; 6532;    1785 
8; 6731;    2074 
8; 6931;    2577 
8; 7131;    3519 
8; 7331;    4828 
8; 7531;    6694 
8; 7731;    9370 
8; 7931;   12456 
8; 8130;   16344 
8; 8330;   20350 
8; 8530;   24233 
8; 8730;   27445 
8; 8930;   29322 
8; 9130;   29968 
8; 9329;   28895 
8; 9529;   26125 
8; 9729;   22893 
8; 9929;   18479 
9; 0129;   14300 
9; 0329;   10618 
9; 0528;    7534 
9; 0728;    4985 
9; 0928;    3129 
9; 1128;    2041 
9; 1328;    1318 
9; 1528;     815 
9; 1728;     586 
9; 1927;     405 
9; 2127;     329 
9; 2327;     302 
9; 2527;     284 
9; 2727;     304 
9; 2927;     251 
9; 3126;     238 
9; 3326;     270 
9; 3526;     251 
9; 3726;     239 
9; 3926;     235 
9; 4126;     254 
9; 4325;     240 
9; 4525;     236 
9; 4725;     235 
9; 4925;     245 
9; 5125;     249 
9; 5325;     236 
9; 5525;     236 
9; 5724;     248 
9; 5924;     236 
9; 6124;     236 
9; 6324;     259 
9; 6524;     240 
9; 6724;     221 
9; 6923;     212 
9; 7123;     238 
9; 7323;     217 
9; 7523;     216 
9; 7723;     216 
9; 7923;     209 
9; 8122;     204 
9; 8322;     230 
9; 8522;     224 
9; 8722;     188 
9; 8922;     185 
9; 9122;     207 
9; 9322;     218 
9; 9521;     216 
9; 9721;     216 
9; 9921;     217 
10; 0121;     209 
10; 0321;     206 
10; 0521;     196 
10; 0720;     203 
10; 0920;     198 
10; 1120;     174 
10; 1320;     216 
10; 1520;     200 
10; 1720;     167 
10; 1919;     183 
10; 2119;     220 
10; 2319;     172 
10; 2519;     172 
10; 2719;     201 
10; 2919;     185 
10; 3119;     174 
10; 3318;     180 
10; 3518;     209 
10; 3718;     254 
10; 3918;     255 
10; 4118;     296 
10; 4318;     354 
10; 4517;     407 
10; 4717;     450 
10; 4917;     447 
10; 5117;     534 
10; 5317;     533 
10; 5517;     511 
10; 5716;     590 
10; 5916;     535 
10; 6116;     479 
10; 6316;     429 
10; 6516;     402 
10; 6716;     342 
10; 6916;     315 
10; 7115;     261 
10; 7315;     250 
10; 7515;     243 
10; 7715;     221 
10; 7915;     202 
10; 8115;     201 
10; 8314;     165 
10; 8514;     185 
10; 8714;     170 
10; 8914;     174 
10; 9114;     184 
10; 9314;     173 
10; 9513;     166 
10; 9713;     181 
10; 9913;     182 
11; 0113;     165 
11; 0313;     176 
11; 0513;     179 
11; 0713;     159 
11; 0912;     146 
11; 1112;     175 
11; 1312;     159 
11; 1512;     164 
11; 1712;     178 
11; 1912;     173 
11; 2111;     183 
11; 2311;     143 
11; 2511;     165 
11; 2711;     155 
11; 2911;     171 
11; 3111;     165 
11; 3310;     163 
11; 3510;     171 
11; 3710;     140 
11; 3910;     161 
11; 4110;     149 
11; 4310;     140 
11; 4510;     156 
11; 4709;     140 
11; 4909;     156 
11; 5109;     164 
11; 5309;     137 
11; 5509;     128 
11; 5709;     157 
11; 5908;     136 
11; 6108;     169 
11; 6308;     156 
11; 6508;     157 
11; 6708;     166 
11; 6908;     186 
11; 7108;     176 
11; 7307;     152 
11; 7507;     163 
11; 7707;     168 
11; 7907;     202 
11; 8107;     160 
11; 8307;     150 
11; 8506;     158 
11; 8706;     160 
11; 8906;     170 
11; 9106;     176 
11; 9306;     147 
11; 9506;     156 
11; 9705;     159 
11; 9905;     175 
12; 0105;     157 
12; 0305;     160 
12; 0505;     141 
12; 0705;     155 
12; 0905;     161 
12; 1104;     151 
12; 1304;     162 
12; 1504;     147 
12; 1704;     169 
12; 1904;     147 
12; 2104;     137 
12; 2303;     134 
12; 2503;     132 
12; 2703;     138 
12; 2903;     160 
12; 3103;     144 
12; 3303;     147 
12; 3502;     161 
12; 3702;     158 
12; 3902;     161 
12; 4102;     153 
12; 4302;     175 
12; 4502;     180 
12; 4702;     198 
12; 4901;     213 
12; 5101;     209 
12; 5301;     258 
12; 5501;     312 
12; 5701;     321 
12; 5901;     331 
12; 6100;     331 
12; 6300;     361 
12; 6500;     350 
12; 6700;     336 
12; 6900;     279 
12; 7100;     279 
12; 7299;     264 
12; 7499;     257 
12; 7699;     203 
12; 7899;     199 
12; 8099;     203 
12; 8299;     135 
12; 8499;     167 
12; 8698;     137 
12; 8898;     156 
12; 9098;     131 
12; 9298;     144 
12; 9498;     143 
12; 9698;     151 
12; 9897;     130 
13; 0097;     135 
13; 0297;     128 
13; 0497;     121 
13; 0697;     120 
13; 0897;     149 
13; 1096;     137 
13; 1296;     116 
13; 1496;     133 
13; 1696;     123 
13; 1896;     119 
13; 2096;     120 
13; 2296;     119 
13; 2495;     116 
13; 2695;     129 
13; 2895;     115 
13; 3095;     124 
13; 3295;     119 
13; 3495;     127 
13; 3694;     132 
13; 3894;     106 
13; 4094;     122 
13; 4294;     116 
13; 4494;     139 
13; 4694;     140 
13; 4893;     115 
13; 5093;     114 
13; 5293;     105 
13; 5493;     109 
13; 5693;     117 
13; 5893;     122 
13; 6093;     130 
13; 6292;     133 
13; 6492;     127 
13; 6692;     124 
13; 6892;     117 
13; 7092;     118 
13; 7292;     116 
13; 7491;     129 
13; 7691;     111 
13; 7891;     123 
13; 8091;     119 
13; 8291;     134 
13; 8491;     112 
13; 8690;     114 
13; 8890;     122 
13; 9090;     127 
13; 9290;     100 
13; 9490;     124 
13; 9690;     108 
13; 9890;     108 
14; 0089;     121 
14; 0289;     125 
14; 0489;     105 
14; 0689;     108 
14; 0889;     124 
14; 1089;     131 
14; 1288;     122 
14; 1488;     128 
14; 1688;     104 
14; 1888;     140 
14; 2088;     123 
14; 2288;     126 
14; 2487;     133 
14; 2687;     158 
14; 2887;     136 
14; 3087;     154 
14; 3287;     160 
14; 3487;     210 
14; 3687;     209 
14; 3886;     250 
14; 4086;     265 
14; 4286;     275 
14; 4486;     290 
14; 4686;     282 
14; 4886;     282 
14; 5085;     257 
14; 5285;     238 
14; 5485;     248 
14; 5685;     217 
14; 5885;     193 
14; 6085;     163 
14; 6284;     143 
14; 6484;     156 
14; 6684;     122 
14; 6884;     143 
14; 7084;     146 
14; 7284;     132 
14; 7484;     161 
14; 7683;     144 
14; 7883;     159 
14; 8083;     151 
14; 8283;     123 
14; 8483;     137 
14; 8683;     147 
14; 8882;     129 
14; 9082;     141 
14; 9282;     138 
14; 9482;     127 
14; 9682;     119 
14; 9882;     124 
15; 0081;     138 
15; 0281;     133 
15; 0481;     148 
15; 0681;     135 
15; 0881;     129 
15; 1081;     162 
15; 1281;     150 
15; 1480;     134 
15; 1680;     137 
15; 1880;     168 
15; 2080;     156 
15; 2280;     157 
15; 2480;     149 
15; 2679;     128 
15; 2879;     147 
15; 3079;     115 
15; 3279;     148 
15; 3479;     131 
15; 3679;     133 
15; 3878;     143 
15; 4078;     139 
15; 4278;     154 
15; 4478;     121 
15; 4678;     126 
15; 4878;     116 
15; 5078;     112 
15; 5277;     125 
15; 5477;     124 
15; 5677;     130 
15; 5877;     134 
15; 6077;     163 
15; 6277;     116 
15; 6476;     124 
15; 6676;     121 
15; 6876;     137 
15; 7076;     135 
15; 7276;     146 
15; 7476;     146 
15; 7675;     132 
15; 7875;     151 
15; 8075;     192 
15; 8275;     210 
15; 8475;     214 
15; 8675;     275 
15; 8875;     318 
15; 9074;     447 
15; 9274;     574 
15; 9474;     772 
15; 9674;    1031 
15; 9874;    1318 
16; 0074;    1714 
16; 0273;    1870 
16; 0473;    2210 
16; 0673;    2403 
16; 0873;    2531 
16; 1073;    2692 
16; 1273;    2692 
16; 1472;    2580 
16; 1672;    2354 
16; 1872;    2179 
16; 2072;    1855 
16; 2272;    1482 
16; 2472;    1248 
16; 2672;     952 
16; 2871;     762 
16; 3071;     543 
16; 3271;     395 
16; 3471;     316 
16; 3671;     246 
16; 3871;     188 
16; 4070;     158 
16; 4270;     130 
16; 4470;     106 
16; 4670;     107 
16; 4870;      93 
16; 5070;     108 
16; 5269;     100 
16; 5469;     117 
16; 5669;     106 
16; 5869;     109 
16; 6069;      98 
16; 6269;      99 
16; 6469;     112 
16; 6668;     118 
16; 6868;     128 
16; 7068;     126 
16; 7268;     165 
16; 7468;     176 
16; 7668;     207 
16; 7867;     269 
16; 8067;     311 
16; 8267;     344 
16; 8467;     471 
16; 8667;     527 
16; 8867;     653 
16; 9066;     723 
16; 9266;     770 
16; 9466;     833 
16; 9666;     907 
16; 9866;     834 
17; 0066;     851 
17; 0266;     795 
17; 0465;     722 
17; 0665;     651 
17; 0865;     494 
17; 1065;     468 
17; 1265;     374 
17; 1465;     291 
17; 1664;     237 
17; 1864;     178 
17; 2064;     150 
17; 2264;     126 
17; 2464;     113 
17; 2664;     111 
17; 2863;      83 
17; 3063;      65 
17; 3263;      74 
17; 3463;      87 
17; 3663;      89 
17; 3863;      77 
17; 4063;      73 
17; 4262;      78 
17; 4462;      59 
17; 4662;      70 
17; 4862;      56 
17; 5062;      79 
17; 5262;      89 
17; 5461;      82 
17; 5661;      74 
17; 5861;      77 
17; 6061;      86 
17; 6261;      87 
17; 6461;      87 
17; 6660;      83 
17; 6860;      84 
17; 7060;     110 
17; 7260;     103 
17; 7460;     115 
17; 7660;     135 
17; 7860;     120 
17; 8059;     125 
17; 8259;     135 
17; 8459;     134 
17; 8659;     126 
17; 8859;     101 
17; 9059;     124 
17; 9258;      86 
17; 9458;      93 
17; 9658;      92 
17; 9858;      83 
18; 0058;      92 
18; 0258;      73 
18; 0457;      72 
18; 0657;      88 
18; 0857;      68 
18; 1057;      76 
18; 1257;      80 
18; 1457;      80 
18; 1657;      64 
18; 1856;      80 
18; 2056;      59 
18; 2256;      69 
18; 2456;      69 
18; 2656;      68 
18; 2856;      84 
18; 3055;      87 
18; 3255;      75 
18; 3455;      86 
18; 3655;      75 
18; 3855;      78 
18; 4055;      75 
18; 4254;      71 
18; 4454;      88 
18; 4654;      92 
18; 4854;      87 
18; 5054;      83 
18; 5254;      85 
18; 5454;      92 
18; 5653;     110 
18; 5853;      98 
18; 6053;     116 
18; 6253;     118 
18; 6453;     104 
18; 6653;     118 
18; 6852;     124 
18; 7052;     126 
18; 7252;     132 
18; 7452;     121 
18; 7652;     119 
18; 7852;     143 
18; 8051;     144 
18; 8251;     162 
18; 8451;     144 
18; 8651;     152 
18; 8851;     166 
18; 9051;     150 
18; 9251;     183 
18; 9450;     148 
18; 9650;     187 
18; 9850;     177 
19; 0050;     160 
19; 0250;     167 
19; 0450;     156 
19; 0649;     166 
19; 0849;     194 
19; 1049;     186 
19; 1249;     167 
19; 1449;     172 
19; 1649;     161 
19; 1848;     145 
19; 2048;     161 
19; 2248;     147 
19; 2448;     161 
19; 2648;     144 
19; 2848;     148 
19; 3048;     170 
19; 3247;     128 
19; 3447;     133 
19; 3647;     119 
19; 3847;      89 
19; 4047;     110 
19; 4247;     124 
19; 4446;     101 
19; 4646;     109 
19; 4846;     102 
19; 5046;      90 
19; 5246;      87 
19; 5446;      64 
19; 5645;      88 
19; 5845;      85 
19; 6045;      71 
19; 6245;      72 
19; 6445;      61 
19; 6645;      67 
19; 6845;      71 
19; 7044;      62 
19; 7244;      65 
19; 7444;      68 
19; 7644;      50 
19; 7844;      77 
19; 8044;      87 
19; 8243;      60 
19; 8443;      67 
19; 8643;      72 
19; 8843;      83 
19; 9043;      79 
19; 9243;      69 
19; 9442;      67 
19; 9642;      88 
19; 9842;     114 
20; 0042;     126 
20; 0242;     121 
20; 0442;     127 
20; 0642;     142 
20; 0841;     165 
20; 1041;     175 
20; 1241;     209 
20; 1441;     189 
20; 1641;     213 
20; 1841;     215 
20; 2040;     216 
20; 2240;     184 
20; 2440;     216 
20; 2640;     202 
20; 2840;     182 
20; 3040;     175 
20; 3239;     139 
20; 3439;     135 
20; 3639;     121 
20; 3839;     113 
20; 4039;      92 
20; 4239;      54 
20; 4439;      75 
20; 4638;      67 
20; 4838;      58 
20; 5038;      51 
20; 5238;      55 
20; 5438;      46 
20; 5638;      48 
20; 5837;      57 
20; 6037;      46 
20; 6237;      56 
20; 6437;      46 
20; 6637;      65 
20; 6837;      48 
20; 7036;      36 
20; 7236;      33 
20; 7436;      42 
20; 7636;      48 
20; 7836;      68 
20; 8036;      51 
20; 8236;      39 
20; 8435;      44 
20; 8635;      51 
20; 8835;      51 
20; 9035;      54 
20; 9235;      60 
20; 9435;      66 
20; 9634;      61 
20; 9834;      67 
21; 0034;      65 
21; 0234;      56 
21; 0434;      72 
21; 0634;      78 
21; 0833;      85 
21; 1033;      79 
21; 1233;      81 
21; 1433;      98 
21; 1633;      86 
21; 1833;      86 
21; 2033;      90 
21; 2232;      70 
21; 2432;      82 
21; 2632;      66 
21; 2832;      70 
21; 3032;      81 
21; 3232;      81 
21; 3431;      74 
21; 3631;      60 
21; 3831;      48 
21; 4031;      75 
21; 4231;      53 
21; 4431;      55 
21; 4630;      69 
21; 4830;      45 
21; 5030;      47 
21; 5230;      52 
21; 5430;      46 
21; 5630;      59 
21; 5830;      39 
21; 6029;      53 
21; 6229;      44 
21; 6429;      60 
21; 6629;      43 
21; 6829;      40 
21; 7029;      51 
21; 7228;      39 
21; 7428;      48 
21; 7628;      42 
21; 7828;      44 
21; 8028;      42 
21; 8228;      45 
21; 8427;      43 
21; 8627;      48 
21; 8827;      44 
21; 9027;      48 
21; 9227;      37 
21; 9427;      40 
21; 9627;      47 
21; 9826;      42 
22; 0026;      40 
22; 0226;      58 
22; 0426;      51 
22; 0626;      44 
22; 0826;      43 
22; 1025;      49 
22; 1225;      49 
22; 1425;      54 
22; 1625;      39 
22; 1825;      35 
22; 2025;      46 
22; 2224;      39 
22; 2424;      44 
22; 2624;      36 
22; 2824;      41 
22; 3024;      38 
22; 3224;      37 
22; 3424;      31 
22; 3623;      34 
22; 3823;      46 
22; 4023;      35 
22; 4223;      30 
22; 4423;      40 
22; 4623;      32 
22; 4822;      46 
22; 5022;      36 
22; 5222;      44 
22; 5422;      31 
22; 5622;      44 
22; 5822;      54 
22; 6021;      56 
22; 6221;      54 
22; 6421;      54 
22; 6621;      52 
22; 6821;      56 
22; 7021;      58 
22; 7221;      58 
22; 7420;      67 
22; 7620;      63 
22; 7820;      58 
22; 8020;      51 
22; 8220;      42 
22; 8420;      46 
22; 8619;      38 
22; 8819;      37 
22; 9019;      36 
22; 9219;      36 
22; 9419;      29 
22; 9619;      31 
22; 9818;      47 
23; 0018;      39 
23; 0218;      34 
23; 0418;      40 
23; 0618;      26 
23; 0818;      25 
23; 1018;      31 
23; 1217;      27 
23; 1417;      31 
23; 1617;      31 
23; 1817;      28 
23; 2017;      30 
23; 2217;      30 
23; 2416;      25 
23; 2616;      28 
23; 2816;      34 
23; 3016;      27 
23; 3216;      36 
23; 3416;      33 
23; 3615;      32 
23; 3815;      32 
23; 4015;      41 
23; 4215;      18 
23; 4415;      26 
23; 4615;      31 
23; 4815;      40 
23; 5014;      30 
23; 5214;      20 
23; 5414;      20 
23; 5614;      30 
23; 5814;      37 
23; 6014;      27 
23; 6213;      33 
23; 6413;      27 
23; 6613;      35 
23; 6813;      24 
23; 7013;      28 
23; 7213;      23 
23; 7412;      31 
23; 7612;      18 
23; 7812;      34 
23; 8012;      25 
23; 8212;      30 
23; 8412;      23 
23; 8612;      27 
23; 8811;      27 
23; 9011;      37 
23; 9211;      20 
23; 9411;      46 
23; 9611;      35 
23; 9811;      38 
24; 0010;      26 
24; 0210;      28 
24; 0410;      34 
24; 0610;      24 
24; 0810;      39 
24; 1010;      38 
24; 1209;      36 
24; 1409;      31 
24; 1609;      44 
24; 1809;      38 
24; 2009;      45 
24; 2209;      41 
24; 2409;      28 
24; 2608;      46 
24; 2808;      35 
24; 3008;      36 
24; 3208;      29 
24; 3408;      29 
24; 3608;      31 
24; 3807;      27 
24; 4007;      38 
24; 4207;      21 
24; 4407;      26 
24; 4607;      22 
24; 4807;      19 
24; 5006;      13 
24; 5206;      21 
24; 5406;      27 
24; 5606;      21 
24; 5806;      19 
24; 6006;      13 
24; 6206;      20 
24; 6405;      23 
24; 6605;      20 
24; 6805;      21 
24; 7005;      27 
24; 7205;      21 
24; 7405;      18 
24; 7604;      20 
24; 7804;      28 
24; 8004;      24 
24; 8204;      27 
24; 8404;      27 
24; 8604;      23 
24; 8803;      24 
24; 9003;      21 
24; 9203;      22 
24; 9403;      19 
24; 9603;      28 
24; 9803;      40 
25; 0003;      28 
25; 0202;      32 
25; 0402;      30 
25; 0602;      33 
25; 0802;      28 
25; 1002;      34 
25; 1202;      23 
25; 1401;      31 
25; 1601;      26 
25; 1801;      23 
25; 2001;      28 
25; 2201;      33 
25; 2401;      21 
25; 2600;      15 
25; 2800;      23 
25; 3000;      25 
25; 3200;      20 
25; 3400;      21 
25; 3600;      21 
25; 3800;      16 
25; 3999;      21 
25; 4199;      12 
25; 4399;      25 
25; 4599;      21 
25; 4799;      21 
25; 4999;      13 
25; 5198;      23 
25; 5398;      22 
25; 5598;      29 
25; 5798;      16 
25; 5998;      22 
25; 6198;      23 
25; 6397;      18 
25; 6597;      18 
25; 6797;      21 
25; 6997;      21 
25; 7197;      18 
25; 7397;      18 
25; 7597;      27 
25; 7796;      23 
25; 7996;      17 
25; 8196;      23 
25; 8396;      20 
25; 8596;      17 
25; 8796;      29 
25; 8995;      22 
25; 9195;      19 
25; 9395;      24 
25; 9595;      25 
25; 9795;      22 
25; 9995;      18 
26; 0194;      12 
26; 0394;      21 
26; 0594;      20 
26; 0794;      19 
26; 0994;      22 
26; 1194;      15 
26; 1394;      27 
26; 1593;      30 
26; 1793;      24 
26; 1993;      21 
26; 2193;      25 
26; 2393;      18 
26; 2593;      20 
26; 2792;      24 
26; 2992;      23 
26; 3192;      14 
26; 3392;      29 
26; 3592;      21 
26; 3792;      21 
26; 3991;      27 
26; 4191;      24 
26; 4391;      27 
26; 4591;      21 
26; 4791;      20 
26; 4991;      23 
26; 5191;      13 
26; 5390;      21 
26; 5590;      22 
26; 5790;      23 
26; 5990;      27 
26; 6190;      12 
26; 6390;      18 
26; 6589;      17 
26; 6789;      15 
26; 6989;      18 
26; 7189;      14 
26; 7389;      20 
26; 7589;      17 
26; 7788;      12 
26; 7988;      21 
26; 8188;      16 
26; 8388;      24 
26; 8588;      16 
26; 8788;      21 
26; 8988;      16 
26; 9187;      12 
26; 9387;      21 
26; 9587;      19 
26; 9787;      20 
26; 9987;      14 
27; 0187;      20 
27; 0386;      11 
27; 0586;      13 
27; 0786;      20 
27; 0986;      27 
27; 1186;      18 
27; 1386;      19 
27; 1585;      28 
27; 1785;      19 
27; 1985;      13 
27; 2185;      15 
27; 2385;      23 
27; 2585;      21 
27; 2785;      19 
27; 2984;      17 
27; 3184;      23 
27; 3384;      22 
27; 3584;      22 
27; 3784;      17 
27; 3984;      13 
27; 4183;      27 
27; 4383;      17 
27; 4583;      18 
27; 4783;      13 
27; 4983;      22 
27; 5183;      10 
27; 5382;      23 
27; 5582;      11 
27; 5782;      14 
27; 5982;      21 
27; 6182;      12 
27; 6382;      18 
27; 6582;      21 
27; 6781;      10 
27; 6981;      14 
27; 7181;      16 
27; 7381;      19 
27; 7581;      10 
27; 7781;      13 
27; 7980;      19 
27; 8180;      16 
27; 8380;      17 
27; 8580;      15 
27; 8780;      22 
27; 8980;       9 
27; 9179;      10 
27; 9379;      19 
27; 9579;      18 
27; 9779;      12 
27; 9979;      18 
28; 0179;      15 
28; 0379;      18 
28; 0578;      12 
28; 0778;      15 
28; 0978;      24 
28; 1178;      10 
28; 1378;      17 
28; 1578;      17 
28; 1777;      17 
28; 1977;      14 
28; 2177;      16 
28; 2377;      13 
28; 2577;      19 
28; 2777;      15 
28; 2976;      13 
28; 3176;      14 
28; 3376;      17 
28; 3576;      20 
28; 3776;      12 
28; 3976;      15 
28; 4176;      17 
28; 4375;      12 
28; 4575;      12 
28; 4775;      10 
28; 4975;      10 
28; 5175;      12 
28; 5375;      12 
28; 5574;      12 
28; 5774;      17 
28; 5974;      13 
28; 6174;      10 
28; 6374;      16 
28; 6574;       7 
28; 6773;       8 
28; 6973;      23 
28; 7173;       7 
28; 7373;       9 
28; 7573;      12 
28; 7773;       8 
28; 7973;      15 
28; 8172;       6 
28; 8372;       8 
28; 8572;      17 
28; 8772;      13 
28; 8972;      19 
28; 9172;      11 
28; 9371;      10 
28; 9571;      12 
28; 9771;      16 
28; 9971;      12 
29; 0171;      15 
29; 0371;       7 
29; 0570;       7 
29; 0770;      17 
29; 0970;       8 
29; 1170;      12 
29; 1370;      11 
29; 1570;      14 
29; 1770;      17 
29; 1969;       9 
29; 2169;       9 
29; 2369;      11 
29; 2569;      11 
29; 2769;       9 
29; 2969;      10 
29; 3168;       8 
29; 3368;      11 
29; 3568;      23 
29; 3768;      13 
29; 3968;      13 
29; 4168;       6 
29; 4367;       9 
29; 4567;       8 
29; 4767;      10 
29; 4967;      16 
29; 5167;       8 
29; 5367;       8 
29; 5567;      11 
29; 5766;       9 
29; 5966;       7 
29; 6166;      16 
29; 6366;      12 
29; 6566;       4 
29; 6766;      11 
29; 6965;      11 
29; 7165;      11 
29; 7365;      18 
29; 7565;       4 
29; 7765;      13 
29; 7965;      13 
29; 8164;       9 
29; 8364;      15 
29; 8564;      11 
29; 8764;       9 
29; 8964;      13 
29; 9164;       5 
29; 9364;      12 
29; 9563;       6 
29; 9763;       7 
29; 9963;      11 
30; 0163;       6 
30; 0363;       5 
30; 0563;      10 
30; 0762;       8 
30; 0962;      12 
30; 1162;       8 
30; 1362;       8 
30; 1562;      10 
30; 1762;      16 
30; 1961;      13 
30; 2161;       9 
30; 2361;       5 
30; 2561;       7 
30; 2761;       9 
30; 2961;       7 
30; 3161;       8 
30; 3360;       9 
30; 3560;       7 
30; 3760;       9 
30; 3960;       6 
30; 4160;       9 
30; 4360;      10 
30; 4559;      10 
30; 4759;       8 
30; 4959;      12 
30; 5159;       6 
30; 5359;       9 
30; 5559;       9 
30; 5758;       8 
30; 5958;       7 
30; 6158;      12 
30; 6358;       6 
30; 6558;       8 
30; 6758;       7 
30; 6958;      12 
30; 7157;       9 
30; 7357;       5 
30; 7557;       6 
30; 7757;      10 
30; 7957;       6 
30; 8157;       2 
30; 8356;       2 
30; 8556;       4 
30; 8756;       9 
30; 8956;       4 
30; 9156;      10 
30; 9356;       8 
30; 9555;       5 
30; 9755;       6 
30; 9955;       2 
31; 0155;      10 
31; 0355;       8 
31; 0555;       6 
31; 0755;       5 
31; 0954;       6 
31; 1154;      10 
31; 1354;       7 
31; 1554;       7 
31; 1754;      11 
31; 1954;       7 
31; 2153;      10 
31; 2353;       6 
31; 2553;      10 
31; 2753;       3 
31; 2953;       7 
31; 3153;      11 
31; 3352;       9 
31; 3552;       8 
31; 3752;      12 
31; 3952;       7 
31; 4152;       6 
31; 4352;       4 
31; 4552;       5 
31; 4751;       4 
31; 4951;       5 
31; 5151;      10 
31; 5351;       5 
31; 5551;       5 
31; 5751;       7 
31; 5950;       8 
31; 6150;       2 
31; 6350;       9 
31; 6550;       3 
31; 6750;       3 
31; 6950;       5 
31; 7149;       8 
31; 7349;      11 
31; 7549;       5 
31; 7749;       5 
31; 7949;       2 
31; 8149;       5 
31; 8349;       7 
31; 8548;       5 
31; 8748;       4 
31; 8948;       5 
31; 9148;       9 
31; 9348;       7 
31; 9548;       7 
31; 9747;       7 
31; 9947;       5 
32; 0147;       4 
32; 0347;       6 
32; 0547;       6 
32; 0747;       5 
32; 0946;       4 
32; 1146;       6 
32; 1346;       5 
32; 1546;       6 
32; 1746;       8 
32; 1946;       9 
32; 2146;       8 
32; 2345;      12 
32; 2545;       4 
32; 2745;       7 
32; 2945;       5 
32; 3145;       6 
32; 3345;       2 
32; 3544;       7 
32; 3744;       1 
32; 3944;       3 
32; 4144;       6 
32; 4344;       8 
32; 4544;       5 
32; 4743;       2 
32; 4943;       3 
32; 5143;       4 
32; 5343;       7 
32; 5543;       2 
32; 5743;       4 
32; 5943;       4 
32; 6142;       2 
32; 6342;       7 
32; 6542;       6 
32; 6742;       7 
32; 6942;       5 
32; 7142;       4 
32; 7341;       6 
32; 7541;       4 
32; 7741;       2 
32; 7941;       5 
32; 8141;       2 
32; 8341;       6 
32; 8540;       2 
32; 8740;       5 
32; 8940;       5 
32; 9140;       8 
32; 9340;       6 
32; 9540;       4 
32; 9740;       5 
32; 9939;       3 
33; 0139;       3 
33; 0339;       0 
33; 0539;       3 
33; 0739;       4 
33; 0939;       6 
33; 1138;       4 
33; 1338;       2 
33; 1538;       4 
33; 1738;       6 
33; 1938;       1 
33; 2138;       2 
33; 2337;       5 
33; 2537;       8 
33; 2737;       3 
33; 2937;       3 
33; 3137;       3 
33; 3337;       5 
33; 3537;       6 
33; 3736;       3 
33; 3936;       7 
33; 4136;       3 
33; 4336;       3 
33; 4536;       5 
33; 4736;       1 
33; 4935;       5 
33; 5135;       4 
33; 5335;       6 
33; 5535;       4 
33; 5735;       2 
33; 5935;       5 
33; 6134;       5 
33; 6334;       4 
33; 6534;       4 
33; 6734;       4 
33; 6934;       2 
33; 7134;       6 
33; 7334;       3 
33; 7533;       2 
33; 7733;       3 
33; 7933;       5 
33; 8133;       2 
33; 8333;       2 
33; 8533;       3 
33; 8732;       2 
33; 8932;       4 
33; 9132;       3 
33; 9332;       3 
33; 9532;       1 
33; 9732;       1 
33; 9931;       1 
34; 0131;       0 
34; 0331;       3 
34; 0531;       5 
34; 0731;       3 
34; 0931;       2 
34; 1131;       3 
34; 1330;       0 
34; 1530;       8 
34; 1730;       2 
34; 1930;       3 
34; 2130;       6 
34; 2330;       5 
34; 2529;       1 
34; 2729;       1 
34; 2929;       1 
34; 3129;       5 
34; 3329;       4 
34; 3529;       2 
34; 3729;       0 
34; 3928;       2 
34; 4128;       2 
34; 4328;       3 
34; 4528;       0 
34; 4728;       2 
34; 4928;       3 
34; 5127;       1 
34; 5327;       2 
34; 5527;       2 
34; 5727;       2 
34; 5927;       2 
34; 6127;       1 
34; 6326;       2 
34; 6526;       1 
34; 6726;       5 
34; 6926;       3 
34; 7126;       0 
34; 7326;       1 
34; 7526;       3 
34; 7725;       5 
34; 7925;       1 
34; 8125;       4 
34; 8325;       2 
34; 8525;       3 
34; 8725;       1 
34; 8924;       2 
34; 9124;       2 
34; 9324;       2 
34; 9524;       1 
34; 9724;       2 
34; 9924;       4 
35; 0123;       2 
35; 0323;       1 
35; 0523;       2 
35; 0723;       1 
35; 0923;       2 
35; 1123;       4 
35; 1323;       0 
35; 1522;       2 
35; 1722;       0 
35; 1922;       1 
35; 2122;       2 
35; 2322;       0 
35; 2522;       2 
35; 2721;       2 
35; 2921;       1 
35; 3121;       1 
35; 3321;       0 
35; 3521;       1 
35; 3721;       2 
35; 3920;       2 
35; 4120;       3 
35; 4320;       2 
35; 4520;       2 
35; 4720;       2 
35; 4920;       2 
35; 5120;       0 
35; 5319;       2 
35; 5519;       2 
35; 5719;       3 
35; 5919;       1 
35; 6119;       2 
35; 6319;       1 
35; 6518;       2 
35; 6718;       2 
35; 6918;       1 
35; 7118;       1 
35; 7318;       1 
35; 7518;       1 
35; 7717;       5 
35; 7917;       1 
35; 8117;       0 
35; 8317;       1 
35; 8517;       1 
35; 8717;       4 
35; 8917;       2 
35; 9116;       0 
35; 9316;       0 
35; 9516;       2 
35; 9716;       0 
35; 9916;       0 
36; 0116;       0 
36; 0315;       0 
36; 0515;       2 
36; 0715;       0 
36; 0915;       2 
36; 1115;       2 
36; 1315;       0 
36; 1514;       1 
36; 1714;       1 
36; 1914;       2 
36; 2114;       2 
36; 2314;       1 
36; 2514;       1 
36; 2714;       1 
36; 2913;       0 
36; 3113;       2 
36; 3313;       0 
36; 3513;       0 
36; 3713;       0 
36; 3913;       1 
36; 4112;       0 
36; 4312;       2 
36; 4512;       0 
36; 4712;       0 
36; 4912;       1 
36; 5112;       1 
36; 5311;       0 
36; 5511;       0 
36; 5711;       1 
36; 5911;       3 
36; 6111;       0 
36; 6311;       1 
36; 6511;       1 
36; 6710;       0 
36; 6910;       0 
36; 7110;       2 
36; 7310;       0 
36; 7510;       1 
36; 7710;       0 
36; 7909;       1 
36; 8109;       1 
36; 8309;       2 
36; 8509;       0 
36; 8709;       1 
36; 8909;       1 
36; 9108;       0 
36; 9308;       0 
36; 9508;       0 
36; 9708;       0 
36; 9908;       2 
37; 0108;       1 
37; 0308;       2 
37; 0507;       0 
37; 0707;       0 
37; 0907;       1 
37; 1107;       2 
37; 1307;       1 
37; 1507;       1 
37; 1706;       2 
37; 1906;       0 
37; 2106;       0 
37; 2306;       2 
37; 2506;       2 
37; 2706;       0 
37; 2905;       2 
37; 3105;       1 
37; 3305;       1 
37; 3505;       2 
37; 3705;       0 
37; 3905;       1 
37; 4105;       0 
37; 4304;       1 
37; 4504;       0 
37; 4704;       0 
37; 4904;       1 
37; 5104;       0 
37; 5304;       0 
37; 5503;       3 
37; 5703;       1 
37; 5903;       0 
37; 6103;       0 
37; 6303;       0 
37; 6503;       3 
37; 6702;       0 
37; 6902;       0 
37; 7102;       1 
37; 7302;       0 
37; 7502;       0 
37; 7702;       1 
37; 7902;       1 
37; 8101;       1 
37; 8301;       1 
37; 8501;       0 
37; 8701;       0 
37; 8901;       1 
37; 9101;       0 
37; 9300;       0 
37; 9500;       0 
37; 9700;       0 
37; 9900;       0 
38; 0100;       0 
38; 0300;       0 
38; 0499;       1 
38; 0699;       0 
38; 0899;       2 
38; 1099;       1 
38; 1299;       0 
38; 1499;       0 
38; 1699;       1 
38; 1898;       0 
38; 2098;       1 
38; 2298;       0 
38; 2498;       2 
38; 2698;       0 
38; 2898;       0 
38; 3097;       0 
38; 3297;       1 
38; 3497;       0 
38; 3697;       0 
38; 3897;       0 
38; 4097;       0 
38; 4296;       1 
38; 4496;       1 
38; 4696;       0 
38; 4896;       2 
38; 5096;       1 
38; 5296;       1 
38; 5496;       1 
38; 5695;       0 
38; 5895;       0 
38; 6095;       2 
38; 6295;       0 
38; 6495;       0 
38; 6695;       2 
38; 6894;       0 
38; 7094;       0 
38; 7294;       0 
38; 7494;       0 
38; 7694;       0 
38; 7894;       1 
38; 8093;       2 
38; 8293;       1 
38; 8493;       2 
38; 8693;       0 
38; 8893;       1 
38; 9093;       0 
38; 9293;       3 
38; 9492;       0 
38; 9692;       0 
38; 9892;       0 
39; 0092;       0 
39; 0292;       0 
39; 0492;       0 
39; 0691;       0 
39; 0891;       0 
39; 1091;       0 
39; 1291;       0 
39; 1491;       0 
39; 1691;       1 
39; 1890;       0 
39; 2090;       0 
39; 2290;       0 
39; 2490;       0 
39; 2690;       0 
39; 2890;       0 
39; 3090;       0 
39; 3289;       0 
39; 3489;       0 
39; 3689;       0 
39; 3889;       0 
39; 4089;       0 
39; 4289;       0 
39; 4488;       1 
39; 4688;       0 
39; 4888;       0 
39; 5088;       0 
39; 5288;       0 
39; 5488;       0 
39; 5687;       0 
39; 5887;       0 
39; 6087;       1 
39; 6287;       0 
39; 6487;       0 
39; 6687;       0 
39; 6887;       0 
39; 7086;       0 
39; 7286;       0 
39; 7486;       1 
39; 7686;       0 
39; 7886;       0 
39; 8086;       0 
39; 8285;       0 
39; 8485;       2 
39; 8685;       1 
39; 8885;       0 
39; 9085;       0 
39; 9285;       0 
39; 9484;       0 
39; 9684;       0 
39; 9884;       0 
40; 0084;       0 
40; 0284;       0 
40; 0484;       0 
40; 0684;       0 
40; 0883;       0 
40; 1083;       0 
40; 1283;       0 
40; 1483;       0 
40; 1683;       0 
40; 1883;       0 
40; 2082;       0 
40; 2282;       0 
40; 2482;       0 
40; 2682;       0 
40; 2882;       1 
40; 3082;       0 
40; 3281;       0 
40; 3481;       0 
40; 3681;       1 
40; 3881;       0 
40; 4081;       0 
40; 4281;       0 
40; 4481;       1 
40; 4680;       0 
40; 4880;       0 
40; 5080;       0 
40; 5280;       0 
40; 5480;       1 
40; 5680;       0 
40; 5879;       1 
40; 6079;       0 
40; 6279;       0 
40; 6479;       0 
40; 6679;       0 
40; 6879;       0 
40; 7078;       0 
40; 7278;       0 
40; 7478;       0 
40; 7678;       0 
40; 7878;       0 
40; 8078;       0 
40; 8278;       0 
40; 8477;       0 
40; 8677;       0 
40; 8877;       0 
40; 9077;       0 
