0; 0000;     225 
0; 0200;     213 
0; 0400;     179 
0; 0599;     108 
0; 0799;      80 
0; 0999;      27 
0; 1199;      13 
0; 1398;       1 
0; 1598;       3 
0; 1798;       2 
0; 1998;       0 
0; 2197;       0 
0; 2397;       0 
0; 2597;       1 
0; 2797;       0 
0; 2996;       0 
0; 3196;       0 
0; 3396;       0 
0; 3596;       0 
0; 3796;       1 
0; 3995;       0 
0; 4195;       1 
0; 4395;       1 
0; 4595;       0 
0; 4794;       0 
0; 4994;       0 
0; 5194;       0 
0; 5394;       3 
0; 5593;       8 
0; 5793;      18 
0; 5993;      73 
0; 6193;     112 
0; 6392;     186 
0; 6592;     219 
0; 6792;     214 
0; 6992;     236 
0; 7192;     230 
0; 7391;     205 
0; 7591;     238 
0; 7791;     216 
0; 7991;     198 
0; 8190;     204 
0; 8390;     205 
0; 8590;     190 
0; 8790;     214 
0; 8989;     218 
0; 9189;     217 
0; 9389;     185 
0; 9589;     204 
0; 9788;     192 
0; 9988;     198 
1; 0188;     181 
1; 0388;     190 
1; 0588;     199 
1; 0787;     173 
1; 0987;     161 
1; 1187;     177 
1; 1387;     171 
1; 1586;     170 
1; 1786;     168 
1; 1986;     176 
1; 2186;     183 
1; 2385;     171 
1; 2585;     185 
1; 2785;     164 
1; 2985;     148 
1; 3184;     148 
1; 3384;     152 
1; 3584;     170 
1; 3784;     170 
1; 3984;     166 
1; 4183;     172 
1; 4383;     158 
1; 4583;     179 
1; 4783;     158 
1; 4982;     193 
1; 5182;     150 
1; 5382;     165 
1; 5582;     161 
1; 5781;     142 
1; 5981;     138 
1; 6181;     151 
1; 6381;     159 
1; 6580;     190 
1; 6780;     189 
1; 6980;     189 
1; 7180;     198 
1; 7380;     180 
1; 7579;     177 
1; 7779;     176 
1; 7979;     163 
1; 8179;     171 
1; 8378;     169 
1; 8578;     160 
1; 8778;     172 
1; 8978;     179 
1; 9177;     183 
1; 9377;     178 
1; 9577;     208 
1; 9777;     204 
1; 9976;     212 
2; 0176;     192 
2; 0376;     204 
2; 0576;     198 
2; 0776;     179 
2; 0975;     163 
2; 1175;     188 
2; 1375;     167 
2; 1575;     155 
2; 1774;     192 
2; 1974;     218 
2; 2174;     247 
2; 2374;     237 
2; 2573;     257 
2; 2773;     247 
2; 2973;     273 
2; 3173;     314 
2; 3372;     305 
2; 3572;     299 
2; 3772;     261 
2; 3972;     320 
2; 4172;     246 
2; 4371;     267 
2; 4571;     249 
2; 4771;     269 
2; 4971;     313 
2; 5170;     295 
2; 5370;     365 
2; 5570;     468 
2; 5770;     537 
2; 5969;     675 
2; 6169;     753 
2; 6369;     845 
2; 6569;     948 
2; 6768;     974 
2; 6968;     952 
2; 7168;     901 
2; 7368;     852 
2; 7568;     849 
2; 7767;     834 
2; 7967;     819 
2; 8167;     798 
2; 8367;     851 
2; 8566;     772 
2; 8766;     846 
2; 8966;     794 
2; 9166;     815 
2; 9365;     764 
2; 9565;     734 
2; 9765;     707 
2; 9965;     632 
3; 0164;     539 
3; 0364;     493 
3; 0564;     414 
3; 0764;     372 
3; 0964;     358 
3; 1163;     320 
3; 1363;     316 
3; 1563;     294 
3; 1763;     309 
3; 1962;     296 
3; 2162;     289 
3; 2362;     355 
3; 2562;     360 
3; 2761;     337 
3; 2961;     408 
3; 3161;     446 
3; 3361;     518 
3; 3560;     529 
3; 3760;     665 
3; 3960;     703 
3; 4160;     744 
3; 4360;     780 
3; 4559;     799 
3; 4759;     759 
3; 4959;     673 
3; 5159;     604 
3; 5358;     553 
3; 5558;     609 
3; 5758;     619 
3; 5958;     802 
3; 6157;     942 
3; 6357;    1099 
3; 6557;    1157 
3; 6757;    1361 
3; 6956;    1407 
3; 7156;    1211 
3; 7356;    1099 
3; 7556;    1003 
3; 7756;     811 
3; 7955;     619 
3; 8155;     512 
3; 8355;     467 
3; 8555;     457 
3; 8754;     400 
3; 8954;     405 
3; 9154;     437 
3; 9354;     416 
3; 9553;     414 
3; 9753;     421 
3; 9953;     428 
4; 0153;     457 
4; 0352;     392 
4; 0552;     390 
4; 0752;     395 
4; 0952;     350 
4; 1152;     355 
4; 1351;     327 
4; 1551;     350 
4; 1751;     311 
4; 1951;     281 
4; 2150;     271 
4; 2350;     301 
4; 2550;     270 
4; 2750;     297 
4; 2949;     298 
4; 3149;     306 
4; 3349;     324 
4; 3549;     296 
4; 3748;     328 
4; 3948;     355 
4; 4148;     281 
4; 4348;     387 
4; 4547;     359 
4; 4747;     356 
4; 4947;     373 
4; 5147;     400 
4; 5347;     370 
4; 5546;     369 
4; 5746;     355 
4; 5946;     350 
4; 6146;     326 
4; 6345;     267 
4; 6545;     309 
4; 6745;     322 
4; 6945;     312 
4; 7144;     296 
4; 7344;     300 
4; 7544;     274 
4; 7744;     286 
4; 7943;     285 
4; 8143;     314 
4; 8343;     320 
4; 8543;     319 
4; 8743;     316 
4; 8942;     292 
4; 9142;     308 
4; 9342;     303 
4; 9542;     348 
4; 9741;     320 
4; 9941;     340 
5; 0141;     299 
5; 0341;     340 
5; 0540;     330 
5; 0740;     324 
5; 0940;     328 
5; 1140;     368 
5; 1339;     351 
5; 1539;     331 
5; 1739;     327 
5; 1939;     347 
5; 2139;     338 
5; 2338;     344 
5; 2538;     362 
5; 2738;     339 
5; 2938;     392 
5; 3137;     385 
5; 3337;     368 
5; 3537;     393 
5; 3737;     368 
5; 3936;     396 
5; 4136;     438 
5; 4336;     457 
5; 4536;     419 
5; 4735;     431 
5; 4935;     431 
5; 5135;     417 
5; 5335;     432 
5; 5535;     391 
5; 5734;     437 
5; 5934;     416 
5; 6134;     438 
5; 6334;     407 
5; 6533;     416 
5; 6733;     434 
5; 6933;     384 
5; 7133;     411 
5; 7332;     405 
5; 7532;     426 
5; 7732;     437 
5; 7932;     461 
5; 8131;     468 
5; 8331;     473 
5; 8531;     466 
5; 8731;     485 
5; 8931;     494 
5; 9130;     483 
5; 9330;     510 
5; 9530;     477 
5; 9730;     494 
5; 9929;     509 
6; 0129;     549 
6; 0329;     522 
6; 0529;     510 
6; 0728;     529 
6; 0928;     580 
6; 1128;     578 
6; 1328;     576 
6; 1527;     613 
6; 1727;     720 
6; 1927;     774 
6; 2127;     848 
6; 2327;    1106 
6; 2526;    1280 
6; 2726;    1594 
6; 2926;    1868 
6; 3126;    2331 
6; 3325;    2667 
6; 3525;    3062 
6; 3725;    3246 
6; 3925;    3374 
6; 4124;    3351 
6; 4324;    3093 
6; 4524;    2806 
6; 4724;    2363 
6; 4923;    1973 
6; 5123;    1613 
6; 5323;    1246 
6; 5523;    1061 
6; 5723;     848 
6; 5922;     791 
6; 6122;     750 
6; 6322;     657 
6; 6522;     611 
6; 6721;     657 
6; 6921;     714 
6; 7121;     686 
6; 7321;     654 
6; 7520;     620 
6; 7720;     691 
6; 7920;     656 
6; 8120;     699 
6; 8319;     664 
6; 8519;     740 
6; 8719;     713 
6; 8919;     775 
6; 9119;     824 
6; 9318;     864 
6; 9518;     884 
6; 9718;     940 
6; 9918;    1015 
7; 0117;     963 
7; 0317;    1029 
7; 0517;    1060 
7; 0717;    1061 
7; 0916;     984 
7; 1116;     996 
7; 1316;     938 
7; 1516;     901 
7; 1715;     879 
7; 1915;     852 
7; 2115;     862 
7; 2315;     846 
7; 2515;     840 
7; 2714;     850 
7; 2914;     855 
7; 3114;     915 
7; 3314;    1002 
7; 3513;    1104 
7; 3713;    1110 
7; 3913;    1331 
7; 4113;    1437 
7; 4312;    1523 
7; 4512;    1617 
7; 4712;    1661 
7; 4912;    1697 
7; 5111;    1655 
7; 5311;    1521 
7; 5511;    1494 
7; 5711;    1348 
7; 5911;    1286 
7; 6110;    1253 
7; 6310;    1188 
7; 6510;    1241 
7; 6710;    1281 
7; 6909;    1362 
7; 7109;    1486 
7; 7309;    1708 
7; 7509;    1941 
7; 7708;    2334 
7; 7908;    3112 
7; 8108;    4668 
7; 8308;    7664 
7; 8507;   12166 
7; 8707;   19987 
7; 8907;   30943 
7; 9107;   46888 
7; 9307;   67718 
7; 9506;   91527 
7; 9706;  117843 
7; 9906;  142138 
8; 0106;  162399 
8; 0305;  175165 
8; 0505;  178213 
8; 0705;  171485 
8; 0905;  153895 
8; 1104;  130803 
8; 1304;  105163 
8; 1504;   79313 
8; 1704;   57320 
8; 1903;   38606 
8; 2103;   24720 
8; 2303;   15167 
8; 2503;    9200 
8; 2703;    5612 
8; 2902;    3628 
8; 3102;    2368 
8; 3302;    1811 
8; 3502;    1438 
8; 3701;    1342 
8; 3901;    1265 
8; 4101;    1383 
8; 4301;    1633 
8; 4500;    2022 
8; 4700;    2768 
8; 4900;    3666 
8; 5100;    4912 
8; 5299;    6438 
8; 5499;    8151 
8; 5699;    9982 
8; 5899;   11738 
8; 6099;   12679 
8; 6298;   13539 
8; 6498;   13694 
8; 6698;   13241 
8; 6898;   12275 
8; 7097;   11411 
8; 7297;   10766 
8; 7497;   10598 
8; 7697;   11270 
8; 7896;   13189 
8; 8096;   15384 
8; 8296;   19035 
8; 8496;   21942 
8; 8695;   24676 
8; 8895;   26720 
8; 9095;   27500 
8; 9295;   26513 
8; 9495;   24254 
8; 9694;   21415 
8; 9894;   17686 
9; 0094;   13796 
9; 0294;   10184 
9; 0493;    7244 
9; 0693;    4947 
9; 0893;    3206 
9; 1093;    2102 
9; 1292;    1302 
9; 1492;     834 
9; 1692;     645 
9; 1892;     503 
9; 2091;     384 
9; 2291;     377 
9; 2491;     375 
9; 2691;     310 
9; 2891;     320 
9; 3090;     313 
9; 3290;     292 
9; 3490;     311 
9; 3690;     317 
9; 3889;     348 
9; 4089;     378 
9; 4289;     429 
9; 4489;     489 
9; 4688;     613 
9; 4888;     679 
9; 5088;     798 
9; 5288;     849 
9; 5487;     909 
9; 5687;     990 
9; 5887;     983 
9; 6087;     974 
9; 6287;     849 
9; 6486;     758 
9; 6686;     678 
9; 6886;     544 
9; 7086;     473 
9; 7285;     410 
9; 7485;     319 
9; 7685;     267 
9; 7885;     244 
9; 8084;     236 
9; 8284;     208 
9; 8484;     220 
9; 8684;     207 
9; 8883;     219 
9; 9083;     194 
9; 9283;     180 
9; 9483;     212 
9; 9683;     179 
9; 9882;     214 
10; 0082;     208 
10; 0282;     191 
10; 0482;     182 
10; 0681;     186 
10; 0881;     204 
10; 1081;     198 
10; 1281;     191 
10; 1480;     204 
10; 1680;     189 
10; 1880;     180 
10; 2080;     199 
10; 2279;     192 
10; 2479;     187 
10; 2679;     216 
10; 2879;     255 
10; 3079;     259 
10; 3278;     301 
10; 3478;     384 
10; 3678;     534 
10; 3878;     662 
10; 4077;     817 
10; 4277;    1063 
10; 4477;    1249 
10; 4677;    1545 
10; 4876;    1731 
10; 5076;    1992 
10; 5276;    2040 
10; 5476;    2185 
10; 5675;    2054 
10; 5875;    2001 
10; 6075;    1815 
10; 6275;    1673 
10; 6475;    1320 
10; 6674;    1105 
10; 6874;     813 
10; 7074;     636 
10; 7274;     506 
10; 7473;     365 
10; 7673;     304 
10; 7873;     256 
10; 8073;     272 
10; 8272;     194 
10; 8472;     222 
10; 8672;     188 
10; 8872;     193 
10; 9071;     197 
10; 9271;     192 
10; 9471;     165 
10; 9671;     193 
10; 9871;     206 
11; 0070;     164 
11; 0270;     192 
11; 0470;     192 
11; 0670;     152 
11; 0869;     162 
11; 1069;     168 
11; 1269;     136 
11; 1469;     200 
11; 1668;     171 
11; 1868;     168 
11; 2068;     178 
11; 2268;     185 
11; 2467;     177 
11; 2667;     162 
11; 2867;     189 
11; 3067;     181 
11; 3267;     187 
11; 3466;     180 
11; 3666;     193 
11; 3866;     190 
11; 4066;     200 
11; 4265;     195 
11; 4465;     187 
11; 4665;     202 
11; 4865;     189 
11; 5064;     148 
11; 5264;     171 
11; 5464;     188 
11; 5664;     215 
11; 5863;     217 
11; 6063;     199 
11; 6263;     205 
11; 6463;     237 
11; 6663;     240 
11; 6862;     257 
11; 7062;     262 
11; 7262;     293 
11; 7462;     298 
11; 7661;     279 
11; 7861;     274 
11; 8061;     265 
11; 8261;     258 
11; 8460;     255 
11; 8660;     194 
11; 8860;     202 
11; 9060;     180 
11; 9259;     183 
11; 9459;     164 
11; 9659;     163 
11; 9859;     152 
12; 0059;     143 
12; 0258;     148 
12; 0458;     174 
12; 0658;     179 
12; 0858;     144 
12; 1057;     190 
12; 1257;     189 
12; 1457;     193 
12; 1657;     185 
12; 1856;     203 
12; 2056;     199 
12; 2256;     187 
12; 2456;     227 
12; 2655;     217 
12; 2855;     224 
12; 3055;     236 
12; 3255;     224 
12; 3455;     219 
12; 3654;     227 
12; 3854;     238 
12; 4054;     254 
12; 4254;     307 
12; 4453;     347 
12; 4653;     404 
12; 4853;     564 
12; 5053;     665 
12; 5252;     837 
12; 5452;     917 
12; 5652;    1089 
12; 5852;    1210 
12; 6051;    1247 
12; 6251;    1384 
12; 6451;    1310 
12; 6651;    1266 
12; 6851;    1100 
12; 7050;    1070 
12; 7250;     905 
12; 7450;     751 
12; 7650;     598 
12; 7849;     521 
12; 8049;     417 
12; 8249;     336 
12; 8449;     299 
12; 8648;     254 
12; 8848;     225 
12; 9048;     248 
12; 9248;     211 
12; 9447;     183 
12; 9647;     188 
12; 9847;     181 
13; 0047;     171 
13; 0246;     160 
13; 0446;     201 
13; 0646;     210 
13; 0846;     141 
13; 1046;     167 
13; 1245;     156 
13; 1445;     143 
13; 1645;     146 
13; 1845;     131 
13; 2044;     126 
13; 2244;     116 
13; 2444;     110 
13; 2644;     150 
13; 2843;     106 
13; 3043;     115 
13; 3243;     120 
13; 3443;     125 
13; 3642;     114 
13; 3842;     115 
13; 4042;     110 
13; 4242;     103 
13; 4442;      99 
13; 4641;     124 
13; 4841;     102 
13; 5041;      98 
13; 5241;     100 
13; 5440;     124 
13; 5640;     125 
13; 5840;     120 
13; 6040;     102 
13; 6239;     109 
13; 6439;     115 
13; 6639;     116 
13; 6839;     103 
13; 7038;     109 
13; 7238;     110 
13; 7438;     113 
13; 7638;     123 
13; 7838;     101 
13; 8037;     109 
13; 8237;     108 
13; 8437;     111 
13; 8637;     109 
13; 8836;     124 
13; 9036;     112 
13; 9236;     130 
13; 9436;     116 
13; 9635;     122 
13; 9835;     113 
14; 0035;     108 
14; 0235;     116 
14; 0434;     100 
14; 0634;     126 
14; 0834;     116 
14; 1034;     118 
14; 1234;     125 
14; 1433;     115 
14; 1633;     103 
14; 1833;     120 
14; 2033;     113 
14; 2232;     143 
14; 2432;     120 
14; 2632;     148 
14; 2832;     111 
14; 3031;     130 
14; 3231;     148 
14; 3431;     139 
14; 3631;     162 
14; 3830;     173 
14; 4030;     183 
14; 4230;     164 
14; 4430;     191 
14; 4630;     203 
14; 4829;     177 
14; 5029;     169 
14; 5229;     173 
14; 5429;     179 
14; 5628;     163 
14; 5828;     172 
14; 6028;     166 
14; 6228;     161 
14; 6427;     196 
14; 6627;     206 
14; 6827;     230 
14; 7027;     253 
14; 7226;     269 
14; 7426;     266 
14; 7626;     291 
14; 7826;     262 
14; 8026;     270 
14; 8225;     255 
14; 8425;     265 
14; 8625;     214 
14; 8825;     204 
14; 9024;     201 
14; 9224;     167 
14; 9424;     156 
14; 9624;     130 
14; 9823;     155 
15; 0023;     138 
15; 0223;     165 
15; 0423;     143 
15; 0622;     130 
15; 0822;     160 
15; 1022;     158 
15; 1222;     156 
15; 1422;     164 
15; 1621;     163 
15; 1821;     184 
15; 2021;     189 
15; 2221;     168 
15; 2420;     176 
15; 2620;     164 
15; 2820;     139 
15; 3020;     142 
15; 3219;     128 
15; 3419;     143 
15; 3619;     129 
15; 3819;     120 
15; 4018;     138 
15; 4218;     142 
15; 4418;     139 
15; 4618;     145 
15; 4818;     108 
15; 5017;     130 
15; 5217;     127 
15; 5417;     123 
15; 5617;     119 
15; 5816;     120 
15; 6016;     125 
15; 6216;     111 
15; 6416;     111 
15; 6615;     132 
15; 6815;     108 
15; 7015;     138 
15; 7215;     146 
15; 7414;     132 
15; 7614;     122 
15; 7814;     139 
15; 8014;     134 
15; 8214;     166 
15; 8413;     197 
15; 8613;     220 
15; 8813;     264 
15; 9013;     349 
15; 9212;     498 
15; 9412;     659 
15; 9612;     790 
15; 9812;     998 
16; 0011;    1304 
16; 0211;    1572 
16; 0411;    1787 
16; 0611;    2043 
16; 0810;    2180 
16; 1010;    2244 
16; 1210;    2267 
16; 1410;    2181 
16; 1610;    2128 
16; 1809;    1854 
16; 2009;    1595 
16; 2209;    1389 
16; 2409;    1130 
16; 2608;     875 
16; 2808;     702 
16; 3008;     533 
16; 3208;     358 
16; 3407;     295 
16; 3607;     240 
16; 3807;     183 
16; 4007;     144 
16; 4206;     149 
16; 4406;     107 
16; 4606;     136 
16; 4806;     129 
16; 5006;     133 
16; 5205;     163 
16; 5405;     169 
16; 5605;     194 
16; 5805;     248 
16; 6004;     297 
16; 6204;     277 
16; 6404;     343 
16; 6604;     344 
16; 6803;     424 
16; 7003;     446 
16; 7203;     379 
16; 7403;     456 
16; 7602;     420 
16; 7802;     460 
16; 8002;     438 
16; 8202;     475 
16; 8402;     516 
16; 8601;     568 
16; 8801;     569 
16; 9001;     665 
16; 9201;     651 
16; 9400;     694 
16; 9600;     772 
16; 9800;     751 
17; 0000;     709 
17; 0199;     681 
17; 0399;     638 
17; 0599;     553 
17; 0799;     481 
17; 0998;     437 
17; 1198;     330 
17; 1398;     248 
17; 1598;     213 
17; 1798;     159 
17; 1997;     142 
17; 2197;     145 
17; 2397;     121 
17; 2597;      93 
17; 2796;     102 
17; 2996;      87 
17; 3196;      93 
17; 3396;      85 
17; 3595;      80 
17; 3795;      99 
17; 3995;      91 
17; 4195;      91 
17; 4394;     103 
17; 4594;     115 
17; 4794;     111 
17; 4994;     107 
17; 5194;     110 
17; 5393;     121 
17; 5593;     141 
17; 5793;     112 
17; 5993;     127 
17; 6192;     149 
17; 6392;     106 
17; 6592;     126 
17; 6792;     147 
17; 6991;     120 
17; 7191;     133 
17; 7391;     113 
17; 7591;     130 
17; 7790;     128 
17; 7990;     117 
17; 8190;     118 
17; 8390;     109 
17; 8590;     107 
17; 8789;     117 
17; 8989;     129 
17; 9189;     111 
17; 9389;     105 
17; 9588;      75 
17; 9788;      77 
17; 9988;      80 
18; 0188;      87 
18; 0387;      63 
18; 0587;      78 
18; 0787;      68 
18; 0987;      83 
18; 1186;      61 
18; 1386;      64 
18; 1586;      73 
18; 1786;      58 
18; 1986;      69 
18; 2185;      65 
18; 2385;      76 
18; 2585;      55 
18; 2785;      69 
18; 2984;      68 
18; 3184;      69 
18; 3384;      71 
18; 3584;      85 
18; 3783;      86 
18; 3983;      74 
18; 4183;      83 
18; 4383;      85 
18; 4582;     100 
18; 4782;      94 
18; 4982;      91 
18; 5182;     101 
18; 5382;     120 
18; 5581;     123 
18; 5781;     124 
18; 5981;     154 
18; 6181;     133 
18; 6380;     136 
18; 6580;     130 
18; 6780;     116 
18; 6980;     143 
18; 7179;     132 
18; 7379;     129 
18; 7579;     136 
18; 7779;     136 
18; 7978;     112 
18; 8178;     113 
18; 8378;     142 
18; 8578;     117 
18; 8778;     144 
18; 8977;     135 
18; 9177;     122 
18; 9377;     132 
18; 9577;     156 
18; 9776;     134 
18; 9976;     150 
19; 0176;     151 
19; 0376;     136 
19; 0575;     148 
19; 0775;     135 
19; 0975;     137 
19; 1175;     156 
19; 1374;     162 
19; 1574;     129 
19; 1774;     140 
19; 1974;     119 
19; 2174;     125 
19; 2373;     135 
19; 2573;     126 
19; 2773;     108 
19; 2973;     141 
19; 3172;     120 
19; 3372;     125 
19; 3572;     117 
19; 3772;     107 
19; 3971;     101 
19; 4171;     104 
19; 4371;      85 
19; 4571;     102 
19; 4770;      76 
19; 4970;      99 
19; 5170;      85 
19; 5370;      91 
19; 5570;      81 
19; 5769;      70 
19; 5969;      89 
19; 6169;      76 
19; 6369;      73 
19; 6568;      61 
19; 6768;      68 
19; 6968;      65 
19; 7168;      57 
19; 7367;      51 
19; 7567;      64 
19; 7767;      59 
19; 7967;      74 
19; 8166;      71 
19; 8366;      63 
19; 8566;      55 
19; 8766;      65 
19; 8966;      82 
19; 9165;      82 
19; 9365;      67 
19; 9565;      91 
19; 9765;      87 
19; 9964;     123 
20; 0164;     119 
20; 0364;     139 
20; 0564;     145 
20; 0763;     169 
20; 0963;     176 
20; 1163;     198 
20; 1363;     225 
20; 1562;     197 
20; 1762;     200 
20; 1962;     219 
20; 2162;     194 
20; 2362;     186 
20; 2561;     190 
20; 2761;     159 
20; 2961;     157 
20; 3161;     162 
20; 3360;     114 
20; 3560;     137 
20; 3760;     109 
20; 3960;      86 
20; 4159;      88 
20; 4359;      66 
20; 4559;      58 
20; 4759;      71 
20; 4958;      64 
20; 5158;      52 
20; 5358;      56 
20; 5558;      56 
20; 5758;      61 
20; 5957;      64 
20; 6157;      67 
20; 6357;      64 
20; 6557;      65 
20; 6756;      61 
20; 6956;      88 
20; 7156;      65 
20; 7356;      62 
20; 7555;      70 
20; 7755;      75 
20; 7955;      65 
20; 8155;      69 
20; 8354;      60 
20; 8554;      64 
20; 8754;      63 
20; 8954;      66 
20; 9154;      69 
20; 9353;      72 
20; 9553;      70 
20; 9753;      78 
20; 9953;      91 
21; 0152;      79 
21; 0352;     100 
21; 0552;      89 
21; 0752;      85 
21; 0951;      96 
21; 1151;      84 
21; 1351;     102 
21; 1551;     106 
21; 1750;     114 
21; 1950;      97 
21; 2150;     105 
21; 2350;      82 
21; 2550;     100 
21; 2749;      81 
21; 2949;      77 
21; 3149;      73 
21; 3349;      80 
21; 3548;      73 
21; 3748;      63 
21; 3948;      60 
21; 4148;      49 
21; 4347;      74 
21; 4547;      57 
21; 4747;      56 
21; 4947;      64 
21; 5146;      53 
21; 5346;      56 
21; 5546;      51 
21; 5746;      43 
21; 5945;      40 
21; 6145;      38 
21; 6345;      49 
21; 6545;      35 
21; 6745;      49 
21; 6944;      43 
21; 7144;      49 
21; 7344;      36 
21; 7544;      55 
21; 7743;      39 
21; 7943;      43 
21; 8143;      44 
21; 8343;      44 
21; 8542;      54 
21; 8742;      57 
21; 8942;      54 
21; 9142;      54 
21; 9341;      68 
21; 9541;      74 
21; 9741;      58 
21; 9941;      57 
22; 0141;      71 
22; 0340;      66 
22; 0540;      75 
22; 0740;      74 
22; 0940;      62 
22; 1139;      68 
22; 1339;      90 
22; 1539;      82 
22; 1739;      79 
22; 1938;      72 
22; 2138;      61 
22; 2338;      69 
22; 2538;      62 
22; 2737;      45 
22; 2937;      59 
22; 3137;      48 
22; 3337;      44 
22; 3537;      42 
22; 3736;      45 
22; 3936;      46 
22; 4136;      38 
22; 4336;      42 
22; 4535;      24 
22; 4735;      38 
22; 4935;      43 
22; 5135;      32 
22; 5334;      33 
22; 5534;      39 
22; 5734;      39 
22; 5934;      38 
22; 6133;      53 
22; 6333;      51 
22; 6533;      45 
22; 6733;      45 
22; 6933;      79 
22; 7132;      59 
22; 7332;      57 
22; 7532;      59 
22; 7732;      68 
22; 7931;      62 
22; 8131;      50 
22; 8331;      53 
22; 8531;      41 
22; 8730;      44 
22; 8930;      51 
22; 9130;      46 
22; 9330;      47 
22; 9529;      33 
22; 9729;      32 
22; 9929;      30 
23; 0129;      26 
23; 0329;      40 
23; 0528;      25 
23; 0728;      28 
23; 0928;      31 
23; 1128;      32 
23; 1327;      37 
23; 1527;      24 
23; 1727;      29 
23; 1927;      26 
23; 2126;      34 
23; 2326;      30 
23; 2526;      27 
23; 2726;      31 
23; 2925;      36 
23; 3125;      40 
23; 3325;      37 
23; 3525;      20 
23; 3725;      37 
23; 3924;      28 
23; 4124;      27 
23; 4324;      35 
23; 4524;      31 
23; 4723;      29 
23; 4923;      30 
23; 5123;      28 
23; 5323;      29 
23; 5522;      27 
23; 5722;      34 
23; 5922;      23 
23; 6122;      27 
23; 6321;      28 
23; 6521;      22 
23; 6721;      37 
23; 6921;      34 
23; 7121;      28 
23; 7320;      26 
23; 7520;      29 
23; 7720;      28 
23; 7920;      34 
23; 8119;      41 
23; 8319;      48 
23; 8519;      41 
23; 8719;      32 
23; 8918;      40 
23; 9118;      18 
23; 9318;      29 
23; 9518;      29 
23; 9717;      32 
23; 9917;      29 
24; 0117;      35 
24; 0317;      31 
24; 0517;      33 
24; 0716;      27 
24; 0916;      27 
24; 1116;      32 
24; 1316;      47 
24; 1515;      32 
24; 1715;      34 
24; 1915;      33 
24; 2115;      35 
24; 2314;      48 
24; 2514;      39 
24; 2714;      48 
24; 2914;      37 
24; 3113;      37 
24; 3313;      30 
24; 3513;      28 
24; 3713;      41 
24; 3913;      23 
24; 4112;      33 
24; 4312;      38 
24; 4512;      26 
24; 4712;      26 
24; 4911;      21 
24; 5111;      26 
24; 5311;      24 
24; 5511;      28 
24; 5710;      28 
24; 5910;      26 
24; 6110;      27 
24; 6310;      37 
24; 6509;      39 
24; 6709;      34 
24; 6909;      18 
24; 7109;      35 
24; 7309;      21 
24; 7508;      45 
24; 7708;      42 
24; 7908;      44 
24; 8108;      54 
24; 8307;      64 
24; 8507;      67 
24; 8707;      86 
24; 8907;     105 
24; 9106;     126 
24; 9306;     152 
24; 9506;     158 
24; 9706;     210 
24; 9905;     231 
25; 0105;     244 
25; 0305;     253 
25; 0505;     312 
25; 0705;     318 
25; 0904;     307 
25; 1104;     346 
25; 1304;     364 
25; 1504;     360 
25; 1703;     354 
25; 1903;     434 
25; 2103;     391 
25; 2303;     407 
25; 2502;     436 
25; 2702;     448 
25; 2902;     427 
25; 3102;     432 
25; 3301;     428 
25; 3501;     368 
25; 3701;     374 
25; 3901;     295 
25; 4101;     258 
25; 4300;     259 
25; 4500;     195 
25; 4700;     180 
25; 4900;     121 
25; 5099;     100 
25; 5299;      82 
25; 5499;      61 
25; 5699;      59 
25; 5898;      45 
25; 6098;      50 
25; 6298;      37 
25; 6498;      29 
25; 6697;      27 
25; 6897;      20 
25; 7097;      22 
25; 7297;      21 
25; 7497;      20 
25; 7696;      17 
25; 7896;      13 
25; 8096;      20 
25; 8296;      27 
25; 8495;      26 
25; 8695;      16 
25; 8895;      25 
25; 9095;      17 
25; 9294;      21 
25; 9494;      22 
25; 9694;      28 
25; 9894;      19 
26; 0093;      24 
26; 0293;      23 
26; 0493;      17 
26; 0693;      28 
26; 0893;      22 
26; 1092;      28 
26; 1292;      19 
26; 1492;      29 
26; 1692;      25 
26; 1891;      23 
26; 2091;      30 
26; 2291;      20 
26; 2491;      28 
26; 2690;      35 
26; 2890;      35 
26; 3090;      32 
26; 3290;      35 
26; 3489;      34 
26; 3689;      35 
26; 3889;      34 
26; 4089;      26 
26; 4289;      30 
26; 4488;      27 
26; 4688;      26 
26; 4888;      20 
26; 5088;      27 
26; 5287;      19 
26; 5487;      23 
26; 5687;      22 
26; 5887;      21 
26; 6086;      13 
26; 6286;      24 
26; 6486;      18 
26; 6686;      22 
26; 6885;      21 
26; 7085;      19 
26; 7285;      17 
26; 7485;      16 
26; 7685;      14 
26; 7884;      23 
26; 8084;      18 
26; 8284;      17 
26; 8484;      16 
26; 8683;      16 
26; 8883;      18 
26; 9083;      17 
26; 9283;      17 
26; 9482;      20 
26; 9682;      19 
26; 9882;      14 
27; 0082;      13 
27; 0281;      16 
27; 0481;      22 
27; 0681;      16 
27; 0881;      11 
27; 1081;      15 
27; 1280;      16 
27; 1480;      17 
27; 1680;      19 
27; 1880;      27 
27; 2079;      20 
27; 2279;      19 
27; 2479;      14 
27; 2679;      26 
27; 2878;      13 
27; 3078;      10 
27; 3278;      16 
27; 3478;      10 
27; 3677;      19 
27; 3877;      21 
27; 4077;      20 
27; 4277;      14 
27; 4477;      16 
27; 4676;      16 
27; 4876;      14 
27; 5076;      13 
27; 5276;       9 
27; 5475;      14 
27; 5675;      18 
27; 5875;      16 
27; 6075;      16 
27; 6274;      13 
27; 6474;       8 
27; 6674;      10 
27; 6874;      22 
27; 7073;      16 
27; 7273;      12 
27; 7473;      20 
27; 7673;      13 
27; 7873;      16 
27; 8072;      15 
27; 8272;      15 
27; 8472;      19 
27; 8672;      20 
27; 8871;      19 
27; 9071;       9 
27; 9271;      18 
27; 9471;       6 
27; 9670;      18 
27; 9870;      14 
28; 0070;      11 
28; 0270;      20 
28; 0469;      16 
28; 0669;      18 
28; 0869;      22 
28; 1069;      14 
28; 1269;      14 
28; 1468;      10 
28; 1668;      21 
28; 1868;      15 
28; 2068;      28 
28; 2267;      27 
28; 2467;      28 
28; 2667;      32 
28; 2867;      47 
28; 3066;      42 
28; 3266;      46 
28; 3466;      57 
28; 3666;      69 
28; 3865;      55 
28; 4065;      73 
28; 4265;      80 
28; 4465;      85 
28; 4665;     117 
28; 4864;     108 
28; 5064;      96 
28; 5264;      98 
28; 5464;      76 
28; 5663;      92 
28; 5863;      70 
28; 6063;      66 
28; 6263;      71 
28; 6462;      59 
28; 6662;      49 
28; 6862;      46 
28; 7062;      33 
28; 7261;      33 
28; 7461;      27 
28; 7661;      23 
28; 7861;      24 
28; 8061;      14 
28; 8260;      12 
28; 8460;      15 
28; 8660;      21 
28; 8860;       8 
28; 9059;      12 
28; 9259;      16 
28; 9459;      17 
28; 9659;      14 
28; 9858;      21 
29; 0058;      25 
29; 0258;      17 
29; 0458;      24 
29; 0657;      28 
29; 0857;      24 
29; 1057;      21 
29; 1257;      39 
29; 1457;      17 
29; 1656;      27 
29; 1856;      26 
29; 2056;      30 
29; 2256;      25 
29; 2455;      28 
29; 2655;      21 
29; 2855;      22 
29; 3055;      13 
29; 3254;      13 
29; 3454;      12 
29; 3654;      12 
29; 3854;       8 
29; 4053;      14 
29; 4253;       7 
29; 4453;       6 
29; 4653;      18 
29; 4853;      13 
29; 5052;       9 
29; 5252;      11 
29; 5452;      15 
29; 5652;      18 
29; 5851;      12 
29; 6051;       6 
29; 6251;      11 
29; 6451;      14 
29; 6650;      12 
29; 6850;      12 
29; 7050;      14 
29; 7250;       7 
29; 7449;      11 
29; 7649;      12 
29; 7849;       7 
29; 8049;       4 
29; 8249;      11 
29; 8448;      10 
29; 8648;       6 
29; 8848;       9 
29; 9048;       8 
29; 9247;       7 
29; 9447;       4 
29; 9647;       6 
29; 9847;       7 
30; 0046;       6 
30; 0246;      10 
30; 0446;       6 
30; 0646;      10 
30; 0845;       9 
30; 1045;       7 
30; 1245;       9 
30; 1445;      13 
30; 1644;      11 
30; 1844;       7 
30; 2044;       9 
30; 2244;       5 
30; 2444;      12 
30; 2643;       9 
30; 2843;       5 
30; 3043;      14 
30; 3243;       9 
30; 3442;       8 
30; 3642;       5 
30; 3842;       8 
30; 4042;       6 
30; 4241;       8 
30; 4441;       9 
30; 4641;       8 
30; 4841;       4 
30; 5040;       6 
30; 5240;       4 
30; 5440;       7 
30; 5640;      12 
30; 5840;       4 
30; 6039;      15 
30; 6239;       8 
30; 6439;       8 
30; 6639;      10 
30; 6838;       5 
30; 7038;       6 
30; 7238;       5 
30; 7438;      11 
30; 7637;       6 
30; 7837;      10 
30; 8037;       8 
30; 8237;       5 
30; 8436;       6 
30; 8636;       6 
30; 8836;       3 
30; 9036;       7 
30; 9236;       4 
30; 9435;      10 
30; 9635;       7 
30; 9835;       5 
31; 0035;       5 
31; 0234;       9 
31; 0434;       5 
31; 0634;      10 
31; 0834;       4 
31; 1033;      10 
31; 1233;       8 
31; 1433;       5 
31; 1633;       7 
31; 1832;       7 
31; 2032;       7 
31; 2232;       6 
31; 2432;       7 
31; 2632;       6 
31; 2831;       5 
31; 3031;       6 
31; 3231;       3 
31; 3431;       3 
31; 3630;       5 
31; 3830;       6 
31; 4030;       8 
31; 4230;       8 
31; 4429;       5 
31; 4629;       6 
31; 4829;       7 
31; 5029;       8 
31; 5228;       4 
31; 5428;       5 
31; 5628;       0 
31; 5828;       6 
31; 6028;       4 
31; 6227;       6 
31; 6427;       4 
31; 6627;       6 
31; 6827;       5 
31; 7026;       2 
31; 7226;       0 
31; 7426;       5 
31; 7626;       4 
31; 7825;       6 
31; 8025;       2 
31; 8225;       4 
31; 8425;       4 
31; 8624;       8 
31; 8824;       0 
31; 9024;      11 
31; 9224;       8 
31; 9424;       9 
31; 9623;       4 
31; 9823;       9 
32; 0023;       8 
32; 0223;       4 
32; 0422;       6 
32; 0622;       6 
32; 0822;       6 
32; 1022;      10 
32; 1221;       1 
32; 1421;       3 
32; 1621;       0 
32; 1821;       5 
32; 2020;       8 
32; 2220;       3 
32; 2420;       4 
32; 2620;       8 
32; 2820;       6 
32; 3019;       2 
32; 3219;       3 
32; 3419;       4 
32; 3619;       4 
32; 3818;       3 
32; 4018;       0 
32; 4218;       4 
32; 4418;       3 
32; 4617;       5 
32; 4817;       4 
32; 5017;       0 
32; 5217;       5 
32; 5416;       4 
32; 5616;       4 
32; 5816;       3 
32; 6016;       8 
32; 6216;       4 
32; 6415;       3 
32; 6615;       4 
32; 6815;       5 
32; 7015;       4 
32; 7214;       2 
32; 7414;       7 
32; 7614;       4 
32; 7814;       5 
32; 8013;       8 
32; 8213;       3 
32; 8413;       4 
32; 8613;       3 
32; 8812;       6 
32; 9012;       4 
32; 9212;       7 
32; 9412;      12 
32; 9612;       4 
32; 9811;       6 
33; 0011;       9 
33; 0211;       3 
33; 0411;       8 
33; 0610;       5 
33; 0810;       4 
33; 1010;      10 
33; 1210;      16 
33; 1409;      10 
33; 1609;      11 
33; 1809;      15 
33; 2009;      10 
33; 2208;      12 
33; 2408;       8 
33; 2608;      12 
33; 2808;      12 
33; 3008;      11 
33; 3207;      17 
33; 3407;      13 
33; 3607;       9 
33; 3807;      14 
33; 4006;      13 
33; 4206;      11 
33; 4406;      10 
33; 4606;      12 
33; 4805;       6 
33; 5005;       4 
33; 5205;       4 
33; 5405;       6 
33; 5604;       6 
33; 5804;       5 
33; 6004;       5 
33; 6204;       3 
33; 6404;       3 
33; 6603;       6 
33; 6803;       2 
33; 7003;       5 
33; 7203;       6 
33; 7402;       6 
33; 7602;       3 
33; 7802;       3 
33; 8002;       3 
33; 8201;       4 
33; 8401;       4 
33; 8601;       5 
33; 8801;       7 
33; 9000;       3 
33; 9200;       4 
33; 9400;       3 
33; 9600;       5 
33; 9800;       5 
33; 9999;       6 
34; 0199;       6 
34; 0399;       5 
34; 0599;       4 
34; 0798;       1 
34; 0998;       1 
34; 1198;       4 
34; 1398;       6 
34; 1597;       1 
34; 1797;       1 
34; 1997;       4 
34; 2197;       2 
34; 2396;       4 
34; 2596;       4 
34; 2796;       4 
34; 2996;       7 
34; 3196;       2 
34; 3395;       4 
34; 3595;       1 
34; 3795;       1 
34; 3995;       6 
34; 4194;       5 
34; 4394;       1 
34; 4594;       1 
34; 4794;       2 
34; 4993;       2 
34; 5193;       1 
34; 5393;       4 
34; 5593;       3 
34; 5792;       1 
34; 5992;       3 
34; 6192;       2 
34; 6392;       3 
34; 6592;       1 
34; 6791;       1 
34; 6991;       2 
34; 7191;       1 
34; 7391;       1 
34; 7590;       4 
34; 7790;       2 
34; 7990;       3 
34; 8190;       2 
34; 8389;       3 
34; 8589;       1 
34; 8789;       0 
34; 8989;       1 
34; 9188;       2 
34; 9388;       3 
34; 9588;       3 
34; 9788;       2 
34; 9988;       2 
35; 0187;       1 
35; 0387;       1 
35; 0587;       3 
35; 0787;       0 
35; 0986;       1 
35; 1186;       3 
35; 1386;       1 
35; 1586;       2 
35; 1785;       1 
35; 1985;       1 
35; 2185;       0 
35; 2385;       2 
35; 2584;       1 
35; 2784;       1 
35; 2984;       1 
35; 3184;       0 
35; 3384;       0 
35; 3583;       0 
35; 3783;       1 
35; 3983;       1 
35; 4183;       1 
35; 4382;       2 
35; 4582;       4 
35; 4782;       1 
35; 4982;       1 
35; 5181;       0 
35; 5381;       1 
35; 5581;       1 
35; 5781;       1 
35; 5980;       1 
35; 6180;       1 
35; 6380;       1 
35; 6580;       1 
35; 6780;       0 
35; 6979;       1 
35; 7179;       2 
35; 7379;       2 
35; 7579;       1 
35; 7778;       1 
35; 7978;       5 
35; 8178;       2 
35; 8378;       0 
35; 8577;       1 
35; 8777;       0 
35; 8977;       1 
35; 9177;       1 
35; 9376;       1 
35; 9576;       3 
35; 9776;       0 
35; 9976;       1 
36; 0176;       0 
36; 0375;       3 
36; 0575;       1 
36; 0775;       0 
36; 0975;       1 
36; 1174;       1 
36; 1374;       1 
36; 1574;       1 
36; 1774;       3 
36; 1973;       0 
36; 2173;       2 
36; 2373;       0 
36; 2573;       1 
36; 2772;       0 
36; 2972;       2 
36; 3172;       1 
36; 3372;       1 
36; 3572;       1 
36; 3771;       4 
36; 3971;       1 
36; 4171;       4 
36; 4371;       0 
36; 4570;       2 
36; 4770;       3 
36; 4970;       3 
36; 5170;       1 
36; 5369;       5 
36; 5569;       4 
36; 5769;       7 
36; 5969;       4 
36; 6168;       2 
36; 6368;       1 
36; 6568;       8 
36; 6768;       2 
36; 6968;       0 
36; 7167;       1 
36; 7367;       0 
36; 7567;       1 
36; 7767;       1 
36; 7966;       1 
36; 8166;       4 
36; 8366;       1 
36; 8566;       2 
36; 8765;       1 
36; 8965;       1 
36; 9165;       1 
36; 9365;       0 
36; 9564;       2 
36; 9764;       1 
36; 9964;       2 
37; 0164;       0 
37; 0364;       2 
37; 0563;       2 
37; 0763;       0 
37; 0963;       1 
37; 1163;       1 
37; 1362;       0 
37; 1562;       2 
37; 1762;       1 
37; 1962;       0 
37; 2161;       1 
37; 2361;       1 
37; 2561;       4 
37; 2761;       0 
37; 2960;       0 
37; 3160;       1 
37; 3360;       0 
37; 3560;       0 
37; 3760;       2 
37; 3959;       0 
37; 4159;       3 
37; 4359;       2 
37; 4559;       2 
37; 4758;       1 
37; 4958;       1 
37; 5158;       0 
37; 5358;       1 
37; 5557;       1 
37; 5757;       1 
37; 5957;       1 
37; 6157;       1 
37; 6356;       0 
37; 6556;       0 
37; 6756;       2 
37; 6956;       0 
37; 7156;       0 
37; 7355;       0 
37; 7555;       1 
37; 7755;       1 
37; 7955;       1 
37; 8154;       0 
37; 8354;       0 
37; 8554;       2 
37; 8754;       1 
37; 8953;       2 
37; 9153;       1 
37; 9353;       0 
37; 9553;       0 
37; 9752;       1 
37; 9952;       1 
38; 0152;       0 
38; 0352;       0 
38; 0552;       0 
38; 0751;       0 
38; 0951;       1 
38; 1151;       1 
38; 1351;       0 
38; 1550;       1 
38; 1750;       1 
38; 1950;       0 
38; 2150;       0 
38; 2349;       0 
38; 2549;       1 
38; 2749;       0 
38; 2949;       1 
38; 3148;       0 
38; 3348;       0 
38; 3548;       0 
38; 3748;       0 
38; 3948;       0 
38; 4147;       0 
38; 4347;       1 
38; 4547;       0 
38; 4747;       0 
38; 4946;       0 
38; 5146;       1 
38; 5346;       2 
38; 5546;       0 
38; 5745;       0 
38; 5945;       0 
38; 6145;       1 
38; 6345;       0 
38; 6544;       0 
38; 6744;       0 
38; 6944;       1 
38; 7144;       0 
38; 7344;       0 
38; 7543;       0 
38; 7743;       0 
38; 7943;       0 
38; 8143;       0 
38; 8342;       1 
38; 8542;       0 
38; 8742;       0 
38; 8942;       1 
38; 9141;       0 
38; 9341;       0 
38; 9541;       0 
38; 9741;       0 
38; 9940;       1 
39; 0140;       0 
39; 0340;       0 
39; 0540;       0 
39; 0739;       0 
39; 0939;       1 
39; 1139;       1 
39; 1339;       0 
39; 1539;       0 
39; 1738;       1 
39; 1938;       1 
39; 2138;       0 
39; 2338;       0 
39; 2537;       0 
39; 2737;       0 
39; 2937;       0 
39; 3137;       0 
39; 3336;       1 
39; 3536;       1 
39; 3736;       0 
39; 3936;       0 
39; 4135;       1 
39; 4335;       1 
39; 4535;       0 
39; 4735;       0 
39; 4935;       0 
39; 5134;       0 
39; 5334;       0 
39; 5534;       0 
39; 5734;       0 
39; 5933;       0 
39; 6133;       1 
39; 6333;       0 
39; 6533;       1 
39; 6732;       0 
39; 6932;       0 
39; 7132;       0 
39; 7332;       1 
39; 7531;       0 
39; 7731;       0 
39; 7931;       0 
39; 8131;       0 
39; 8331;       0 
39; 8530;       0 
39; 8730;       0 
39; 8930;       0 
39; 9130;       0 
39; 9329;       0 
39; 9529;       0 
39; 9729;       0 
39; 9929;       0 
40; 0128;       0 
40; 0328;       0 
40; 0528;       1 
40; 0728;       1 
40; 0927;       0 
40; 1127;       0 
40; 1327;       0 
40; 1527;       0 
40; 1727;       0 
40; 1926;       0 
40; 2126;       0 
40; 2326;       0 
40; 2526;       0 
40; 2725;       0 
40; 2925;       0 
40; 3125;       0 
40; 3325;       0 
40; 3524;       0 
40; 3724;       1 
40; 3924;       0 
40; 4124;       0 
40; 4323;       0 
40; 4523;       0 
40; 4723;       0 
40; 4923;       0 
40; 5123;       1 
40; 5322;       0 
40; 5522;       1 
40; 5722;       1 
40; 5922;       0 
40; 6121;       1 
40; 6321;       0 
40; 6521;       0 
40; 6721;       0 
40; 6920;       0 
40; 7120;       0 
40; 7320;       0 
40; 7520;       1 
40; 7719;       0 
40; 7919;       0 
40; 8119;       0 
40; 8319;       0 
40; 8519;       0 
40; 8718;       0 
40; 8918;       0 
