0; 0000;     240 
0; 0200;     209 
0; 0399;     154 
0; 0599;     106 
0; 0799;      48 
0; 0999;      28 
0; 1198;      14 
0; 1398;       7 
0; 1598;       1 
0; 1798;       1 
0; 1997;       1 
0; 2197;       1 
0; 2397;       1 
0; 2597;       0 
0; 2796;       0 
0; 2996;       0 
0; 3196;       0 
0; 3396;       1 
0; 3595;       0 
0; 3795;       3 
0; 3995;       0 
0; 4195;       0 
0; 4394;       0 
0; 4594;       0 
0; 4794;       0 
0; 4993;       0 
0; 5193;       1 
0; 5393;       2 
0; 5593;       7 
0; 5792;      27 
0; 5992;      70 
0; 6192;     133 
0; 6392;     180 
0; 6591;     183 
0; 6791;     224 
0; 6991;     222 
0; 7191;     204 
0; 7390;     208 
0; 7590;     205 
0; 7790;     206 
0; 7990;     209 
0; 8189;     201 
0; 8389;     197 
0; 8589;     200 
0; 8788;     197 
0; 8988;     167 
0; 9188;     182 
0; 9388;     161 
0; 9587;     171 
0; 9787;     191 
0; 9987;     187 
1; 0187;     191 
1; 0386;     159 
1; 0586;     174 
1; 0786;     138 
1; 0986;     143 
1; 1185;     151 
1; 1385;     155 
1; 1585;     156 
1; 1785;     167 
1; 1984;     138 
1; 2184;     171 
1; 2384;     180 
1; 2584;     146 
1; 2783;     160 
1; 2983;     156 
1; 3183;     127 
1; 3382;     132 
1; 3582;     137 
1; 3782;     123 
1; 3982;     143 
1; 4181;     142 
1; 4381;     157 
1; 4581;     144 
1; 4781;     136 
1; 4980;     128 
1; 5180;     143 
1; 5380;     119 
1; 5580;     141 
1; 5779;     137 
1; 5979;     154 
1; 6179;     155 
1; 6379;     149 
1; 6578;     165 
1; 6778;     180 
1; 6978;     175 
1; 7178;     181 
1; 7377;     170 
1; 7577;     164 
1; 7777;     186 
1; 7976;     182 
1; 8176;     166 
1; 8376;     167 
1; 8576;     134 
1; 8775;     150 
1; 8975;     161 
1; 9175;     163 
1; 9375;     159 
1; 9574;     145 
1; 9774;     146 
1; 9974;     166 
2; 0174;     170 
2; 0373;     149 
2; 0573;     163 
2; 0773;     145 
2; 0973;     144 
2; 1172;     145 
2; 1372;     163 
2; 1572;     161 
2; 1771;     132 
2; 1971;     166 
2; 2171;     203 
2; 2371;     203 
2; 2570;     209 
2; 2770;     242 
2; 2970;     217 
2; 3170;     206 
2; 3369;     203 
2; 3569;     226 
2; 3769;     206 
2; 3969;     199 
2; 4168;     190 
2; 4368;     222 
2; 4568;     216 
2; 4768;     207 
2; 4967;     252 
2; 5167;     236 
2; 5367;     317 
2; 5567;     337 
2; 5766;     468 
2; 5966;     547 
2; 6166;     647 
2; 6365;     731 
2; 6565;     826 
2; 6765;     885 
2; 6965;     830 
2; 7164;     860 
2; 7364;     793 
2; 7564;     772 
2; 7764;     805 
2; 7963;     744 
2; 8163;     795 
2; 8363;     755 
2; 8563;     762 
2; 8762;     735 
2; 8962;     701 
2; 9162;     766 
2; 9362;     722 
2; 9561;     687 
2; 9761;     658 
2; 9961;     566 
3; 0160;     524 
3; 0360;     440 
3; 0560;     361 
3; 0760;     301 
3; 0959;     290 
3; 1159;     288 
3; 1359;     259 
3; 1559;     233 
3; 1758;     234 
3; 1958;     236 
3; 2158;     279 
3; 2358;     242 
3; 2557;     248 
3; 2757;     275 
3; 2957;     241 
3; 3157;     218 
3; 3356;     247 
3; 3556;     221 
3; 3756;     224 
3; 3956;     262 
3; 4155;     184 
3; 4355;     207 
3; 4555;     222 
3; 4754;     215 
3; 4954;     197 
3; 5154;     232 
3; 5354;     242 
3; 5553;     284 
3; 5753;     272 
3; 5953;     297 
3; 6153;     353 
3; 6352;     399 
3; 6552;     456 
3; 6752;     479 
3; 6952;     483 
3; 7151;     489 
3; 7351;     437 
3; 7551;     384 
3; 7751;     331 
3; 7950;     318 
3; 8150;     290 
3; 8350;     247 
3; 8550;     240 
3; 8749;     204 
3; 8949;     249 
3; 9149;     257 
3; 9348;     254 
3; 9548;     269 
3; 9748;     260 
3; 9948;     266 
4; 0147;     250 
4; 0347;     296 
4; 0547;     259 
4; 0747;     265 
4; 0946;     290 
4; 1146;     231 
4; 1346;     250 
4; 1546;     251 
4; 1745;     241 
4; 1945;     234 
4; 2145;     221 
4; 2345;     227 
4; 2544;     224 
4; 2744;     236 
4; 2944;     236 
4; 3143;     246 
4; 3343;     259 
4; 3543;     274 
4; 3743;     255 
4; 3942;     278 
4; 4142;     278 
4; 4342;     319 
4; 4542;     321 
4; 4741;     365 
4; 4941;     377 
4; 5141;     346 
4; 5341;     360 
4; 5540;     353 
4; 5740;     332 
4; 5940;     333 
4; 6140;     314 
4; 6339;     288 
4; 6539;     343 
4; 6739;     313 
4; 6939;     321 
4; 7138;     269 
4; 7338;     256 
4; 7538;     267 
4; 7737;     288 
4; 7937;     324 
4; 8137;     310 
4; 8337;     314 
4; 8536;     325 
4; 8736;     318 
4; 8936;     335 
4; 9136;     315 
4; 9335;     348 
4; 9535;     331 
4; 9735;     345 
4; 9935;     327 
5; 0134;     328 
5; 0334;     330 
5; 0534;     328 
5; 0734;     332 
5; 0933;     340 
5; 1133;     333 
5; 1333;     366 
5; 1533;     326 
5; 1732;     376 
5; 1932;     341 
5; 2132;     333 
5; 2331;     335 
5; 2531;     349 
5; 2731;     364 
5; 2931;     350 
5; 3130;     360 
5; 3330;     388 
5; 3530;     389 
5; 3730;     411 
5; 3929;     415 
5; 4129;     396 
5; 4329;     440 
5; 4529;     425 
5; 4728;     490 
5; 4928;     408 
5; 5128;     436 
5; 5328;     445 
5; 5527;     406 
5; 5727;     422 
5; 5927;     441 
5; 6126;     425 
5; 6326;     420 
5; 6526;     431 
5; 6726;     377 
5; 6925;     434 
5; 7125;     422 
5; 7325;     435 
5; 7525;     445 
5; 7724;     431 
5; 7924;     462 
5; 8124;     407 
5; 8324;     455 
5; 8523;     427 
5; 8723;     461 
5; 8923;     458 
5; 9123;     428 
5; 9322;     464 
5; 9522;     423 
5; 9722;     449 
5; 9922;     445 
6; 0121;     457 
6; 0321;     435 
6; 0521;     490 
6; 0720;     478 
6; 0920;     482 
6; 1120;     516 
6; 1320;     544 
6; 1519;     607 
6; 1719;     664 
6; 1919;     708 
6; 2119;     759 
6; 2318;     935 
6; 2518;    1021 
6; 2718;    1194 
6; 2918;    1236 
6; 3117;    1436 
6; 3317;    1484 
6; 3517;    1571 
6; 3717;    1568 
6; 3916;    1572 
6; 4116;    1627 
6; 4316;    1472 
6; 4516;    1358 
6; 4715;    1233 
6; 4915;    1071 
6; 5115;     903 
6; 5314;     818 
6; 5514;     740 
6; 5714;     650 
6; 5914;     627 
6; 6113;     572 
6; 6313;     593 
6; 6513;     625 
6; 6713;     687 
6; 6912;     645 
6; 7112;     647 
6; 7312;     662 
6; 7512;     615 
6; 7711;     671 
6; 7911;     680 
6; 8111;     665 
6; 8311;     679 
6; 8510;     713 
6; 8710;     679 
6; 8910;     733 
6; 9109;     773 
6; 9309;     778 
6; 9509;     770 
6; 9709;     807 
6; 9908;     807 
7; 0108;     794 
7; 0308;     858 
7; 0508;     806 
7; 0707;     853 
7; 0907;     800 
7; 1107;     833 
7; 1307;     830 
7; 1506;     837 
7; 1706;     797 
7; 1906;     820 
7; 2106;     801 
7; 2305;     829 
7; 2505;     834 
7; 2705;     843 
7; 2905;     921 
7; 3104;     966 
7; 3304;     995 
7; 3504;    1130 
7; 3703;    1146 
7; 3903;    1360 
7; 4103;    1462 
7; 4303;    1514 
7; 4502;    1605 
7; 4702;    1728 
7; 4902;    1730 
7; 5102;    1620 
7; 5301;    1519 
7; 5501;    1585 
7; 5701;    1411 
7; 5901;    1405 
7; 6100;    1358 
7; 6300;    1365 
7; 6500;    1381 
7; 6700;    1406 
7; 6899;    1545 
7; 7099;    1598 
7; 7299;    1779 
7; 7498;    2075 
7; 7698;    2574 
7; 7898;    3523 
7; 8098;    5335 
7; 8297;    8320 
7; 8497;   13715 
7; 8697;   22047 
7; 8897;   34881 
7; 9096;   52290 
7; 9296;   75201 
7; 9496;  102236 
7; 9696;  131084 
7; 9895;  159455 
8; 0095;  182979 
8; 0295;  197012 
8; 0495;  201180 
8; 0694;  193379 
8; 0894;  175624 
8; 1094;  148960 
8; 1294;  120566 
8; 1493;   91219 
8; 1693;   65555 
8; 1893;   44973 
8; 2092;   28918 
8; 2292;   18139 
8; 2492;   10930 
8; 2692;    6399 
8; 2891;    4067 
8; 3091;    2794 
8; 3291;    1977 
8; 3491;    1588 
8; 3690;    1298 
8; 3890;    1159 
8; 4090;    1155 
8; 4290;     997 
8; 4489;    1043 
8; 4689;    1077 
8; 4889;    1068 
8; 5089;    1139 
8; 5288;    1171 
8; 5488;    1174 
8; 5688;    1282 
8; 5888;    1379 
8; 6087;    1465 
8; 6287;    1622 
8; 6487;    1768 
8; 6686;    2024 
8; 6886;    2576 
8; 7086;    3349 
8; 7286;    4479 
8; 7485;    6281 
8; 7685;    8665 
8; 7885;   11832 
8; 8085;   15698 
8; 8284;   19661 
8; 8484;   23761 
8; 8684;   27123 
8; 8884;   29353 
8; 9083;   30027 
8; 9283;   29251 
8; 9483;   27248 
8; 9683;   23749 
8; 9882;   19701 
9; 0082;   15628 
9; 0282;   11399 
9; 0481;    8375 
9; 0681;    5500 
9; 0881;    3639 
9; 1081;    2311 
9; 1280;    1397 
9; 1480;     869 
9; 1680;     577 
9; 1880;     425 
9; 2079;     343 
9; 2279;     271 
9; 2479;     300 
9; 2679;     256 
9; 2878;     257 
9; 3078;     257 
9; 3278;     234 
9; 3478;     224 
9; 3677;     223 
9; 3877;     217 
9; 4077;     240 
9; 4277;     210 
9; 4476;     215 
9; 4676;     236 
9; 4876;     220 
9; 5075;     236 
9; 5275;     221 
9; 5475;     207 
9; 5675;     232 
9; 5874;     242 
9; 6074;     235 
9; 6274;     196 
9; 6474;     228 
9; 6673;     223 
9; 6873;     201 
9; 7073;     167 
9; 7273;     185 
9; 7472;     192 
9; 7672;     184 
9; 7872;     180 
9; 8072;     185 
9; 8271;     183 
9; 8471;     169 
9; 8671;     149 
9; 8871;     167 
9; 9070;     177 
9; 9270;     168 
9; 9470;     181 
9; 9669;     171 
9; 9869;     172 
10; 0069;     146 
10; 0269;     168 
10; 0468;     161 
10; 0668;     154 
10; 0868;     158 
10; 1068;     145 
10; 1267;     150 
10; 1467;     146 
10; 1667;     154 
10; 1867;     151 
10; 2066;     152 
10; 2266;     172 
10; 2466;     151 
10; 2666;     149 
10; 2865;     145 
10; 3065;     146 
10; 3265;     135 
10; 3464;     148 
10; 3664;     160 
10; 3864;     196 
10; 4064;     177 
10; 4263;     184 
10; 4463;     167 
10; 4663;     192 
10; 4863;     192 
10; 5062;     172 
10; 5262;     207 
10; 5462;     198 
10; 5662;     226 
10; 5861;     208 
10; 6061;     187 
10; 6261;     196 
10; 6461;     193 
10; 6660;     191 
10; 6860;     202 
10; 7060;     163 
10; 7260;     182 
10; 7459;     197 
10; 7659;     154 
10; 7859;     158 
10; 8058;     170 
10; 8258;     168 
10; 8458;     145 
10; 8658;     178 
10; 8857;     182 
10; 9057;     132 
10; 9257;     183 
10; 9457;     155 
10; 9656;     164 
10; 9856;     171 
11; 0056;     136 
11; 0256;     151 
11; 0455;     153 
11; 0655;     143 
11; 0855;     149 
11; 1055;     163 
11; 1254;     161 
11; 1454;     144 
11; 1654;     151 
11; 1854;     163 
11; 2053;     177 
11; 2253;     161 
11; 2453;     168 
11; 2652;     148 
11; 2852;     157 
11; 3052;     154 
11; 3252;     135 
11; 3451;     138 
11; 3651;     140 
11; 3851;     152 
11; 4051;     134 
11; 4250;     109 
11; 4450;     140 
11; 4650;     120 
11; 4850;     130 
11; 5049;     108 
11; 5249;     137 
11; 5449;     122 
11; 5649;     108 
11; 5848;     117 
11; 6048;     129 
11; 6248;     142 
11; 6447;     136 
11; 6647;     122 
11; 6847;     131 
11; 7047;     129 
11; 7246;     128 
11; 7446;     105 
11; 7646;     124 
11; 7846;     122 
11; 8045;     148 
11; 8245;     137 
11; 8445;     128 
11; 8645;     124 
11; 8844;     145 
11; 9044;     119 
11; 9244;     115 
11; 9444;     110 
11; 9643;     105 
11; 9843;     133 
12; 0043;     113 
12; 0243;     136 
12; 0442;     129 
12; 0642;     123 
12; 0842;     122 
12; 1041;     103 
12; 1241;     121 
12; 1441;     121 
12; 1641;     109 
12; 1840;     108 
12; 2040;     118 
12; 2240;     116 
12; 2440;     106 
12; 2639;     106 
12; 2839;     119 
12; 3039;     122 
12; 3239;     108 
12; 3438;      89 
12; 3638;     114 
12; 3838;     113 
12; 4038;     105 
12; 4237;      88 
12; 4437;     130 
12; 4637;     117 
12; 4836;     131 
12; 5036;     123 
12; 5236;     137 
12; 5436;     153 
12; 5635;     160 
12; 5835;     184 
12; 6035;     147 
12; 6235;     151 
12; 6434;     152 
12; 6634;     153 
12; 6834;     144 
12; 7034;     131 
12; 7233;     146 
12; 7433;     125 
12; 7633;     119 
12; 7833;     113 
12; 8032;     109 
12; 8232;     101 
12; 8432;     112 
12; 8632;     102 
12; 8831;     114 
12; 9031;      99 
12; 9231;     116 
12; 9430;     105 
12; 9630;     115 
12; 9830;     102 
13; 0030;     102 
13; 0229;     124 
13; 0429;     121 
13; 0629;      93 
13; 0829;     110 
13; 1028;     126 
13; 1228;      94 
13; 1428;      97 
13; 1628;     111 
13; 1827;      96 
13; 2027;      97 
13; 2227;     100 
13; 2427;      89 
13; 2626;     113 
13; 2826;      84 
13; 3026;     103 
13; 3226;      98 
13; 3425;      94 
13; 3625;      96 
13; 3825;     100 
13; 4024;      90 
13; 4224;     104 
13; 4424;     104 
13; 4624;     102 
13; 4823;     104 
13; 5023;     102 
13; 5223;     118 
13; 5423;     111 
13; 5622;      83 
13; 5822;     111 
13; 6022;      96 
13; 6222;     114 
13; 6421;     102 
13; 6621;     108 
13; 6821;     102 
13; 7021;     119 
13; 7220;      91 
13; 7420;     117 
13; 7620;      84 
13; 7819;     106 
13; 8019;      88 
13; 8219;     100 
13; 8419;     102 
13; 8618;     103 
13; 8818;      97 
13; 9018;      80 
13; 9218;     102 
13; 9417;      88 
13; 9617;      97 
13; 9817;     114 
14; 0017;     114 
14; 0216;      89 
14; 0416;     101 
14; 0616;     101 
14; 0816;     109 
14; 1015;      98 
14; 1215;     106 
14; 1415;      86 
14; 1615;      89 
14; 1814;     108 
14; 2014;     110 
14; 2214;      97 
14; 2413;     135 
14; 2613;     116 
14; 2813;     117 
14; 3013;     107 
14; 3212;     114 
14; 3412;     128 
14; 3612;     131 
14; 3812;     128 
14; 4011;     125 
14; 4211;     109 
14; 4411;     148 
14; 4611;     133 
14; 4810;     113 
14; 5010;     119 
14; 5210;     117 
14; 5410;     113 
14; 5609;     109 
14; 5809;     113 
14; 6009;     110 
14; 6209;     105 
14; 6408;     107 
14; 6608;     119 
14; 6808;     114 
14; 7007;     113 
14; 7207;     113 
14; 7407;      91 
14; 7607;     101 
14; 7806;      94 
14; 8006;     112 
14; 8206;     102 
14; 8406;     106 
14; 8605;     106 
14; 8805;     102 
14; 9005;      89 
14; 9205;      98 
14; 9404;     112 
14; 9604;     129 
14; 9804;      91 
15; 0004;      95 
15; 0203;     101 
15; 0403;      92 
15; 0603;      98 
15; 0802;     112 
15; 1002;      87 
15; 1202;      93 
15; 1402;      98 
15; 1601;      91 
15; 1801;      98 
15; 2001;      96 
15; 2201;     108 
15; 2400;     108 
15; 2600;     110 
15; 2800;     123 
15; 3000;      92 
15; 3199;      95 
15; 3399;     104 
15; 3599;     105 
15; 3799;     128 
15; 3998;      87 
15; 4198;     118 
15; 4398;     108 
15; 4598;     111 
15; 4797;     119 
15; 4997;     119 
15; 5197;     121 
15; 5396;     133 
15; 5596;     130 
15; 5796;     134 
15; 5996;     122 
15; 6195;     131 
15; 6395;     123 
15; 6595;     133 
15; 6795;     140 
15; 6994;     111 
15; 7194;     118 
15; 7394;     118 
15; 7594;     141 
15; 7793;     133 
15; 7993;     148 
15; 8193;     165 
15; 8393;     183 
15; 8592;     258 
15; 8792;     354 
15; 8992;     469 
15; 9191;     596 
15; 9391;     798 
15; 9591;    1050 
15; 9791;    1371 
15; 9990;    1721 
16; 0190;    2075 
16; 0390;    2380 
16; 0590;    2742 
16; 0789;    2861 
16; 0989;    3211 
16; 1189;    3177 
16; 1389;    3207 
16; 1588;    2979 
16; 1788;    2596 
16; 1988;    2198 
16; 2188;    1926 
16; 2387;    1687 
16; 2587;    1209 
16; 2787;     922 
16; 2987;     734 
16; 3186;     532 
16; 3386;     402 
16; 3586;     316 
16; 3785;     214 
16; 3985;     179 
16; 4185;     144 
16; 4385;     120 
16; 4584;     107 
16; 4784;     118 
16; 4984;     105 
16; 5184;     111 
16; 5383;      89 
16; 5583;     102 
16; 5783;     105 
16; 5983;      99 
16; 6182;     104 
16; 6382;     109 
16; 6582;     114 
16; 6782;     139 
16; 6981;     137 
16; 7181;     172 
16; 7381;     189 
16; 7581;     200 
16; 7780;     230 
16; 7980;     285 
16; 8180;     367 
16; 8379;     455 
16; 8579;     542 
16; 8779;     626 
16; 8979;     754 
16; 9178;     844 
16; 9378;     872 
16; 9578;     949 
16; 9778;    1021 
16; 9977;     991 
17; 0177;     891 
17; 0377;     881 
17; 0577;     749 
17; 0776;     688 
17; 0976;     554 
17; 1176;     469 
17; 1376;     356 
17; 1575;     281 
17; 1775;     213 
17; 1975;     172 
17; 2174;     117 
17; 2374;     118 
17; 2574;      81 
17; 2774;      92 
17; 2973;      76 
17; 3173;      80 
17; 3373;      71 
17; 3573;      69 
17; 3772;      68 
17; 3972;      60 
17; 4172;      62 
17; 4372;      49 
17; 4571;      64 
17; 4771;      71 
17; 4971;      65 
17; 5171;      76 
17; 5370;      57 
17; 5570;      78 
17; 5770;      53 
17; 5970;      74 
17; 6169;      79 
17; 6369;      61 
17; 6569;      92 
17; 6768;      86 
17; 6968;     110 
17; 7168;      93 
17; 7368;      94 
17; 7567;      98 
17; 7767;      92 
17; 7967;     115 
17; 8167;     129 
17; 8366;     108 
17; 8566;     131 
17; 8766;     129 
17; 8966;     110 
17; 9165;     105 
17; 9365;     102 
17; 9565;      89 
17; 9765;     102 
17; 9964;      89 
18; 0164;      67 
18; 0364;      70 
18; 0564;      68 
18; 0763;      57 
18; 0963;      65 
18; 1163;      58 
18; 1362;      54 
18; 1562;      58 
18; 1762;      55 
18; 1962;      56 
18; 2161;      58 
18; 2361;      58 
18; 2561;      54 
18; 2761;      50 
18; 2960;      41 
18; 3160;      48 
18; 3360;      71 
18; 3560;      71 
18; 3759;      60 
18; 3959;      78 
18; 4159;      60 
18; 4359;      68 
18; 4558;      73 
18; 4758;      73 
18; 4958;      68 
18; 5157;      73 
18; 5357;      64 
18; 5557;      67 
18; 5757;      73 
18; 5956;      85 
18; 6156;      90 
18; 6356;      99 
18; 6556;      80 
18; 6755;      76 
18; 6955;      90 
18; 7155;     101 
18; 7355;     105 
18; 7554;     106 
18; 7754;     100 
18; 7954;     103 
18; 8154;      98 
18; 8353;     101 
18; 8553;     115 
18; 8753;     117 
18; 8953;     118 
18; 9152;     122 
18; 9352;     133 
18; 9552;     116 
18; 9751;     139 
18; 9951;     139 
19; 0151;     137 
19; 0351;     137 
19; 0550;     120 
19; 0750;     160 
19; 0950;     148 
19; 1150;     138 
19; 1349;     155 
19; 1549;     133 
19; 1749;     117 
19; 1949;     121 
19; 2148;      97 
19; 2348;     124 
19; 2548;     106 
19; 2748;     127 
19; 2947;     103 
19; 3147;     112 
19; 3347;      93 
19; 3547;     105 
19; 3746;      93 
19; 3946;     100 
19; 4146;      87 
19; 4345;      82 
19; 4545;      91 
19; 4745;      62 
19; 4945;      80 
19; 5144;      62 
19; 5344;      60 
19; 5544;      53 
19; 5744;      73 
19; 5943;      61 
19; 6143;      65 
19; 6343;      54 
19; 6543;      66 
19; 6742;      62 
19; 6942;      66 
19; 7142;      52 
19; 7342;      44 
19; 7541;      59 
19; 7741;      33 
19; 7941;      45 
19; 8140;      52 
19; 8340;      56 
19; 8540;      60 
19; 8740;      60 
19; 8939;      65 
19; 9139;      54 
19; 9339;      40 
19; 9539;      88 
19; 9738;      87 
19; 9938;      71 
20; 0138;      96 
20; 0338;     118 
20; 0537;     141 
20; 0737;     137 
20; 0937;     144 
20; 1137;     161 
20; 1336;     156 
20; 1536;     157 
20; 1736;     197 
20; 1936;     178 
20; 2135;     153 
20; 2335;     175 
20; 2535;     171 
20; 2734;     137 
20; 2934;     151 
20; 3134;     134 
20; 3334;     119 
20; 3533;      87 
20; 3733;      80 
20; 3933;      99 
20; 4133;      61 
20; 4332;      57 
20; 4532;      57 
20; 4732;      59 
20; 4932;      51 
20; 5131;      36 
20; 5331;      44 
20; 5531;      35 
20; 5731;      47 
20; 5930;      37 
20; 6130;      44 
20; 6330;      41 
20; 6529;      42 
20; 6729;      40 
20; 6929;      43 
20; 7129;      38 
20; 7328;      29 
20; 7528;      34 
20; 7728;      54 
20; 7928;      47 
20; 8127;      49 
20; 8327;      42 
20; 8527;      41 
20; 8727;      50 
20; 8926;      47 
20; 9126;      52 
20; 9326;      50 
20; 9526;      42 
20; 9725;      56 
20; 9925;      59 
21; 0125;      54 
21; 0325;      60 
21; 0524;      54 
21; 0724;      56 
21; 0924;      57 
21; 1123;      70 
21; 1323;      80 
21; 1523;      86 
21; 1723;      76 
21; 1922;      61 
21; 2122;      68 
21; 2322;      62 
21; 2522;      48 
21; 2721;      69 
21; 2921;      66 
21; 3121;      67 
21; 3321;      46 
21; 3520;      61 
21; 3720;      58 
21; 3920;      45 
21; 4120;      38 
21; 4319;      48 
21; 4519;      41 
21; 4719;      37 
21; 4919;      37 
21; 5118;      57 
21; 5318;      40 
21; 5518;      50 
21; 5717;      42 
21; 5917;      37 
21; 6117;      43 
21; 6317;      40 
21; 6516;      42 
21; 6716;      38 
21; 6916;      45 
21; 7116;      40 
21; 7315;      38 
21; 7515;      19 
21; 7715;      42 
21; 7915;      50 
21; 8114;      45 
21; 8314;      31 
21; 8514;      28 
21; 8714;      28 
21; 8913;      34 
21; 9113;      31 
21; 9313;      25 
21; 9512;      30 
21; 9712;      36 
21; 9912;      24 
22; 0112;      40 
22; 0311;      33 
22; 0511;      28 
22; 0711;      45 
22; 0911;      37 
22; 1110;      29 
22; 1310;      23 
22; 1510;      38 
22; 1710;      32 
22; 1909;      26 
22; 2109;      36 
22; 2309;      38 
22; 2509;      29 
22; 2708;      34 
22; 2908;      30 
22; 3108;      32 
22; 3308;      31 
22; 3507;      30 
22; 3707;      30 
22; 3907;      23 
22; 4106;      28 
22; 4306;      31 
22; 4506;      25 
22; 4706;      31 
22; 4905;      24 
22; 5105;      24 
22; 5305;      29 
22; 5505;      27 
22; 5704;      28 
22; 5904;      35 
22; 6104;      38 
22; 6304;      39 
22; 6503;      49 
22; 6703;      42 
22; 6903;      34 
22; 7103;      43 
22; 7302;      42 
22; 7502;      57 
22; 7702;      51 
22; 7902;      42 
22; 8101;      37 
22; 8301;      42 
22; 8501;      46 
22; 8700;      38 
22; 8900;      45 
22; 9100;      36 
22; 9300;      32 
22; 9499;      34 
22; 9699;      26 
22; 9899;      32 
23; 0099;      31 
23; 0298;      17 
23; 0498;      27 
23; 0698;      27 
23; 0898;      26 
23; 1097;      26 
23; 1297;      35 
23; 1497;      30 
23; 1697;      24 
23; 1896;      35 
23; 2096;      26 
23; 2296;      34 
23; 2495;      18 
23; 2695;      25 
23; 2895;      31 
23; 3095;      19 
23; 3294;      15 
23; 3494;      27 
23; 3694;      22 
23; 3894;      18 
23; 4093;      26 
23; 4293;      23 
23; 4493;      27 
23; 4693;      14 
23; 4892;      21 
23; 5092;      23 
23; 5292;      18 
23; 5492;      23 
23; 5691;      26 
23; 5891;      21 
23; 6091;      29 
23; 6291;      25 
23; 6490;      23 
23; 6690;      23 
23; 6890;      19 
23; 7089;      25 
23; 7289;      24 
23; 7489;      28 
23; 7689;      24 
23; 7888;      21 
23; 8088;      39 
23; 8288;      18 
23; 8488;      28 
23; 8687;      20 
23; 8887;      25 
23; 9087;      20 
23; 9287;      26 
23; 9486;      32 
23; 9686;      13 
23; 9886;      31 
24; 0086;      31 
24; 0285;      24 
24; 0485;      39 
24; 0685;      34 
24; 0885;      31 
24; 1084;      32 
24; 1284;      39 
24; 1484;      35 
24; 1683;      51 
24; 1883;      47 
24; 2083;      30 
24; 2283;      43 
24; 2482;      37 
24; 2682;      39 
24; 2882;      37 
24; 3082;      25 
24; 3281;      33 
24; 3481;      33 
24; 3681;      32 
24; 3881;      27 
24; 4080;      19 
24; 4280;      20 
24; 4480;      30 
24; 4680;      21 
24; 4879;      17 
24; 5079;      16 
24; 5279;      24 
24; 5478;      18 
24; 5678;      19 
24; 5878;      23 
24; 6078;       9 
24; 6277;      26 
24; 6477;      22 
24; 6677;      11 
24; 6877;      24 
24; 7076;      20 
24; 7276;      23 
24; 7476;      25 
24; 7676;      22 
24; 7875;      16 
24; 8075;      19 
24; 8275;      25 
24; 8475;      21 
24; 8674;      16 
24; 8874;      14 
24; 9074;      21 
24; 9274;      21 
24; 9473;      40 
24; 9673;      32 
24; 9873;      26 
25; 0072;      25 
25; 0272;      29 
25; 0472;      36 
25; 0672;      26 
25; 0871;      25 
25; 1071;      22 
25; 1271;      21 
25; 1471;      28 
25; 1670;      23 
25; 1870;      22 
25; 2070;      14 
25; 2270;      24 
25; 2469;      18 
25; 2669;      15 
25; 2869;      17 
25; 3069;      16 
25; 3268;      15 
25; 3468;      20 
25; 3668;      18 
25; 3867;      21 
25; 4067;      19 
25; 4267;      24 
25; 4467;      21 
25; 4666;      22 
25; 4866;      20 
25; 5066;       8 
25; 5266;      15 
25; 5465;      11 
25; 5665;      24 
25; 5865;      13 
25; 6065;      15 
25; 6264;      18 
25; 6464;      17 
25; 6664;      18 
25; 6864;      16 
25; 7063;      17 
25; 7263;      12 
25; 7463;      19 
25; 7663;      13 
25; 7862;      13 
25; 8062;      21 
25; 8262;      15 
25; 8461;      17 
25; 8661;      14 
25; 8861;      16 
25; 9061;      13 
25; 9260;      20 
25; 9460;      15 
25; 9660;      20 
25; 9860;      11 
26; 0059;      13 
26; 0259;      28 
26; 0459;      17 
26; 0659;      14 
26; 0858;      11 
26; 1058;      14 
26; 1258;      11 
26; 1458;      14 
26; 1657;      13 
26; 1857;      15 
26; 2057;      17 
26; 2257;      20 
26; 2456;      18 
26; 2656;      22 
26; 2856;      12 
26; 3055;       9 
26; 3255;      18 
26; 3455;      18 
26; 3655;      11 
26; 3854;      19 
26; 4054;      13 
26; 4254;      19 
26; 4454;      18 
26; 4653;      15 
26; 4853;      13 
26; 5053;      15 
26; 5253;      10 
26; 5452;      12 
26; 5652;      15 
26; 5852;      10 
26; 6052;      13 
26; 6251;      19 
26; 6451;      17 
26; 6651;      10 
26; 6850;      21 
26; 7050;      11 
26; 7250;      13 
26; 7450;       9 
26; 7649;      18 
26; 7849;      12 
26; 8049;      13 
26; 8249;      11 
26; 8448;      16 
26; 8648;      13 
26; 8848;      20 
26; 9048;      19 
26; 9247;      15 
26; 9447;      17 
26; 9647;      15 
26; 9847;      15 
27; 0046;       9 
27; 0246;      16 
27; 0446;      10 
27; 0646;      18 
27; 0845;      17 
27; 1045;      18 
27; 1245;      11 
27; 1444;      18 
27; 1644;      12 
27; 1844;      16 
27; 2044;      16 
27; 2243;      19 
27; 2443;      18 
27; 2643;      18 
27; 2843;      21 
27; 3042;       5 
27; 3242;       8 
27; 3442;      18 
27; 3642;      15 
27; 3841;      11 
27; 4041;      13 
27; 4241;      17 
27; 4441;       9 
27; 4640;      20 
27; 4840;       8 
27; 5040;      14 
27; 5240;      14 
27; 5439;      13 
27; 5639;      19 
27; 5839;      12 
27; 6038;      18 
27; 6238;      21 
27; 6438;      14 
27; 6638;      19 
27; 6837;      11 
27; 7037;      16 
27; 7237;      14 
27; 7437;       8 
27; 7636;      10 
27; 7836;       9 
27; 8036;      12 
27; 8236;      10 
27; 8435;       6 
27; 8635;       7 
27; 8835;      11 
27; 9035;      13 
27; 9234;       9 
27; 9434;      15 
27; 9634;      14 
27; 9833;       9 
28; 0033;      20 
28; 0233;      18 
28; 0433;       7 
28; 0632;       8 
28; 0832;      12 
28; 1032;      14 
28; 1232;      13 
28; 1431;      15 
28; 1631;      14 
28; 1831;      14 
28; 2031;      15 
28; 2230;      11 
28; 2430;       9 
28; 2630;      15 
28; 2830;      20 
28; 3029;      14 
28; 3229;      22 
28; 3429;      17 
28; 3629;      15 
28; 3828;       9 
28; 4028;      15 
28; 4228;      14 
28; 4427;      17 
28; 4627;      10 
28; 4827;      11 
28; 5027;      12 
28; 5226;       6 
28; 5426;      13 
28; 5626;      13 
28; 5826;       6 
28; 6025;      13 
28; 6225;      12 
28; 6425;      13 
28; 6625;      11 
28; 6824;      13 
28; 7024;      11 
28; 7224;      11 
28; 7424;      11 
28; 7623;       7 
28; 7823;       9 
28; 8023;       5 
28; 8223;      11 
28; 8422;       8 
28; 8622;       8 
28; 8822;      12 
28; 9021;       8 
28; 9221;       8 
28; 9421;      11 
28; 9621;       8 
28; 9820;       8 
29; 0020;       9 
29; 0220;       7 
29; 0420;       7 
29; 0619;      12 
29; 0819;      12 
29; 1019;       9 
29; 1219;       9 
29; 1418;      10 
29; 1618;      10 
29; 1818;      11 
29; 2018;      11 
29; 2217;       7 
29; 2417;      11 
29; 2617;      10 
29; 2816;      10 
29; 3016;       5 
29; 3216;      14 
29; 3416;       6 
29; 3615;      13 
29; 3815;      19 
29; 4015;       9 
29; 4215;       7 
29; 4414;       9 
29; 4614;       4 
29; 4814;      12 
29; 5014;      12 
29; 5213;      10 
29; 5413;      11 
29; 5613;       7 
29; 5813;       9 
29; 6012;      12 
29; 6212;       9 
29; 6412;       9 
29; 6612;       9 
29; 6811;       9 
29; 7011;      12 
29; 7211;      13 
29; 7410;       4 
29; 7610;       7 
29; 7810;      14 
29; 8010;      12 
29; 8209;       4 
29; 8409;       8 
29; 8609;       8 
29; 8809;      12 
29; 9008;       7 
29; 9208;       5 
29; 9408;       6 
29; 9608;       5 
29; 9807;      10 
30; 0007;       9 
30; 0207;      12 
30; 0407;       4 
30; 0606;       9 
30; 0806;       9 
30; 1006;       7 
30; 1205;       8 
30; 1405;       7 
30; 1605;       3 
30; 1805;       8 
30; 2004;       4 
30; 2204;       7 
30; 2404;       9 
30; 2604;      10 
30; 2803;       6 
30; 3003;       2 
30; 3203;      11 
30; 3403;       5 
30; 3602;       5 
30; 3802;       6 
30; 4002;       2 
30; 4202;       2 
30; 4401;       8 
30; 4601;       4 
30; 4801;       5 
30; 5001;       2 
30; 5200;      11 
30; 5400;       4 
30; 5600;       9 
30; 5799;       8 
30; 5999;      10 
30; 6199;       5 
30; 6399;       9 
30; 6598;       7 
30; 6798;      12 
30; 6998;       5 
30; 7198;       8 
30; 7397;       8 
30; 7597;       8 
30; 7797;       8 
30; 7997;       6 
30; 8196;       9 
30; 8396;       6 
30; 8596;       6 
30; 8796;       6 
30; 8995;       7 
30; 9195;       4 
30; 9395;       8 
30; 9595;       6 
30; 9794;       7 
30; 9994;       2 
31; 0194;       7 
31; 0393;      12 
31; 0593;       4 
31; 0793;       7 
31; 0993;       4 
31; 1192;       7 
31; 1392;       3 
31; 1592;       8 
31; 1792;       6 
31; 1991;       5 
31; 2191;       2 
31; 2391;       5 
31; 2591;       7 
31; 2790;       6 
31; 2990;       4 
31; 3190;      10 
31; 3390;       9 
31; 3589;      11 
31; 3789;       3 
31; 3989;       7 
31; 4188;       8 
31; 4388;       6 
31; 4588;       7 
31; 4788;      11 
31; 4987;      11 
31; 5187;       3 
31; 5387;       5 
31; 5587;       5 
31; 5786;       2 
31; 5986;       9 
31; 6186;       7 
31; 6386;       6 
31; 6585;       4 
31; 6785;       8 
31; 6985;       5 
31; 7185;      12 
31; 7384;       3 
31; 7584;      10 
31; 7784;       7 
31; 7984;       2 
31; 8183;       3 
31; 8383;       1 
31; 8583;       7 
31; 8782;       3 
31; 8982;       5 
31; 9182;       5 
31; 9382;       7 
31; 9581;       6 
31; 9781;       3 
31; 9981;       3 
32; 0181;       6 
32; 0380;       1 
32; 0580;      11 
32; 0780;       5 
32; 0980;       6 
32; 1179;       4 
32; 1379;       5 
32; 1579;       7 
32; 1779;       1 
32; 1978;       5 
32; 2178;       6 
32; 2378;       5 
32; 2578;       8 
32; 2777;       6 
32; 2977;       7 
32; 3177;       5 
32; 3376;       3 
32; 3576;       4 
32; 3776;       5 
32; 3976;       4 
32; 4175;       4 
32; 4375;       3 
32; 4575;       3 
32; 4775;       9 
32; 4974;       4 
32; 5174;       2 
32; 5374;       4 
32; 5574;       4 
32; 5773;       7 
32; 5973;       4 
32; 6173;       4 
32; 6373;       3 
32; 6572;       3 
32; 6772;      11 
32; 6972;       2 
32; 7171;       7 
32; 7371;       2 
32; 7571;       5 
32; 7771;       4 
32; 7970;       2 
32; 8170;       2 
32; 8370;       3 
32; 8570;       4 
32; 8769;       5 
32; 8969;       3 
32; 9169;       5 
32; 9369;       3 
32; 9568;       6 
32; 9768;       5 
32; 9968;       3 
33; 0168;       0 
33; 0367;       4 
33; 0567;       4 
33; 0767;       2 
33; 0967;       2 
33; 1166;       5 
33; 1366;       3 
33; 1566;       2 
33; 1765;       3 
33; 1965;       3 
33; 2165;       3 
33; 2365;       3 
33; 2564;       3 
33; 2764;       5 
33; 2964;       4 
33; 3164;       2 
33; 3363;       2 
33; 3563;       6 
33; 3763;       5 
33; 3963;       3 
33; 4162;       5 
33; 4362;       1 
33; 4562;       4 
33; 4762;       4 
33; 4961;       0 
33; 5161;       4 
33; 5361;       2 
33; 5561;       2 
33; 5760;       3 
33; 5960;       5 
33; 6160;       2 
33; 6359;       2 
33; 6559;       1 
33; 6759;       2 
33; 6959;       4 
33; 7158;       1 
33; 7358;       1 
33; 7558;       0 
33; 7758;       1 
33; 7957;       3 
33; 8157;       1 
33; 8357;       7 
33; 8557;       1 
33; 8756;       1 
33; 8956;       2 
33; 9156;       2 
33; 9356;       6 
33; 9555;       4 
33; 9755;       0 
33; 9955;       2 
34; 0154;       3 
34; 0354;       3 
34; 0554;       3 
34; 0754;       0 
34; 0953;       2 
34; 1153;       5 
34; 1353;       4 
34; 1553;       4 
34; 1752;       2 
34; 1952;       2 
34; 2152;       2 
34; 2352;       5 
34; 2551;       3 
34; 2751;       0 
34; 2951;       4 
34; 3151;       4 
34; 3350;       1 
34; 3550;       6 
34; 3750;       1 
34; 3950;       4 
34; 4149;       2 
34; 4349;       4 
34; 4549;       1 
34; 4748;       2 
34; 4948;       3 
34; 5148;       4 
34; 5348;       1 
34; 5547;       6 
34; 5747;       4 
34; 5947;       2 
34; 6147;       0 
34; 6346;       1 
34; 6546;       0 
34; 6746;       1 
34; 6946;       3 
34; 7145;       2 
34; 7345;       2 
34; 7545;       2 
34; 7745;       3 
34; 7944;       2 
34; 8144;       1 
34; 8344;       4 
34; 8543;       1 
34; 8743;       0 
34; 8943;       2 
34; 9143;       1 
34; 9342;       2 
34; 9542;       2 
34; 9742;       0 
34; 9942;       2 
35; 0141;       0 
35; 0341;       2 
35; 0541;       1 
35; 0741;       3 
35; 0940;       3 
35; 1140;       1 
35; 1340;       2 
35; 1540;       1 
35; 1739;       0 
35; 1939;       2 
35; 2139;       1 
35; 2339;       1 
35; 2538;       0 
35; 2738;       1 
35; 2938;       1 
35; 3137;       1 
35; 3337;       0 
35; 3537;       1 
35; 3737;       1 
35; 3936;       2 
35; 4136;       2 
35; 4336;       0 
35; 4536;       1 
35; 4735;       1 
35; 4935;       2 
35; 5135;       1 
35; 5335;       1 
35; 5534;       2 
35; 5734;       1 
35; 5934;       1 
35; 6134;       0 
35; 6333;       1 
35; 6533;       1 
35; 6733;       3 
35; 6933;       0 
35; 7132;       2 
35; 7332;       3 
35; 7532;       1 
35; 7731;       1 
35; 7931;       1 
35; 8131;       2 
35; 8331;       1 
35; 8530;       2 
35; 8730;       0 
35; 8930;       1 
35; 9130;       1 
35; 9329;       2 
35; 9529;       0 
35; 9729;       1 
35; 9929;       2 
36; 0128;       3 
36; 0328;       0 
36; 0528;       0 
36; 0728;       2 
36; 0927;       0 
36; 1127;       1 
36; 1327;       0 
36; 1526;       3 
36; 1726;       1 
36; 1926;       0 
36; 2126;       2 
36; 2325;       1 
36; 2525;       1 
36; 2725;       1 
36; 2925;       0 
36; 3124;       0 
36; 3324;       1 
36; 3524;       0 
36; 3724;       0 
36; 3923;       2 
36; 4123;       0 
36; 4323;       3 
36; 4523;       1 
36; 4722;       1 
36; 4922;       1 
36; 5122;       0 
36; 5322;       0 
36; 5521;       1 
36; 5721;       1 
36; 5921;       0 
36; 6120;       1 
36; 6320;       0 
36; 6520;       0 
36; 6720;       0 
36; 6919;       0 
36; 7119;       0 
36; 7319;       1 
36; 7519;       1 
36; 7718;       1 
36; 7918;       1 
36; 8118;       0 
36; 8318;       1 
36; 8517;       1 
36; 8717;       1 
36; 8917;       0 
36; 9117;       0 
36; 9316;       1 
36; 9516;       0 
36; 9716;       1 
36; 9916;       0 
37; 0115;       1 
37; 0315;       0 
37; 0515;       1 
37; 0714;       0 
37; 0914;       1 
37; 1114;       0 
37; 1314;       1 
37; 1513;       0 
37; 1713;       1 
37; 1913;       0 
37; 2113;       2 
37; 2312;       0 
37; 2512;       0 
37; 2712;       3 
37; 2912;       0 
37; 3111;       2 
37; 3311;       0 
37; 3511;       0 
37; 3711;       1 
37; 3910;       2 
37; 4110;       1 
37; 4310;       1 
37; 4509;       0 
37; 4709;       2 
37; 4909;       1 
37; 5109;       0 
37; 5308;       0 
37; 5508;       3 
37; 5708;       0 
37; 5908;       1 
37; 6107;       2 
37; 6307;       0 
37; 6507;       1 
37; 6707;       0 
37; 6906;       0 
37; 7106;       1 
37; 7306;       0 
37; 7506;       0 
37; 7705;       0 
37; 7905;       0 
37; 8105;       0 
37; 8305;       0 
37; 8504;       0 
37; 8704;       0 
37; 8904;       1 
37; 9103;       0 
37; 9303;       0 
37; 9503;       1 
37; 9703;       1 
37; 9902;       0 
38; 0102;       2 
38; 0302;       2 
38; 0502;       2 
38; 0701;       1 
38; 0901;       0 
38; 1101;       0 
38; 1301;       1 
38; 1500;       1 
38; 1700;       0 
38; 1900;       0 
38; 2100;       1 
38; 2299;       0 
38; 2499;       0 
38; 2699;       0 
38; 2898;       0 
38; 3098;       0 
38; 3298;       0 
38; 3498;       3 
38; 3697;       1 
38; 3897;       0 
38; 4097;       0 
38; 4297;       0 
38; 4496;       0 
38; 4696;       0 
38; 4896;       1 
38; 5096;       0 
38; 5295;       2 
38; 5495;       0 
38; 5695;       0 
38; 5895;       1 
38; 6094;       1 
38; 6294;       0 
38; 6494;       0 
38; 6694;       1 
38; 6893;       2 
38; 7093;       1 
38; 7293;       0 
38; 7492;       0 
38; 7692;       0 
38; 7892;       1 
38; 8092;       1 
38; 8291;       0 
38; 8491;       2 
38; 8691;       1 
38; 8891;       0 
38; 9090;       1 
38; 9290;       0 
38; 9490;       1 
38; 9690;       0 
38; 9889;       1 
39; 0089;       0 
39; 0289;       0 
39; 0489;       0 
39; 0688;       0 
39; 0888;       0 
39; 1088;       1 
39; 1288;       4 
39; 1487;       0 
39; 1687;       0 
39; 1887;       0 
39; 2086;       0 
39; 2286;       0 
39; 2486;       0 
39; 2686;       1 
39; 2885;       1 
39; 3085;       0 
39; 3285;       0 
39; 3485;       0 
39; 3684;       0 
39; 3884;       0 
39; 4084;       0 
39; 4284;       1 
39; 4483;       0 
39; 4683;       1 
39; 4883;       0 
39; 5083;       0 
39; 5282;       0 
39; 5482;       0 
39; 5682;       0 
39; 5881;       0 
39; 6081;       0 
39; 6281;       0 
39; 6481;       0 
39; 6680;       0 
39; 6880;       0 
39; 7080;       1 
39; 7280;       0 
39; 7479;       0 
39; 7679;       1 
39; 7879;       0 
39; 8079;       0 
39; 8278;       0 
39; 8478;       0 
39; 8678;       0 
39; 8878;       0 
39; 9077;       0 
39; 9277;       0 
39; 9477;       0 
39; 9677;       1 
39; 9876;       0 
40; 0076;       0 
40; 0276;       0 
40; 0475;       0 
40; 0675;       0 
40; 0875;       0 
40; 1075;       0 
40; 1274;       0 
40; 1474;       0 
40; 1674;       0 
40; 1874;       0 
40; 2073;       0 
40; 2273;       0 
40; 2473;       0 
40; 2673;       0 
40; 2872;       1 
40; 3072;       0 
40; 3272;       0 
40; 3472;       1 
40; 3671;       0 
40; 3871;       0 
40; 4071;       0 
40; 4271;       0 
40; 4470;       0 
40; 4670;       0 
40; 4870;       0 
40; 5069;       0 
40; 5269;       2 
40; 5469;       0 
40; 5669;       1 
40; 5868;       0 
40; 6068;       0 
40; 6268;       0 
40; 6468;       0 
40; 6667;       0 
40; 6867;       0 
40; 7067;       1 
40; 7267;       2 
40; 7466;       0 
40; 7666;       1 
40; 7866;       0 
40; 8066;       0 
40; 8265;       0 
40; 8465;       0 
40; 8665;       0 
40; 8864;       0 
