0; 0000;     435 
0; 0200;     422 
0; 0399;     324 
0; 0599;     220 
0; 0799;     102 
0; 0999;      52 
0; 1198;      19 
0; 1398;       7 
0; 1598;       3 
0; 1798;       1 
0; 1997;       0 
0; 2197;       1 
0; 2397;       0 
0; 2597;       0 
0; 2796;       0 
0; 2996;       1 
0; 3196;       0 
0; 3396;       0 
0; 3595;       2 
0; 3795;       0 
0; 3995;       0 
0; 4194;       0 
0; 4394;       0 
0; 4594;       1 
0; 4794;       0 
0; 4993;       1 
0; 5193;       1 
0; 5393;       1 
0; 5593;       4 
0; 5792;      30 
0; 5992;      57 
0; 6192;     138 
0; 6392;     269 
0; 6591;     316 
0; 6791;     331 
0; 6991;     366 
0; 7191;     321 
0; 7390;     291 
0; 7590;     312 
0; 7790;     317 
0; 7989;     328 
0; 8189;     305 
0; 8389;     277 
0; 8589;     346 
0; 8788;     340 
0; 8988;     314 
0; 9188;     343 
0; 9388;     307 
0; 9587;     324 
0; 9787;     331 
0; 9987;     295 
1; 0187;     285 
1; 0386;     300 
1; 0586;     283 
1; 0786;     297 
1; 0986;     348 
1; 1185;     282 
1; 1385;     296 
1; 1585;     336 
1; 1785;     354 
1; 1984;     379 
1; 2184;     365 
1; 2384;     344 
1; 2583;     319 
1; 2783;     347 
1; 2983;     325 
1; 3183;     353 
1; 3382;     289 
1; 3582;     320 
1; 3782;     331 
1; 3982;     333 
1; 4181;     353 
1; 4381;     366 
1; 4581;     355 
1; 4781;     330 
1; 4980;     322 
1; 5180;     323 
1; 5380;     318 
1; 5580;     325 
1; 5779;     312 
1; 5979;     296 
1; 6179;     284 
1; 6378;     309 
1; 6578;     313 
1; 6778;     324 
1; 6978;     295 
1; 7177;     294 
1; 7377;     318 
1; 7577;     315 
1; 7777;     293 
1; 7976;     260 
1; 8176;     285 
1; 8376;     253 
1; 8576;     274 
1; 8775;     263 
1; 8975;     249 
1; 9175;     237 
1; 9375;     237 
1; 9574;     269 
1; 9774;     276 
1; 9974;     281 
2; 0173;     277 
2; 0373;     242 
2; 0573;     219 
2; 0773;     266 
2; 0972;     241 
2; 1172;     255 
2; 1372;     229 
2; 1572;     230 
2; 1771;     252 
2; 1971;     297 
2; 2171;     352 
2; 2371;     401 
2; 2570;     407 
2; 2770;     465 
2; 2970;     499 
2; 3170;     553 
2; 3369;     455 
2; 3569;     416 
2; 3769;     404 
2; 3968;     371 
2; 4168;     318 
2; 4368;     300 
2; 4568;     317 
2; 4767;     328 
2; 4967;     404 
2; 5167;     446 
2; 5367;     609 
2; 5566;     729 
2; 5766;     953 
2; 5966;    1161 
2; 6166;    1343 
2; 6365;    1511 
2; 6565;    1689 
2; 6765;    1769 
2; 6965;    1738 
2; 7164;    1680 
2; 7364;    1555 
2; 7564;    1466 
2; 7763;    1435 
2; 7963;    1419 
2; 8163;    1548 
2; 8363;    1742 
2; 8562;    2160 
2; 8762;    2603 
2; 8962;    3334 
2; 9162;    4268 
2; 9361;    5245 
2; 9561;    5735 
2; 9761;    6422 
2; 9961;    6248 
3; 0160;    5862 
3; 0360;    5218 
3; 0560;    4377 
3; 0760;    3943 
3; 0959;    3765 
3; 1159;    3807 
3; 1359;    3761 
3; 1558;    3904 
3; 1758;    3701 
3; 1958;    3498 
3; 2158;    3061 
3; 2357;    2636 
3; 2557;    2207 
3; 2757;    1907 
3; 2957;    1659 
3; 3156;    1493 
3; 3356;    1311 
3; 3556;    1177 
3; 3756;    1016 
3; 3955;     875 
3; 4155;     790 
3; 4355;     661 
3; 4555;     540 
3; 4754;     479 
3; 4954;     481 
3; 5154;     462 
3; 5354;     399 
3; 5553;     366 
3; 5753;     402 
3; 5953;     447 
3; 6152;     485 
3; 6352;     500 
3; 6552;     564 
3; 6752;     615 
3; 6951;     642 
3; 7151;     592 
3; 7351;     577 
3; 7551;     525 
3; 7750;     428 
3; 7950;     384 
3; 8150;     359 
3; 8350;     256 
3; 8549;     253 
3; 8749;     228 
3; 8949;     229 
3; 9149;     230 
3; 9348;     252 
3; 9548;     267 
3; 9748;     279 
3; 9947;     265 
4; 0147;     260 
4; 0347;     262 
4; 0547;     270 
4; 0746;     211 
4; 0946;     223 
4; 1146;     205 
4; 1346;     214 
4; 1545;     206 
4; 1745;     250 
4; 1945;     238 
4; 2145;     203 
4; 2344;     241 
4; 2544;     223 
4; 2744;     210 
4; 2944;     219 
4; 3143;     229 
4; 3343;     208 
4; 3543;     255 
4; 3742;     242 
4; 3942;     254 
4; 4142;     233 
4; 4342;     309 
4; 4541;     284 
4; 4741;     316 
4; 4941;     350 
4; 5141;     318 
4; 5340;     318 
4; 5540;     322 
4; 5740;     288 
4; 5940;     305 
4; 6139;     298 
4; 6339;     287 
4; 6539;     303 
4; 6739;     303 
4; 6938;     271 
4; 7138;     273 
4; 7338;     301 
4; 7537;     247 
4; 7737;     269 
4; 7937;     287 
4; 8137;     279 
4; 8336;     297 
4; 8536;     328 
4; 8736;     320 
4; 8936;     311 
4; 9135;     316 
4; 9335;     295 
4; 9535;     309 
4; 9735;     319 
4; 9934;     310 
5; 0134;     289 
5; 0334;     295 
5; 0534;     355 
5; 0733;     289 
5; 0933;     297 
5; 1133;     283 
5; 1332;     329 
5; 1532;     329 
5; 1732;     289 
5; 1932;     290 
5; 2131;     282 
5; 2331;     305 
5; 2531;     301 
5; 2731;     306 
5; 2930;     306 
5; 3130;     321 
5; 3330;     339 
5; 3530;     309 
5; 3729;     345 
5; 3929;     360 
5; 4129;     374 
5; 4329;     359 
5; 4528;     383 
5; 4728;     426 
5; 4928;     404 
5; 5127;     395 
5; 5327;     385 
5; 5527;     419 
5; 5727;     426 
5; 5926;     449 
5; 6126;     424 
5; 6326;     407 
5; 6526;     435 
5; 6725;     441 
5; 6925;     462 
5; 7125;     452 
5; 7325;     458 
5; 7524;     414 
5; 7724;     500 
5; 7924;     502 
5; 8124;     496 
5; 8323;     504 
5; 8523;     541 
5; 8723;     506 
5; 8923;     561 
5; 9122;     536 
5; 9322;     540 
5; 9522;     481 
5; 9721;     519 
5; 9921;     517 
6; 0121;     521 
6; 0321;     493 
6; 0520;     443 
6; 0720;     486 
6; 0920;     489 
6; 1120;     462 
6; 1319;     532 
6; 1519;     487 
6; 1719;     587 
6; 1919;     620 
6; 2118;     687 
6; 2318;     898 
6; 2518;    1120 
6; 2718;    1482 
6; 2917;    2103 
6; 3117;    2699 
6; 3317;    3519 
6; 3516;    4191 
6; 3716;    5093 
6; 3916;    5269 
6; 4116;    5359 
6; 4315;    4983 
6; 4515;    4444 
6; 4715;    3739 
6; 4915;    3117 
6; 5114;    2224 
6; 5314;    1610 
6; 5514;    1166 
6; 5714;     870 
6; 5913;     705 
6; 6113;     539 
6; 6313;     463 
6; 6513;     463 
6; 6712;     478 
6; 6912;     491 
6; 7112;     452 
6; 7311;     441 
6; 7511;     442 
6; 7711;     454 
6; 7911;     440 
6; 8110;     476 
6; 8310;     479 
6; 8510;     513 
6; 8710;     525 
6; 8909;     543 
6; 9109;     568 
6; 9309;     632 
6; 9509;     810 
6; 9708;     837 
6; 9908;     929 
7; 0108;    1062 
7; 0308;    1062 
7; 0507;    1194 
7; 0707;    1152 
7; 0907;    1174 
7; 1106;    1083 
7; 1306;     949 
7; 1506;     886 
7; 1706;     809 
7; 1905;     781 
7; 2105;     738 
7; 2305;     687 
7; 2505;     743 
7; 2704;     727 
7; 2904;     733 
7; 3104;     821 
7; 3304;     811 
7; 3503;     936 
7; 3703;     972 
7; 3903;    1042 
7; 4103;    1150 
7; 4302;    1238 
7; 4502;    1284 
7; 4702;    1289 
7; 4901;    1319 
7; 5101;    1197 
7; 5301;    1170 
7; 5501;    1056 
7; 5700;     940 
7; 5900;     834 
7; 6100;     757 
7; 6300;     734 
7; 6499;     667 
7; 6699;     694 
7; 6899;     637 
7; 7099;     645 
7; 7298;     693 
7; 7498;     699 
7; 7698;     709 
7; 7898;     856 
7; 8097;     984 
7; 8297;    1290 
7; 8497;    1771 
7; 8696;    2714 
7; 8896;    4063 
7; 9096;    6286 
7; 9296;    8918 
7; 9495;   12201 
7; 9695;   16105 
7; 9895;   19683 
8; 0095;   22706 
8; 0294;   24772 
8; 0494;   25867 
8; 0694;   25127 
8; 0894;   22702 
8; 1093;   19541 
8; 1293;   15941 
8; 1493;   12167 
8; 1693;    8864 
8; 1892;    6203 
8; 2092;    4098 
8; 2292;    2601 
8; 2492;    1798 
8; 2691;    1255 
8; 2891;     878 
8; 3091;     745 
8; 3290;     675 
8; 3490;     643 
8; 3690;     611 
8; 3890;     546 
8; 4089;     527 
8; 4289;     539 
8; 4489;     534 
8; 4689;     562 
8; 4888;     550 
8; 5088;     551 
8; 5288;     530 
8; 5488;     614 
8; 5687;     556 
8; 5887;     576 
8; 6087;     594 
8; 6287;     633 
8; 6486;     616 
8; 6686;     653 
8; 6886;     707 
8; 7085;     784 
8; 7285;     960 
8; 7485;    1143 
8; 7685;    1453 
8; 7884;    1770 
8; 8084;    2198 
8; 8284;    2701 
8; 8484;    3313 
8; 8683;    3692 
8; 8883;    4067 
8; 9083;    4278 
8; 9283;    4208 
8; 9482;    3902 
8; 9682;    3409 
8; 9882;    3027 
9; 0082;    2437 
9; 0281;    1842 
9; 0481;    1426 
9; 0681;    1103 
9; 0880;     850 
9; 1080;     683 
9; 1280;     506 
9; 1480;     463 
9; 1679;     413 
9; 1879;     449 
9; 2079;     418 
9; 2279;     446 
9; 2478;     401 
9; 2678;     425 
9; 2878;     403 
9; 3078;     405 
9; 3277;     405 
9; 3477;     398 
9; 3677;     394 
9; 3877;     370 
9; 4076;     384 
9; 4276;     368 
9; 4476;     401 
9; 4675;     382 
9; 4875;     391 
9; 5075;     397 
9; 5275;     390 
9; 5474;     429 
9; 5674;     458 
9; 5874;     428 
9; 6074;     496 
9; 6273;     484 
9; 6473;     516 
9; 6673;     578 
9; 6873;     537 
9; 7072;     576 
9; 7272;     614 
9; 7472;     595 
9; 7672;     544 
9; 7871;     542 
9; 8071;     487 
9; 8271;     479 
9; 8470;     465 
9; 8670;     475 
9; 8870;     463 
9; 9070;     453 
9; 9269;     460 
9; 9469;     421 
9; 9669;     428 
9; 9869;     490 
10; 0068;     420 
10; 0268;     404 
10; 0468;     421 
10; 0668;     444 
10; 0867;     447 
10; 1067;     443 
10; 1267;     418 
10; 1467;     404 
10; 1666;     426 
10; 1866;     463 
10; 2066;     468 
10; 2265;     474 
10; 2465;     500 
10; 2665;     424 
10; 2865;     445 
10; 3064;     460 
10; 3264;     444 
10; 3464;     447 
10; 3664;     493 
10; 3863;     536 
10; 4063;     503 
10; 4263;     550 
10; 4463;     603 
10; 4662;     701 
10; 4862;     713 
10; 5062;     771 
10; 5262;     827 
10; 5461;     871 
10; 5661;     863 
10; 5861;     787 
10; 6061;     770 
10; 6260;     664 
10; 6460;     670 
10; 6660;     598 
10; 6859;     556 
10; 7059;     518 
10; 7259;     534 
10; 7459;     478 
10; 7658;     498 
10; 7858;     516 
10; 8058;     464 
10; 8258;     426 
10; 8457;     455 
10; 8657;     480 
10; 8857;     459 
10; 9057;     452 
10; 9256;     426 
10; 9456;     451 
10; 9656;     403 
10; 9856;     441 
11; 0055;     415 
11; 0255;     417 
11; 0455;     411 
11; 0654;     362 
11; 0854;     400 
11; 1054;     396 
11; 1254;     428 
11; 1453;     413 
11; 1653;     408 
11; 1853;     393 
11; 2053;     400 
11; 2252;     392 
11; 2452;     393 
11; 2652;     408 
11; 2852;     412 
11; 3051;     423 
11; 3251;     444 
11; 3451;     459 
11; 3651;     492 
11; 3850;     478 
11; 4050;     467 
11; 4250;     527 
11; 4449;     508 
11; 4649;     456 
11; 4849;     532 
11; 5049;     499 
11; 5248;     448 
11; 5448;     448 
11; 5648;     445 
11; 5848;     446 
11; 6047;     435 
11; 6247;     423 
11; 6447;     456 
11; 6647;     379 
11; 6846;     384 
11; 7046;     389 
11; 7246;     393 
11; 7446;     399 
11; 7645;     388 
11; 7845;     390 
11; 8045;     407 
11; 8244;     367 
11; 8444;     355 
11; 8644;     386 
11; 8844;     370 
11; 9043;     356 
11; 9243;     368 
11; 9443;     425 
11; 9643;     367 
11; 9842;     396 
12; 0042;     377 
12; 0242;     361 
12; 0442;     400 
12; 0641;     374 
12; 0841;     348 
12; 1041;     369 
12; 1241;     367 
12; 1440;     388 
12; 1640;     387 
12; 1840;     368 
12; 2039;     391 
12; 2239;     382 
12; 2439;     349 
12; 2639;     381 
12; 2838;     361 
12; 3038;     337 
12; 3238;     355 
12; 3438;     371 
12; 3637;     378 
12; 3837;     367 
12; 4037;     379 
12; 4237;     405 
12; 4436;     378 
12; 4636;     438 
12; 4836;     419 
12; 5036;     473 
12; 5235;     536 
12; 5435;     536 
12; 5635;     595 
12; 5834;     616 
12; 6034;     629 
12; 6234;     662 
12; 6434;     677 
12; 6633;     653 
12; 6833;     620 
12; 7033;     548 
12; 7233;     544 
12; 7432;     487 
12; 7632;     455 
12; 7832;     476 
12; 8032;     454 
12; 8231;     418 
12; 8431;     396 
12; 8631;     372 
12; 8831;     351 
12; 9030;     394 
12; 9230;     410 
12; 9430;     404 
12; 9630;     386 
12; 9829;     374 
13; 0029;     408 
13; 0229;     387 
13; 0428;     377 
13; 0628;     370 
13; 0828;     367 
13; 1028;     372 
13; 1227;     361 
13; 1427;     354 
13; 1627;     350 
13; 1827;     353 
13; 2026;     332 
13; 2226;     308 
13; 2426;     345 
13; 2626;     312 
13; 2825;     353 
13; 3025;     350 
13; 3225;     288 
13; 3425;     358 
13; 3624;     351 
13; 3824;     364 
13; 4024;     343 
13; 4223;     333 
13; 4423;     340 
13; 4623;     326 
13; 4823;     326 
13; 5022;     330 
13; 5222;     325 
13; 5422;     319 
13; 5622;     342 
13; 5821;     303 
13; 6021;     296 
13; 6221;     308 
13; 6421;     309 
13; 6620;     294 
13; 6820;     304 
13; 7020;     326 
13; 7220;     320 
13; 7419;     265 
13; 7619;     296 
13; 7819;     313 
13; 8018;     290 
13; 8218;     300 
13; 8418;     271 
13; 8618;     282 
13; 8817;     285 
13; 9017;     318 
13; 9217;     301 
13; 9417;     296 
13; 9616;     310 
13; 9816;     263 
14; 0016;     273 
14; 0216;     284 
14; 0415;     289 
14; 0615;     285 
14; 0815;     287 
14; 1015;     285 
14; 1214;     317 
14; 1414;     279 
14; 1614;     280 
14; 1813;     284 
14; 2013;     271 
14; 2213;     287 
14; 2413;     269 
14; 2612;     290 
14; 2812;     294 
14; 3012;     297 
14; 3212;     262 
14; 3411;     263 
14; 3611;     267 
14; 3811;     276 
14; 4011;     287 
14; 4210;     296 
14; 4410;     265 
14; 4610;     281 
14; 4810;     271 
14; 5009;     285 
14; 5209;     296 
14; 5409;     290 
14; 5608;     284 
14; 5808;     279 
14; 6008;     304 
14; 6208;     283 
14; 6407;     249 
14; 6607;     306 
14; 6807;     291 
14; 7007;     301 
14; 7206;     277 
14; 7406;     291 
14; 7606;     314 
14; 7806;     310 
14; 8005;     327 
14; 8205;     337 
14; 8405;     292 
14; 8605;     281 
14; 8804;     267 
14; 9004;     304 
14; 9204;     281 
14; 9403;     261 
14; 9603;     271 
14; 9803;     306 
15; 0003;     258 
15; 0202;     255 
15; 0402;     272 
15; 0602;     252 
15; 0802;     281 
15; 1001;     264 
15; 1201;     272 
15; 1401;     268 
15; 1601;     266 
15; 1800;     250 
15; 2000;     266 
15; 2200;     256 
15; 2400;     254 
15; 2599;     250 
15; 2799;     286 
15; 2999;     269 
15; 3199;     271 
15; 3398;     272 
15; 3598;     246 
15; 3798;     244 
15; 3997;     261 
15; 4197;     247 
15; 4397;     239 
15; 4597;     231 
15; 4796;     253 
15; 4996;     235 
15; 5196;     252 
15; 5396;     241 
15; 5595;     230 
15; 5795;     251 
15; 5995;     238 
15; 6195;     251 
15; 6394;     205 
15; 6594;     219 
15; 6794;     233 
15; 6994;     236 
15; 7193;     235 
15; 7393;     213 
15; 7593;     223 
15; 7792;     253 
15; 7992;     241 
15; 8192;     221 
15; 8392;     224 
15; 8591;     217 
15; 8791;     190 
15; 8991;     231 
15; 9191;     228 
15; 9390;     256 
15; 9590;     237 
15; 9790;     246 
15; 9990;     227 
16; 0189;     214 
16; 0389;     236 
16; 0589;     230 
16; 0789;     233 
16; 0988;     256 
16; 1188;     246 
16; 1388;     247 
16; 1587;     261 
16; 1787;     234 
16; 1987;     227 
16; 2187;     267 
16; 2386;     220 
16; 2586;     270 
16; 2786;     212 
16; 2986;     243 
16; 3185;     192 
16; 3385;     199 
16; 3585;     229 
16; 3785;     196 
16; 3984;     210 
16; 4184;     191 
16; 4384;     237 
16; 4584;     205 
16; 4783;     204 
16; 4983;     214 
16; 5183;     212 
16; 5382;     206 
16; 5582;     209 
16; 5782;     218 
16; 5982;     211 
16; 6181;     212 
16; 6381;     208 
16; 6581;     186 
16; 6781;     191 
16; 6980;     215 
16; 7180;     212 
16; 7380;     226 
16; 7580;     195 
16; 7779;     190 
16; 7979;     205 
16; 8179;     183 
16; 8379;     178 
16; 8578;     200 
16; 8778;     190 
16; 8978;     202 
16; 9177;     194 
16; 9377;     207 
16; 9577;     222 
16; 9777;     209 
16; 9976;     191 
17; 0176;     181 
17; 0376;     197 
17; 0576;     204 
17; 0775;     214 
17; 0975;     183 
17; 1175;     185 
17; 1375;     188 
17; 1574;     190 
17; 1774;     186 
17; 1974;     183 
17; 2174;     184 
17; 2373;     182 
17; 2573;     197 
17; 2773;     201 
17; 2972;     197 
17; 3172;     210 
17; 3372;     204 
17; 3572;     194 
17; 3771;     188 
17; 3971;     160 
17; 4171;     195 
17; 4371;     208 
17; 4570;     180 
17; 4770;     175 
17; 4970;     209 
17; 5170;     197 
17; 5369;     197 
17; 5569;     173 
17; 5769;     175 
17; 5969;     200 
17; 6168;     176 
17; 6368;     160 
17; 6568;     190 
17; 6768;     195 
17; 6967;     199 
17; 7167;     188 
17; 7367;     201 
17; 7566;     191 
17; 7766;     177 
17; 7966;     176 
17; 8166;     193 
17; 8365;     178 
17; 8565;     197 
17; 8765;     184 
17; 8965;     210 
17; 9164;     192 
17; 9364;     199 
17; 9564;     193 
17; 9764;     201 
17; 9963;     169 
18; 0163;     164 
18; 0363;     182 
18; 0563;     194 
18; 0762;     164 
18; 0962;     186 
18; 1162;     181 
18; 1361;     171 
18; 1561;     191 
18; 1761;     197 
18; 1961;     185 
18; 2160;     177 
18; 2360;     194 
18; 2560;     209 
18; 2760;     187 
18; 2959;     199 
18; 3159;     169 
18; 3359;     200 
18; 3559;     218 
18; 3758;     203 
18; 3958;     208 
18; 4158;     209 
18; 4358;     173 
18; 4557;     183 
18; 4757;     193 
18; 4957;     238 
18; 5156;     235 
18; 5356;     204 
18; 5556;     204 
18; 5756;     226 
18; 5955;     173 
18; 6155;     242 
18; 6355;     231 
18; 6555;     233 
18; 6754;     256 
18; 6954;     250 
18; 7154;     230 
18; 7354;     294 
18; 7553;     279 
18; 7753;     301 
18; 7953;     270 
18; 8153;     300 
18; 8352;     281 
18; 8552;     331 
18; 8752;     302 
18; 8951;     283 
18; 9151;     354 
18; 9351;     324 
18; 9551;     338 
18; 9750;     346 
18; 9950;     337 
19; 0150;     335 
19; 0350;     337 
19; 0549;     326 
19; 0749;     366 
19; 0949;     368 
19; 1149;     359 
19; 1348;     353 
19; 1548;     351 
19; 1748;     320 
19; 1948;     287 
19; 2147;     298 
19; 2347;     330 
19; 2547;     307 
19; 2746;     346 
19; 2946;     308 
19; 3146;     283 
19; 3346;     262 
19; 3545;     281 
19; 3745;     283 
19; 3945;     258 
19; 4145;     252 
19; 4344;     242 
19; 4544;     251 
19; 4744;     249 
19; 4944;     229 
19; 5143;     227 
19; 5343;     211 
19; 5543;     215 
19; 5743;     198 
19; 5942;     191 
19; 6142;     217 
19; 6342;     194 
19; 6541;     179 
19; 6741;     182 
19; 6941;     170 
19; 7141;     181 
19; 7340;     207 
19; 7540;     191 
19; 7740;     173 
19; 7940;     186 
19; 8139;     195 
19; 8339;     187 
19; 8539;     176 
19; 8739;     226 
19; 8938;     211 
19; 9138;     260 
19; 9338;     277 
19; 9538;     287 
19; 9737;     354 
19; 9937;     335 
20; 0137;     446 
20; 0337;     450 
20; 0536;     470 
20; 0736;     584 
20; 0936;     601 
20; 1135;     656 
20; 1335;     697 
20; 1535;     768 
20; 1735;     765 
20; 1934;     766 
20; 2134;     747 
20; 2334;     754 
20; 2534;     676 
20; 2733;     716 
20; 2933;     669 
20; 3133;     637 
20; 3333;     577 
20; 3532;     492 
20; 3732;     380 
20; 3932;     384 
20; 4132;     377 
20; 4331;     321 
20; 4531;     296 
20; 4731;     263 
20; 4930;     258 
20; 5130;     215 
20; 5330;     222 
20; 5530;     203 
20; 5729;     227 
20; 5929;     199 
20; 6129;     218 
20; 6329;     220 
20; 6528;     196 
20; 6728;     211 
20; 6928;     197 
20; 7128;     196 
20; 7327;     201 
20; 7527;     263 
20; 7727;     208 
20; 7927;     224 
20; 8126;     249 
20; 8326;     191 
20; 8526;     265 
20; 8725;     256 
20; 8925;     247 
20; 9125;     284 
20; 9325;     263 
20; 9524;     284 
20; 9724;     354 
20; 9924;     321 
21; 0124;     326 
21; 0323;     373 
21; 0523;     397 
21; 0723;     391 
21; 0923;     428 
21; 1122;     406 
21; 1322;     438 
21; 1522;     437 
21; 1722;     427 
21; 1921;     486 
21; 2121;     422 
21; 2321;     439 
21; 2520;     447 
21; 2720;     418 
21; 2920;     411 
21; 3120;     371 
21; 3319;     368 
21; 3519;     306 
21; 3719;     303 
21; 3919;     311 
21; 4118;     279 
21; 4318;     288 
21; 4518;     321 
21; 4718;     286 
21; 4917;     301 
21; 5117;     322 
21; 5317;     318 
21; 5517;     287 
21; 5716;     281 
21; 5916;     310 
21; 6116;     362 
21; 6315;     355 
21; 6515;     400 
21; 6715;     418 
21; 6915;     563 
21; 7114;     601 
21; 7314;     745 
21; 7514;    1001 
21; 7714;    1362 
21; 7913;    1744 
21; 8113;    2321 
21; 8313;    3189 
21; 8513;    4127 
21; 8712;    5242 
21; 8912;    6373 
21; 9112;    7737 
21; 9312;    9210 
21; 9511;   11147 
21; 9711;   12559 
21; 9911;   14275 
22; 0110;   15848 
22; 0310;   17438 
22; 0510;   19043 
22; 0710;   20183 
22; 0909;   21339 
22; 1109;   22453 
22; 1309;   23184 
22; 1509;   23012 
22; 1708;   23070 
22; 1908;   22035 
22; 2108;   21145 
22; 2308;   19555 
22; 2507;   17879 
22; 2707;   15817 
22; 2907;   13324 
22; 3107;   11399 
22; 3306;    9100 
22; 3506;    7249 
22; 3706;    5414 
22; 3906;    4219 
22; 4105;    3108 
22; 4305;    2208 
22; 4505;    1553 
22; 4704;    1085 
22; 4904;     801 
22; 5104;     548 
22; 5304;     414 
22; 5503;     301 
22; 5703;     282 
22; 5903;     228 
22; 6103;     229 
22; 6302;     210 
22; 6502;     184 
22; 6702;     218 
22; 6902;     196 
22; 7101;     202 
22; 7301;     195 
22; 7501;     192 
22; 7701;     208 
22; 7900;     181 
22; 8100;     184 
22; 8300;     188 
22; 8499;     153 
22; 8699;     148 
22; 8899;     158 
22; 9099;     139 
22; 9298;     128 
22; 9498;     132 
22; 9698;     103 
22; 9898;     130 
23; 0097;      99 
23; 0297;     126 
23; 0497;     113 
23; 0697;     101 
23; 0896;     109 
23; 1096;     115 
23; 1296;      95 
23; 1496;     124 
23; 1695;      90 
23; 1895;     116 
23; 2095;     125 
23; 2294;      96 
23; 2494;     122 
23; 2694;     104 
23; 2894;      90 
23; 3093;      80 
23; 3293;     106 
23; 3493;      88 
23; 3693;      84 
23; 3892;      78 
23; 4092;      82 
23; 4292;      82 
23; 4492;      92 
23; 4691;      88 
23; 4891;      87 
23; 5091;      84 
23; 5291;      87 
23; 5490;      92 
23; 5690;      80 
23; 5890;      98 
23; 6089;      78 
23; 6289;      80 
23; 6489;      98 
23; 6689;      73 
23; 6888;     118 
23; 7088;     107 
23; 7288;      99 
23; 7488;     111 
23; 7687;     102 
23; 7887;      99 
23; 8087;     109 
23; 8287;     101 
23; 8486;     119 
23; 8686;     104 
23; 8886;     107 
23; 9086;     114 
23; 9285;     110 
23; 9485;     103 
23; 9685;     113 
23; 9884;      93 
24; 0084;      75 
24; 0284;      84 
24; 0484;      60 
24; 0683;      93 
24; 0883;      81 
24; 1083;      67 
24; 1283;      92 
24; 1482;      64 
24; 1682;      81 
24; 1882;      76 
24; 2082;      78 
24; 2281;      89 
24; 2481;      84 
24; 2681;      67 
24; 2881;      85 
24; 3080;      81 
24; 3280;      86 
24; 3480;      97 
24; 3679;      95 
24; 3879;      84 
24; 4079;      98 
24; 4279;      74 
24; 4478;      90 
24; 4678;      66 
24; 4878;      94 
24; 5078;     112 
24; 5277;      93 
24; 5477;     121 
24; 5677;      94 
24; 5877;     121 
24; 6076;     134 
24; 6276;     188 
24; 6476;     208 
24; 6676;     299 
24; 6875;     368 
24; 7075;     474 
24; 7275;     614 
24; 7475;     839 
24; 7674;    1051 
24; 7874;    1355 
24; 8074;    1649 
24; 8273;    2113 
24; 8473;    2380 
24; 8673;    2739 
24; 8873;    3085 
24; 9072;    3451 
24; 9272;    3635 
24; 9472;    3694 
24; 9672;    3838 
24; 9871;    3826 
25; 0071;    3557 
25; 0271;    3325 
25; 0471;    3054 
25; 0670;    2685 
25; 0870;    2220 
25; 1070;    1959 
25; 1270;    1598 
25; 1469;    1294 
25; 1669;    1028 
25; 1869;     771 
25; 2068;     658 
25; 2268;     509 
25; 2468;     440 
25; 2668;     385 
25; 2867;     356 
25; 3067;     365 
25; 3267;     391 
25; 3467;     415 
25; 3666;     491 
25; 3866;     501 
25; 4066;     575 
25; 4266;     582 
25; 4465;     650 
25; 4665;     672 
25; 4865;     710 
25; 5065;     679 
25; 5264;     663 
25; 5464;     606 
25; 5664;     563 
25; 5863;     454 
25; 6063;     379 
25; 6263;     358 
25; 6463;     273 
25; 6662;     220 
25; 6862;     186 
25; 7062;     127 
25; 7262;      93 
25; 7461;      84 
25; 7661;      70 
25; 7861;      47 
25; 8061;      41 
25; 8260;      31 
25; 8460;      35 
25; 8660;      27 
25; 8860;      24 
25; 9059;      23 
25; 9259;      16 
25; 9459;      20 
25; 9658;      20 
25; 9858;      18 
26; 0058;      24 
26; 0258;      28 
26; 0457;      26 
26; 0657;      20 
26; 0857;      15 
26; 1057;      25 
26; 1256;      22 
26; 1456;      19 
26; 1656;      23 
26; 1856;      19 
26; 2055;      20 
26; 2255;      16 
26; 2455;      21 
26; 2655;      30 
26; 2854;      30 
26; 3054;      28 
26; 3254;      20 
26; 3453;      28 
26; 3653;      27 
26; 3853;      30 
26; 4053;      32 
26; 4252;      29 
26; 4452;      31 
26; 4652;      22 
26; 4852;      14 
26; 5051;      20 
26; 5251;      20 
26; 5451;      24 
26; 5651;      28 
26; 5850;      13 
26; 6050;      19 
26; 6250;      12 
26; 6450;      19 
26; 6649;      17 
26; 6849;      17 
26; 7049;      18 
26; 7249;      18 
26; 7448;      17 
26; 7648;      16 
26; 7848;      27 
26; 8047;      18 
26; 8247;      16 
26; 8447;      12 
26; 8647;      17 
26; 8846;      14 
26; 9046;      11 
26; 9246;      16 
26; 9446;      10 
26; 9645;      10 
26; 9845;      22 
27; 0045;      22 
27; 0245;      18 
27; 0444;      16 
27; 0644;      16 
27; 0844;      16 
27; 1044;      14 
27; 1243;      18 
27; 1443;      16 
27; 1643;      18 
27; 1842;      15 
27; 2042;      15 
27; 2242;      10 
27; 2442;      18 
27; 2641;      14 
27; 2841;      14 
27; 3041;      14 
27; 3241;      15 
27; 3440;      16 
27; 3640;      19 
27; 3840;      12 
27; 4040;      12 
27; 4239;      17 
27; 4439;       9 
27; 4639;       8 
27; 4839;       8 
27; 5038;      14 
27; 5238;      14 
27; 5438;      17 
27; 5637;      10 
27; 5837;      12 
27; 6037;      19 
27; 6237;      11 
27; 6436;      20 
27; 6636;      12 
27; 6836;      10 
27; 7036;      13 
27; 7235;      18 
27; 7435;      14 
27; 7635;      11 
27; 7835;      15 
27; 8034;      11 
27; 8234;      15 
27; 8434;      12 
27; 8634;      26 
27; 8833;      13 
27; 9033;      13 
27; 9233;      12 
27; 9432;      17 
27; 9632;      14 
27; 9832;      17 
28; 0032;      10 
28; 0231;      10 
28; 0431;      17 
28; 0631;      13 
28; 0831;      20 
28; 1030;      24 
28; 1230;      15 
28; 1430;      16 
28; 1630;      20 
28; 1829;      15 
28; 2029;      18 
28; 2229;      17 
28; 2429;      17 
28; 2628;      16 
28; 2828;      18 
28; 3028;      17 
28; 3227;      15 
28; 3427;      21 
28; 3627;      33 
28; 3827;      19 
28; 4026;      11 
28; 4226;      25 
28; 4426;      22 
28; 4626;      30 
28; 4825;      11 
28; 5025;      18 
28; 5225;      29 
28; 5425;      26 
28; 5624;      28 
28; 5824;      27 
28; 6024;      12 
28; 6224;      26 
28; 6423;      24 
28; 6623;      28 
28; 6823;      22 
28; 7022;      24 
28; 7222;      14 
28; 7422;      17 
28; 7622;      12 
28; 7821;      20 
28; 8021;      13 
28; 8221;      19 
28; 8421;      11 
28; 8620;       9 
28; 8820;      17 
28; 9020;       8 
28; 9220;       9 
28; 9419;      14 
28; 9619;       7 
28; 9819;      13 
29; 0019;      16 
29; 0218;      18 
29; 0418;       9 
29; 0618;       6 
29; 0818;      20 
29; 1017;      14 
29; 1217;       3 
29; 1417;      13 
29; 1616;       7 
29; 1816;      16 
29; 2016;      10 
29; 2216;       8 
29; 2415;      13 
29; 2615;       8 
29; 2815;      13 
29; 3015;      14 
29; 3214;      13 
29; 3414;      17 
29; 3614;      14 
29; 3814;      23 
29; 4013;      11 
29; 4213;      10 
29; 4413;      12 
29; 4613;      14 
29; 4812;      21 
29; 5012;       9 
29; 5212;       8 
29; 5411;      13 
29; 5611;      12 
29; 5811;      11 
29; 6011;      16 
29; 6210;      19 
29; 6410;      18 
29; 6610;      16 
29; 6810;      22 
29; 7009;      14 
29; 7209;      19 
29; 7409;      13 
29; 7609;      14 
29; 7808;      17 
29; 8008;      17 
29; 8208;      13 
29; 8408;      18 
29; 8607;      19 
29; 8807;      20 
29; 9007;      11 
29; 9206;      17 
29; 9406;      25 
29; 9606;      20 
29; 9806;      31 
30; 0005;      34 
30; 0205;      21 
30; 0405;      28 
30; 0605;      34 
30; 0804;      30 
30; 1004;      49 
30; 1204;      51 
30; 1404;      55 
30; 1603;      50 
30; 1803;      42 
30; 2003;      56 
30; 2203;      67 
30; 2402;      54 
30; 2602;      41 
30; 2802;      50 
30; 3001;      50 
30; 3201;      44 
30; 3401;      53 
30; 3601;      21 
30; 3800;      26 
30; 4000;      26 
30; 4200;      31 
30; 4400;      11 
30; 4599;      26 
30; 4799;      13 
30; 4999;      23 
30; 5199;      23 
30; 5398;      11 
30; 5598;       9 
30; 5798;       7 
30; 5998;      13 
30; 6197;       8 
30; 6397;      12 
30; 6597;      14 
30; 6796;      14 
30; 6996;      19 
30; 7196;       6 
30; 7396;       7 
30; 7595;      12 
30; 7795;       7 
30; 7995;      15 
30; 8195;      15 
30; 8394;      11 
30; 8594;      15 
30; 8794;       9 
30; 8994;      18 
30; 9193;       7 
30; 9393;      12 
30; 9593;       8 
30; 9793;      11 
30; 9992;      17 
31; 0192;      14 
31; 0392;      10 
31; 0591;      19 
31; 0791;      17 
31; 0991;      12 
31; 1191;      13 
31; 1390;      19 
31; 1590;      14 
31; 1790;      11 
31; 1990;       9 
31; 2189;      22 
31; 2389;      11 
31; 2589;      12 
31; 2789;      11 
31; 2988;      19 
31; 3188;      10 
31; 3388;      11 
31; 3588;       8 
31; 3787;      10 
31; 3987;       9 
31; 4187;       7 
31; 4387;      10 
31; 4586;      15 
31; 4786;      12 
31; 4986;       8 
31; 5185;       9 
31; 5385;       5 
31; 5585;       7 
31; 5785;       8 
31; 5984;       8 
31; 6184;      11 
31; 6384;       7 
31; 6584;       9 
31; 6783;      11 
31; 6983;       8 
31; 7183;       9 
31; 7383;       7 
31; 7582;       9 
31; 7782;       4 
31; 7982;       5 
31; 8182;       9 
31; 8381;       6 
31; 8581;       5 
31; 8781;      11 
31; 8980;       8 
31; 9180;      11 
31; 9380;       7 
31; 9580;       6 
31; 9779;      11 
31; 9979;       8 
32; 0179;      10 
32; 0379;       6 
32; 0578;       6 
32; 0778;       5 
32; 0978;      11 
32; 1178;       3 
32; 1377;       7 
32; 1577;       9 
32; 1777;      11 
32; 1977;       8 
32; 2176;       5 
32; 2376;       4 
32; 2576;       7 
32; 2775;       7 
32; 2975;       5 
32; 3175;       8 
32; 3375;       8 
32; 3574;       6 
32; 3774;       8 
32; 3974;       6 
32; 4174;       6 
32; 4373;      11 
32; 4573;       9 
32; 4773;       5 
32; 4973;       6 
32; 5172;       4 
32; 5372;       9 
32; 5572;       7 
32; 5772;       6 
32; 5971;       7 
32; 6171;       3 
32; 6371;       7 
32; 6570;       6 
32; 6770;       7 
32; 6970;       5 
32; 7170;       7 
32; 7369;       6 
32; 7569;       6 
32; 7769;       4 
32; 7969;       4 
32; 8168;       7 
32; 8368;      14 
32; 8568;       7 
32; 8768;      10 
32; 8967;       5 
32; 9167;      13 
32; 9367;      10 
32; 9567;      14 
32; 9766;       6 
32; 9966;      15 
33; 0166;      18 
33; 0365;       8 
33; 0565;      15 
33; 0765;      13 
33; 0965;      10 
33; 1164;       8 
33; 1364;      12 
33; 1564;       9 
33; 1764;      11 
33; 1963;      11 
33; 2163;       9 
33; 2363;       8 
33; 2563;       8 
33; 2762;       6 
33; 2962;       6 
33; 3162;       8 
33; 3362;       6 
33; 3561;       8 
33; 3761;       8 
33; 3961;       7 
33; 4160;       7 
33; 4360;       3 
33; 4560;      11 
33; 4760;       3 
33; 4959;       9 
33; 5159;       4 
33; 5359;       9 
33; 5559;       9 
33; 5758;       2 
33; 5958;       7 
33; 6158;      12 
33; 6358;       6 
33; 6557;       4 
33; 6757;       3 
33; 6957;       4 
33; 7157;       4 
33; 7356;       7 
33; 7556;       5 
33; 7756;       3 
33; 7956;       3 
33; 8155;       3 
33; 8355;       2 
33; 8555;       8 
33; 8754;       3 
33; 8954;       6 
33; 9154;       4 
33; 9354;       6 
33; 9553;       8 
33; 9753;       6 
33; 9953;       4 
34; 0153;       5 
34; 0352;       4 
34; 0552;       3 
34; 0752;       3 
34; 0952;       5 
34; 1151;       7 
34; 1351;       3 
34; 1551;       1 
34; 1751;       4 
34; 1950;       4 
34; 2150;       5 
34; 2350;       4 
34; 2549;       5 
34; 2749;       2 
34; 2949;       3 
34; 3149;       2 
34; 3348;       3 
34; 3548;       4 
34; 3748;       5 
34; 3948;       2 
34; 4147;       8 
34; 4347;       6 
34; 4547;       2 
34; 4747;       3 
34; 4946;       5 
34; 5146;       6 
34; 5346;       2 
34; 5546;       6 
34; 5745;       3 
34; 5945;       5 
34; 6145;       2 
34; 6344;       2 
34; 6544;       5 
34; 6744;       6 
34; 6944;       4 
34; 7143;       2 
34; 7343;       4 
34; 7543;       4 
34; 7743;       2 
34; 7942;       1 
34; 8142;       6 
34; 8342;       1 
34; 8542;       3 
34; 8741;       0 
34; 8941;       2 
34; 9141;       3 
34; 9341;       8 
34; 9540;       3 
34; 9740;       1 
34; 9940;       2 
35; 0139;       5 
35; 0339;       2 
35; 0539;       4 
35; 0739;       2 
35; 0938;       6 
35; 1138;       6 
35; 1338;       4 
35; 1538;       3 
35; 1737;       1 
35; 1937;       2 
35; 2137;       4 
35; 2337;       5 
35; 2536;       5 
35; 2736;       5 
35; 2936;       4 
35; 3136;       2 
35; 3335;       3 
35; 3535;       6 
35; 3735;       2 
35; 3934;       1 
35; 4134;       1 
35; 4334;       5 
35; 4534;       3 
35; 4733;       2 
35; 4933;       5 
35; 5133;       1 
35; 5333;       4 
35; 5532;       3 
35; 5732;       2 
35; 5932;       4 
35; 6132;       2 
35; 6331;       4 
35; 6531;       3 
35; 6731;       2 
35; 6931;       1 
35; 7130;       1 
35; 7330;       1 
35; 7530;       1 
35; 7729;       0 
35; 7929;       2 
35; 8129;       0 
35; 8329;       1 
35; 8528;       3 
35; 8728;       0 
35; 8928;       2 
35; 9128;       3 
35; 9327;       0 
35; 9527;       1 
35; 9727;       2 
35; 9927;       3 
36; 0126;       1 
36; 0326;       2 
36; 0526;       3 
36; 0726;       3 
36; 0925;       4 
36; 1125;       0 
36; 1325;       0 
36; 1525;       0 
36; 1724;       2 
36; 1924;       4 
36; 2124;       0 
36; 2323;       3 
36; 2523;       1 
36; 2723;       1 
36; 2923;       2 
36; 3122;       1 
36; 3322;       2 
36; 3522;       2 
36; 3722;       5 
36; 3921;       3 
36; 4121;       1 
36; 4321;       0 
36; 4521;       1 
36; 4720;       3 
36; 4920;       4 
36; 5120;       0 
36; 5320;       1 
36; 5519;       2 
36; 5719;       2 
36; 5919;       2 
36; 6118;       4 
36; 6318;       3 
36; 6518;       3 
36; 6718;       2 
36; 6917;       2 
36; 7117;       2 
36; 7317;       2 
36; 7517;       2 
36; 7716;       2 
36; 7916;       2 
36; 8116;       1 
36; 8316;       0 
36; 8515;       0 
36; 8715;       0 
36; 8915;       1 
36; 9115;       3 
36; 9314;       3 
36; 9514;       6 
36; 9714;       3 
36; 9913;       2 
37; 0113;       2 
37; 0313;       2 
37; 0513;       0 
37; 0712;       0 
37; 0912;       3 
37; 1112;       1 
37; 1312;       0 
37; 1511;       3 
37; 1711;       3 
37; 1911;       1 
37; 2111;       0 
37; 2310;       4 
37; 2510;       3 
37; 2710;       1 
37; 2910;       1 
37; 3109;       0 
37; 3309;       0 
37; 3509;       3 
37; 3708;       0 
37; 3908;       2 
37; 4108;       1 
37; 4308;       1 
37; 4507;       1 
37; 4707;       0 
37; 4907;       1 
37; 5107;       0 
37; 5306;       2 
37; 5506;       2 
37; 5706;       1 
37; 5906;       1 
37; 6105;       1 
37; 6305;       2 
37; 6505;       1 
37; 6705;       1 
37; 6904;       0 
37; 7104;       0 
37; 7304;       2 
37; 7503;       1 
37; 7703;       2 
37; 7903;       0 
37; 8103;       1 
37; 8302;       2 
37; 8502;       1 
37; 8702;       0 
37; 8902;       0 
37; 9101;       2 
37; 9301;       0 
37; 9501;       1 
37; 9701;       1 
37; 9900;       1 
38; 0100;       0 
38; 0300;       2 
38; 0500;       1 
38; 0699;       4 
38; 0899;       2 
38; 1099;       1 
38; 1298;       4 
38; 1498;       0 
38; 1698;       0 
38; 1898;       4 
38; 2097;       1 
38; 2297;       4 
38; 2497;       1 
38; 2697;       1 
38; 2896;       3 
38; 3096;       0 
38; 3296;       1 
38; 3496;       1 
38; 3695;       2 
38; 3895;       2 
38; 4095;       1 
38; 4295;       3 
38; 4494;       1 
38; 4694;       1 
38; 4894;       0 
38; 5094;       3 
38; 5293;       2 
38; 5493;       2 
38; 5693;       0 
38; 5892;       1 
38; 6092;       0 
38; 6292;       0 
38; 6492;       0 
38; 6691;       2 
38; 6891;       0 
38; 7091;       0 
38; 7291;       0 
38; 7490;       1 
38; 7690;       1 
38; 7890;       1 
38; 8090;       4 
38; 8289;       0 
38; 8489;       1 
38; 8689;       2 
38; 8889;       0 
38; 9088;       0 
38; 9288;       2 
38; 9488;       0 
38; 9687;       1 
38; 9887;       3 
39; 0087;       0 
39; 0287;       1 
39; 0486;       0 
39; 0686;       2 
39; 0886;       1 
39; 1086;       2 
39; 1285;       0 
39; 1485;       0 
39; 1685;       1 
39; 1885;       4 
39; 2084;       2 
39; 2284;       0 
39; 2484;       0 
39; 2684;       0 
39; 2883;       0 
39; 3083;       1 
39; 3283;       1 
39; 3482;       0 
39; 3682;       3 
39; 3882;       0 
39; 4082;       1 
39; 4281;       1 
39; 4481;       0 
39; 4681;       1 
39; 4881;       0 
39; 5080;       1 
39; 5280;       0 
39; 5480;       1 
39; 5680;       0 
39; 5879;       1 
39; 6079;       1 
39; 6279;       3 
39; 6479;       0 
39; 6678;       0 
39; 6878;       0 
39; 7078;       0 
39; 7277;       0 
39; 7477;       0 
39; 7677;       1 
39; 7877;       0 
39; 8076;       1 
39; 8276;       1 
39; 8476;       3 
39; 8676;       1 
39; 8875;       1 
39; 9075;       1 
39; 9275;       1 
39; 9475;       0 
39; 9674;       0 
39; 9874;       1 
40; 0074;       0 
40; 0274;       0 
40; 0473;       2 
40; 0673;       0 
40; 0873;       0 
40; 1072;       0 
40; 1272;       1 
40; 1472;       1 
40; 1672;       1 
40; 1871;       1 
40; 2071;       1 
40; 2271;       0 
40; 2471;       1 
40; 2670;       0 
40; 2870;       1 
40; 3070;       1 
40; 3270;       0 
40; 3469;       2 
40; 3669;       2 
40; 3869;       0 
40; 4069;       0 
40; 4268;       3 
40; 4468;       1 
40; 4668;       0 
40; 4867;       0 
40; 5067;       1 
40; 5267;       1 
40; 5467;       0 
40; 5666;       2 
40; 5866;       2 
40; 6066;       0 
40; 6266;       0 
40; 6465;       1 
40; 6665;       0 
40; 6865;       2 
40; 7065;       1 
40; 7264;       1 
40; 7464;       1 
40; 7664;       0 
40; 7864;       2 
40; 8063;       1 
40; 8263;       0 
40; 8463;       0 
40; 8663;       1 
40; 8862;       1 
