0; 0000;     212 
0; 0200;     229 
0; 0399;     166 
0; 0599;      96 
0; 0799;      52 
0; 0999;      31 
0; 1198;      15 
0; 1398;       9 
0; 1598;       3 
0; 1798;       1 
0; 1997;       0 
0; 2197;       0 
0; 2397;       0 
0; 2597;       0 
0; 2796;       0 
0; 2996;       0 
0; 3196;       0 
0; 3396;       0 
0; 3595;       0 
0; 3795;       0 
0; 3995;       0 
0; 4195;       0 
0; 4394;       0 
0; 4594;       0 
0; 4794;       0 
0; 4994;       0 
0; 5193;       0 
0; 5393;       1 
0; 5593;       4 
0; 5792;      19 
0; 5992;      56 
0; 6192;     132 
0; 6392;     203 
0; 6591;     237 
0; 6791;     221 
0; 6991;     207 
0; 7191;     204 
0; 7390;     230 
0; 7590;     245 
0; 7790;     190 
0; 7990;     202 
0; 8189;     201 
0; 8389;     188 
0; 8589;     208 
0; 8789;     182 
0; 8988;     195 
0; 9188;     183 
0; 9388;     195 
0; 9588;     179 
0; 9787;     194 
0; 9987;     180 
1; 0187;     182 
1; 0387;     182 
1; 0586;     162 
1; 0786;     165 
1; 0986;     160 
1; 1185;     162 
1; 1385;     158 
1; 1585;     175 
1; 1785;     171 
1; 1984;     173 
1; 2184;     169 
1; 2384;     152 
1; 2584;     145 
1; 2783;     145 
1; 2983;     162 
1; 3183;     151 
1; 3383;     126 
1; 3582;     150 
1; 3782;     147 
1; 3982;     153 
1; 4182;     154 
1; 4381;     132 
1; 4581;     146 
1; 4781;     140 
1; 4981;     167 
1; 5180;     141 
1; 5380;     130 
1; 5580;     154 
1; 5780;     133 
1; 5979;     144 
1; 6179;     168 
1; 6379;     119 
1; 6578;     151 
1; 6778;     158 
1; 6978;     150 
1; 7178;     180 
1; 7377;     172 
1; 7577;     160 
1; 7777;     175 
1; 7977;     161 
1; 8176;     141 
1; 8376;     149 
1; 8576;     153 
1; 8776;     151 
1; 8975;     145 
1; 9175;     146 
1; 9375;     140 
1; 9575;     157 
1; 9774;     167 
1; 9974;     163 
2; 0174;     167 
2; 0374;     165 
2; 0573;     154 
2; 0773;     165 
2; 0973;     181 
2; 1173;     166 
2; 1372;     146 
2; 1572;     160 
2; 1772;     183 
2; 1971;     210 
2; 2171;     186 
2; 2371;     205 
2; 2571;     199 
2; 2770;     231 
2; 2970;     236 
2; 3170;     235 
2; 3370;     272 
2; 3569;     228 
2; 3769;     204 
2; 3969;     244 
2; 4169;     241 
2; 4368;     212 
2; 4568;     211 
2; 4768;     236 
2; 4968;     238 
2; 5167;     270 
2; 5367;     311 
2; 5567;     346 
2; 5767;     466 
2; 5966;     538 
2; 6166;     654 
2; 6366;     754 
2; 6566;     809 
2; 6765;     817 
2; 6965;     838 
2; 7165;     861 
2; 7364;     782 
2; 7564;     758 
2; 7764;     713 
2; 7964;     705 
2; 8163;     750 
2; 8363;     741 
2; 8563;     753 
2; 8763;     786 
2; 8962;     758 
2; 9162;     725 
2; 9362;     738 
2; 9562;     669 
2; 9761;     644 
2; 9961;     519 
3; 0161;     514 
3; 0361;     415 
3; 0560;     382 
3; 0760;     351 
3; 0960;     314 
3; 1160;     278 
3; 1359;     281 
3; 1559;     255 
3; 1759;     262 
3; 1959;     300 
3; 2158;     265 
3; 2358;     304 
3; 2558;     315 
3; 2757;     303 
3; 2957;     343 
3; 3157;     294 
3; 3357;     270 
3; 3556;     296 
3; 3756;     285 
3; 3956;     265 
3; 4156;     257 
3; 4355;     269 
3; 4555;     228 
3; 4755;     251 
3; 4955;     220 
3; 5154;     258 
3; 5354;     239 
3; 5554;     299 
3; 5754;     293 
3; 5953;     357 
3; 6153;     365 
3; 6353;     438 
3; 6553;     496 
3; 6752;     522 
3; 6952;     547 
3; 7152;     480 
3; 7352;     485 
3; 7551;     436 
3; 7751;     378 
3; 7951;     332 
3; 8150;     286 
3; 8350;     313 
3; 8550;     296 
3; 8750;     288 
3; 8949;     260 
3; 9149;     287 
3; 9349;     294 
3; 9549;     310 
3; 9748;     303 
3; 9948;     271 
4; 0148;     289 
4; 0348;     277 
4; 0547;     294 
4; 0747;     291 
4; 0947;     271 
4; 1147;     277 
4; 1346;     263 
4; 1546;     252 
4; 1746;     256 
4; 1946;     238 
4; 2145;     243 
4; 2345;     253 
4; 2545;     242 
4; 2745;     259 
4; 2944;     242 
4; 3144;     243 
4; 3344;     279 
4; 3543;     259 
4; 3743;     276 
4; 3943;     275 
4; 4143;     288 
4; 4342;     333 
4; 4542;     363 
4; 4742;     321 
4; 4942;     347 
4; 5141;     349 
4; 5341;     331 
4; 5541;     307 
4; 5741;     336 
4; 5940;     311 
4; 6140;     322 
4; 6340;     288 
4; 6540;     298 
4; 6739;     280 
4; 6939;     295 
4; 7139;     313 
4; 7339;     282 
4; 7538;     299 
4; 7738;     267 
4; 7938;     321 
4; 8138;     312 
4; 8337;     332 
4; 8537;     284 
4; 8737;     334 
4; 8936;     304 
4; 9136;     340 
4; 9336;     332 
4; 9536;     332 
4; 9735;     339 
4; 9935;     316 
5; 0135;     312 
5; 0335;     290 
5; 0534;     308 
5; 0734;     309 
5; 0934;     335 
5; 1134;     330 
5; 1333;     334 
5; 1533;     311 
5; 1733;     319 
5; 1933;     320 
5; 2132;     365 
5; 2332;     350 
5; 2532;     353 
5; 2732;     360 
5; 2931;     358 
5; 3131;     374 
5; 3331;     330 
5; 3531;     386 
5; 3730;     456 
5; 3930;     393 
5; 4130;     395 
5; 4329;     384 
5; 4529;     409 
5; 4729;     431 
5; 4929;     445 
5; 5128;     407 
5; 5328;     394 
5; 5528;     451 
5; 5728;     452 
5; 5927;     443 
5; 6127;     448 
5; 6327;     463 
5; 6527;     424 
5; 6726;     455 
5; 6926;     398 
5; 7126;     436 
5; 7326;     443 
5; 7525;     452 
5; 7725;     439 
5; 7925;     420 
5; 8125;     467 
5; 8324;     463 
5; 8524;     478 
5; 8724;     432 
5; 8924;     462 
5; 9123;     425 
5; 9323;     458 
5; 9523;     465 
5; 9722;     438 
5; 9922;     498 
6; 0122;     452 
6; 0322;     478 
6; 0521;     527 
6; 0721;     525 
6; 0921;     511 
6; 1121;     558 
6; 1320;     529 
6; 1520;     600 
6; 1720;     747 
6; 1920;     760 
6; 2119;     901 
6; 2319;    1056 
6; 2519;    1182 
6; 2719;    1360 
6; 2918;    1513 
6; 3118;    1684 
6; 3318;    1855 
6; 3518;    2076 
6; 3717;    2138 
6; 3917;    2184 
6; 4117;    2034 
6; 4317;    2052 
6; 4516;    1749 
6; 4716;    1628 
6; 4916;    1333 
6; 5115;    1140 
6; 5315;    1013 
6; 5515;     905 
6; 5715;     785 
6; 5914;     740 
6; 6114;     740 
6; 6314;     721 
6; 6514;     720 
6; 6713;     684 
6; 6913;     686 
6; 7113;     716 
6; 7313;     704 
6; 7512;     698 
6; 7712;     706 
6; 7912;     704 
6; 8112;     766 
6; 8311;     733 
6; 8511;     738 
6; 8711;     762 
6; 8911;     769 
6; 9110;     791 
6; 9310;     758 
6; 9510;     833 
6; 9710;     850 
6; 9909;     864 
7; 0109;     840 
7; 0309;     916 
7; 0508;     857 
7; 0708;     889 
7; 0908;     905 
7; 1108;     866 
7; 1307;     918 
7; 1507;     830 
7; 1707;     810 
7; 1907;     757 
7; 2106;     764 
7; 2306;     790 
7; 2506;     845 
7; 2706;     841 
7; 2905;     829 
7; 3105;     939 
7; 3305;     961 
7; 3505;     969 
7; 3704;     982 
7; 3904;    1115 
7; 4104;    1103 
7; 4304;    1148 
7; 4503;    1204 
7; 4703;    1220 
7; 4903;    1223 
7; 5103;    1218 
7; 5302;    1220 
7; 5502;    1263 
7; 5702;    1243 
7; 5901;    1287 
7; 6101;    1238 
7; 6301;    1258 
7; 6501;    1298 
7; 6700;    1301 
7; 6900;    1486 
7; 7100;    1642 
7; 7300;    1821 
7; 7499;    2090 
7; 7699;    2589 
7; 7899;    3528 
7; 8099;    5417 
7; 8298;    8563 
7; 8498;   13741 
7; 8698;   22576 
7; 8898;   35755 
7; 9097;   53709 
7; 9297;   78036 
7; 9497;  106982 
7; 9697;  137136 
7; 9896;  165983 
8; 0096;  190977 
8; 0296;  206493 
8; 0496;  209288 
8; 0695;  202229 
8; 0895;  182766 
8; 1095;  156621 
8; 1294;  125946 
8; 1494;   95792 
8; 1694;   68530 
8; 1894;   46374 
8; 2093;   29869 
8; 2293;   18589 
8; 2493;   11220 
8; 2693;    6687 
8; 2892;    4174 
8; 3092;    2687 
8; 3292;    1922 
8; 3492;    1498 
8; 3691;    1354 
8; 3891;    1187 
8; 4091;    1147 
8; 4291;    1116 
8; 4490;    1119 
8; 4690;    1147 
8; 4890;    1339 
8; 5090;    1379 
8; 5289;    1463 
8; 5489;    1642 
8; 5689;    1742 
8; 5889;    2002 
8; 6088;    2123 
8; 6288;    2326 
8; 6488;    2532 
8; 6687;    2723 
8; 6887;    3178 
8; 7087;    3832 
8; 7287;    5082 
8; 7486;    6756 
8; 7686;    9078 
8; 7886;   12363 
8; 8086;   16146 
8; 8285;   20606 
8; 8485;   24533 
8; 8685;   27980 
8; 8885;   30772 
8; 9084;   31540 
8; 9284;   30976 
8; 9484;   28573 
8; 9684;   24611 
8; 9883;   20567 
9; 0083;   16248 
9; 0283;   12036 
9; 0483;    8485 
9; 0682;    5859 
9; 0882;    3707 
9; 1082;    2496 
9; 1282;    1462 
9; 1481;     940 
9; 1681;     644 
9; 1881;     466 
9; 2080;     383 
9; 2280;     345 
9; 2480;     281 
9; 2680;     225 
9; 2879;     269 
9; 3079;     254 
9; 3279;     238 
9; 3479;     244 
9; 3678;     260 
9; 3878;     226 
9; 4078;     224 
9; 4278;     235 
9; 4477;     247 
9; 4677;     227 
9; 4877;     225 
9; 5077;     232 
9; 5276;     253 
9; 5476;     262 
9; 5676;     241 
9; 5876;     262 
9; 6075;     254 
9; 6275;     236 
9; 6475;     250 
9; 6675;     223 
9; 6874;     214 
9; 7074;     201 
9; 7274;     188 
9; 7473;     194 
9; 7673;     185 
9; 7873;     176 
9; 8073;     192 
9; 8272;     158 
9; 8472;     176 
9; 8672;     191 
9; 8872;     176 
9; 9071;     202 
9; 9271;     172 
9; 9471;     171 
9; 9671;     173 
9; 9870;     193 
10; 0070;     225 
10; 0270;     175 
10; 0470;     162 
10; 0669;     162 
10; 0869;     194 
10; 1069;     161 
10; 1269;     173 
10; 1468;     164 
10; 1668;     161 
10; 1868;     178 
10; 2068;     146 
10; 2267;     191 
10; 2467;     151 
10; 2667;     157 
10; 2866;     175 
10; 3066;     161 
10; 3266;     184 
10; 3466;     169 
10; 3665;     182 
10; 3865;     195 
10; 4065;     184 
10; 4265;     250 
10; 4464;     260 
10; 4664;     332 
10; 4864;     330 
10; 5064;     336 
10; 5263;     372 
10; 5463;     387 
10; 5663;     392 
10; 5863;     363 
10; 6062;     359 
10; 6262;     325 
10; 6462;     324 
10; 6662;     256 
10; 6861;     235 
10; 7061;     224 
10; 7261;     206 
10; 7461;     194 
10; 7660;     194 
10; 7860;     183 
10; 8060;     193 
10; 8259;     163 
10; 8459;     182 
10; 8659;     170 
10; 8859;     158 
10; 9058;     169 
10; 9258;     171 
10; 9458;     163 
10; 9658;     162 
10; 9857;     157 
11; 0057;     184 
11; 0257;     121 
11; 0457;     158 
11; 0656;     134 
11; 0856;     147 
11; 1056;     145 
11; 1256;     146 
11; 1455;     147 
11; 1655;     155 
11; 1855;     129 
11; 2055;     139 
11; 2254;     142 
11; 2454;     143 
11; 2654;     161 
11; 2854;     158 
11; 3053;     128 
11; 3253;     138 
11; 3453;     144 
11; 3652;     156 
11; 3852;     129 
11; 4052;     124 
11; 4252;     123 
11; 4451;     136 
11; 4651;     148 
11; 4851;     142 
11; 5051;     134 
11; 5250;     115 
11; 5450;     133 
11; 5650;     145 
11; 5850;     133 
11; 6049;     138 
11; 6249;     131 
11; 6449;     145 
11; 6649;     139 
11; 6848;     137 
11; 7048;     149 
11; 7248;     167 
11; 7448;     161 
11; 7647;     146 
11; 7847;     141 
11; 8047;     166 
11; 8247;     137 
11; 8446;     138 
11; 8646;     146 
11; 8846;     122 
11; 9045;     125 
11; 9245;     142 
11; 9445;     115 
11; 9645;     120 
11; 9844;     143 
12; 0044;     117 
12; 0244;     127 
12; 0444;     128 
12; 0643;     133 
12; 0843;     144 
12; 1043;     124 
12; 1243;     117 
12; 1442;     117 
12; 1642;     126 
12; 1842;     123 
12; 2042;     135 
12; 2241;     125 
12; 2441;     129 
12; 2641;     130 
12; 2841;     127 
12; 3040;     128 
12; 3240;     114 
12; 3440;     136 
12; 3640;     132 
12; 3839;     140 
12; 4039;     139 
12; 4239;     136 
12; 4438;     147 
12; 4638;     157 
12; 4838;     192 
12; 5038;     159 
12; 5237;     194 
12; 5437;     249 
12; 5637;     238 
12; 5837;     260 
12; 6036;     265 
12; 6236;     238 
12; 6436;     251 
12; 6636;     260 
12; 6835;     239 
12; 7035;     230 
12; 7235;     218 
12; 7435;     165 
12; 7634;     154 
12; 7834;     147 
12; 8034;     135 
12; 8234;     121 
12; 8433;     149 
12; 8633;     129 
12; 8833;     118 
12; 9033;      99 
12; 9232;     116 
12; 9432;     112 
12; 9632;      91 
12; 9831;     108 
13; 0031;     112 
13; 0231;     129 
13; 0431;     111 
13; 0630;     138 
13; 0830;     114 
13; 1030;      89 
13; 1230;     107 
13; 1429;     109 
13; 1629;      87 
13; 1829;     101 
13; 2029;     106 
13; 2228;     105 
13; 2428;     115 
13; 2628;      91 
13; 2828;     105 
13; 3027;      99 
13; 3227;     104 
13; 3427;      93 
13; 3627;     110 
13; 3826;     100 
13; 4026;     113 
13; 4226;      98 
13; 4426;      96 
13; 4625;      90 
13; 4825;     103 
13; 5025;     131 
13; 5224;      98 
13; 5424;      95 
13; 5624;     129 
13; 5824;     100 
13; 6023;      97 
13; 6223;      98 
13; 6423;      80 
13; 6623;      97 
13; 6822;      97 
13; 7022;     102 
13; 7222;      93 
13; 7422;     107 
13; 7621;     110 
13; 7821;     101 
13; 8021;     114 
13; 8221;     101 
13; 8420;      97 
13; 8620;     103 
13; 8820;     108 
13; 9020;     116 
13; 9219;      99 
13; 9419;      95 
13; 9619;      86 
13; 9818;     108 
14; 0018;     109 
14; 0218;      81 
14; 0418;     112 
14; 0617;     101 
14; 0817;      99 
14; 1017;     100 
14; 1217;     118 
14; 1416;      90 
14; 1616;     103 
14; 1816;     115 
14; 2016;      97 
14; 2215;     119 
14; 2415;     109 
14; 2615;     106 
14; 2815;     138 
14; 3014;     139 
14; 3214;     143 
14; 3414;     151 
14; 3614;     133 
14; 3813;     138 
14; 4013;     153 
14; 4213;     143 
14; 4413;     161 
14; 4612;     160 
14; 4812;     180 
14; 5012;     141 
14; 5211;     161 
14; 5411;     159 
14; 5611;     155 
14; 5811;     129 
14; 6010;     119 
14; 6210;     117 
14; 6410;     114 
14; 6610;     133 
14; 6809;     120 
14; 7009;     129 
14; 7209;     111 
14; 7409;     140 
14; 7608;     119 
14; 7808;     140 
14; 8008;     133 
14; 8208;     127 
14; 8407;     129 
14; 8607;     121 
14; 8807;     128 
14; 9007;     109 
14; 9206;     101 
14; 9406;     114 
14; 9606;     113 
14; 9806;     105 
15; 0005;     112 
15; 0205;     126 
15; 0405;     111 
15; 0604;     101 
15; 0804;     132 
15; 1004;     112 
15; 1204;     118 
15; 1403;     119 
15; 1603;     107 
15; 1803;     107 
15; 2003;     122 
15; 2202;     106 
15; 2402;     114 
15; 2602;     123 
15; 2802;     106 
15; 3001;     105 
15; 3201;     114 
15; 3401;     112 
15; 3601;     101 
15; 3800;     134 
15; 4000;     115 
15; 4200;     115 
15; 4400;     107 
15; 4599;     128 
15; 4799;     118 
15; 4999;     111 
15; 5199;     102 
15; 5398;     112 
15; 5598;     108 
15; 5798;     102 
15; 5997;     124 
15; 6197;     120 
15; 6397;     133 
15; 6597;     109 
15; 6796;     115 
15; 6996;     117 
15; 7196;     124 
15; 7396;     131 
15; 7595;     140 
15; 7795;     131 
15; 7995;     146 
15; 8195;     189 
15; 8394;     215 
15; 8594;     305 
15; 8794;     340 
15; 8994;     486 
15; 9193;     663 
15; 9393;     829 
15; 9593;    1092 
15; 9793;    1432 
15; 9992;    1880 
16; 0192;    2156 
16; 0392;    2561 
16; 0592;    2927 
16; 0791;    3248 
16; 0991;    3456 
16; 1191;    3379 
16; 1390;    3192 
16; 1590;    3240 
16; 1790;    2882 
16; 1990;    2525 
16; 2189;    2186 
16; 2389;    1663 
16; 2589;    1373 
16; 2789;    1069 
16; 2988;     756 
16; 3188;     583 
16; 3388;     411 
16; 3588;     273 
16; 3787;     237 
16; 3987;     170 
16; 4187;     144 
16; 4387;     126 
16; 4586;     132 
16; 4786;     116 
16; 4986;      96 
16; 5186;      88 
16; 5385;     107 
16; 5585;     115 
16; 5785;     106 
16; 5985;     125 
16; 6184;     136 
16; 6384;     129 
16; 6584;     148 
16; 6783;     160 
16; 6983;     142 
16; 7183;     188 
16; 7383;     193 
16; 7582;     276 
16; 7782;     293 
16; 7982;     351 
16; 8182;     414 
16; 8381;     514 
16; 8581;     555 
16; 8781;     673 
16; 8981;     760 
16; 9180;     972 
16; 9380;     963 
16; 9580;    1040 
16; 9780;    1105 
16; 9979;    1028 
17; 0179;    1046 
17; 0379;     892 
17; 0579;     834 
17; 0778;     703 
17; 0978;     590 
17; 1178;     469 
17; 1378;     418 
17; 1577;     324 
17; 1777;     219 
17; 1977;     185 
17; 2176;     146 
17; 2376;      96 
17; 2576;      89 
17; 2776;      88 
17; 2975;      74 
17; 3175;      63 
17; 3375;      58 
17; 3575;      59 
17; 3774;      53 
17; 3974;      77 
17; 4174;      64 
17; 4374;      53 
17; 4573;      50 
17; 4773;      65 
17; 4973;      58 
17; 5173;      71 
17; 5372;      69 
17; 5572;      74 
17; 5772;      57 
17; 5972;      58 
17; 6171;      62 
17; 6371;      82 
17; 6571;      76 
17; 6771;      84 
17; 6970;      99 
17; 7170;     116 
17; 7370;     108 
17; 7569;      95 
17; 7769;     144 
17; 7969;     131 
17; 8169;     132 
17; 8368;     133 
17; 8568;     121 
17; 8768;     121 
17; 8968;     113 
17; 9167;     121 
17; 9367;     120 
17; 9567;     101 
17; 9767;      77 
17; 9966;      73 
18; 0166;      68 
18; 0366;      57 
18; 0566;      43 
18; 0765;      56 
18; 0965;      53 
18; 1165;      60 
18; 1365;      56 
18; 1564;      54 
18; 1764;      42 
18; 1964;      55 
18; 2164;      66 
18; 2363;      68 
18; 2563;      59 
18; 2763;      64 
18; 2962;      60 
18; 3162;      68 
18; 3362;      50 
18; 3562;      63 
18; 3761;      48 
18; 3961;      77 
18; 4161;      54 
18; 4361;      50 
18; 4560;      74 
18; 4760;      56 
18; 4960;      69 
18; 5160;      80 
18; 5359;      71 
18; 5559;      67 
18; 5759;      54 
18; 5959;      96 
18; 6158;      89 
18; 6358;     101 
18; 6558;      80 
18; 6758;      96 
18; 6957;      84 
18; 7157;      80 
18; 7357;      84 
18; 7557;      93 
18; 7756;      85 
18; 7956;     105 
18; 8156;      94 
18; 8355;     114 
18; 8555;     107 
18; 8755;     119 
18; 8955;     117 
18; 9154;     120 
18; 9354;     121 
18; 9554;     129 
18; 9754;     113 
18; 9953;     138 
19; 0153;     134 
19; 0353;     110 
19; 0553;     140 
19; 0752;     132 
19; 0952;     120 
19; 1152;     123 
19; 1352;     117 
19; 1551;     123 
19; 1751;     121 
19; 1951;     156 
19; 2151;     106 
19; 2350;     119 
19; 2550;     128 
19; 2750;     107 
19; 2950;      98 
19; 3149;      93 
19; 3349;     104 
19; 3549;      94 
19; 3748;      91 
19; 3948;      94 
19; 4148;      73 
19; 4348;      79 
19; 4547;      87 
19; 4747;      62 
19; 4947;      70 
19; 5147;      80 
19; 5346;      69 
19; 5546;      66 
19; 5746;      56 
19; 5946;      58 
19; 6145;      45 
19; 6345;      52 
19; 6545;      59 
19; 6745;      66 
19; 6944;      56 
19; 7144;      60 
19; 7344;      54 
19; 7544;      72 
19; 7743;      50 
19; 7943;      60 
19; 8143;      51 
19; 8343;      61 
19; 8542;      46 
19; 8742;      57 
19; 8942;      59 
19; 9141;      71 
19; 9341;      63 
19; 9541;      76 
19; 9741;      95 
19; 9940;      90 
20; 0140;     114 
20; 0340;      88 
20; 0540;     126 
20; 0739;     123 
20; 0939;     141 
20; 1139;     152 
20; 1339;     174 
20; 1538;     154 
20; 1738;     179 
20; 1938;     177 
20; 2138;     199 
20; 2337;     182 
20; 2537;     189 
20; 2737;     159 
20; 2937;     154 
20; 3136;     118 
20; 3336;     106 
20; 3536;     124 
20; 3736;      87 
20; 3935;      82 
20; 4135;      78 
20; 4335;      66 
20; 4534;      53 
20; 4734;      46 
20; 4934;      51 
20; 5134;      44 
20; 5333;      38 
20; 5533;      40 
20; 5733;      35 
20; 5933;      42 
20; 6132;      44 
20; 6332;      49 
20; 6532;      33 
20; 6732;      39 
20; 6931;      49 
20; 7131;      51 
20; 7331;      47 
20; 7531;      37 
20; 7730;      39 
20; 7930;      42 
20; 8130;      40 
20; 8330;      46 
20; 8529;      40 
20; 8729;      31 
20; 8929;      48 
20; 9129;      58 
20; 9328;      48 
20; 9528;      31 
20; 9728;      50 
20; 9927;      62 
21; 0127;      46 
21; 0327;      54 
21; 0527;      68 
21; 0726;      64 
21; 0926;      71 
21; 1126;      60 
21; 1326;      71 
21; 1525;      65 
21; 1725;      63 
21; 1925;      59 
21; 2125;      61 
21; 2324;      64 
21; 2524;      56 
21; 2724;      74 
21; 2924;      74 
21; 3123;      57 
21; 3323;      53 
21; 3523;      47 
21; 3723;      50 
21; 3922;      50 
21; 4122;      38 
21; 4322;      39 
21; 4522;      35 
21; 4721;      48 
21; 4921;      52 
21; 5121;      50 
21; 5320;      52 
21; 5520;      41 
21; 5720;      50 
21; 5920;      34 
21; 6119;      41 
21; 6319;      32 
21; 6519;      38 
21; 6719;      47 
21; 6918;      48 
21; 7118;      45 
21; 7318;      47 
21; 7518;      37 
21; 7717;      28 
21; 7917;      40 
21; 8117;      42 
21; 8317;      23 
21; 8516;      47 
21; 8716;      30 
21; 8916;      29 
21; 9116;      41 
21; 9315;      42 
21; 9515;      34 
21; 9715;      29 
21; 9915;      31 
22; 0114;      34 
22; 0314;      31 
22; 0514;      38 
22; 0713;      36 
22; 0913;      39 
22; 1113;      40 
22; 1313;      37 
22; 1512;      39 
22; 1712;      44 
22; 1912;      40 
22; 2112;      32 
22; 2311;      29 
22; 2511;      36 
22; 2711;      24 
22; 2911;      29 
22; 3110;      25 
22; 3310;      26 
22; 3510;      34 
22; 3710;      30 
22; 3909;      25 
22; 4109;      36 
22; 4309;      26 
22; 4509;      30 
22; 4708;      32 
22; 4908;      29 
22; 5108;      25 
22; 5308;      27 
22; 5507;      38 
22; 5707;      39 
22; 5907;      35 
22; 6106;      35 
22; 6306;      35 
22; 6506;      37 
22; 6706;      42 
22; 6905;      44 
22; 7105;      44 
22; 7305;      41 
22; 7505;      53 
22; 7704;      45 
22; 7904;      53 
22; 8104;      50 
22; 8304;      46 
22; 8503;      39 
22; 8703;      46 
22; 8903;      28 
22; 9103;      32 
22; 9302;      28 
22; 9502;      30 
22; 9702;      24 
22; 9902;      27 
23; 0101;      32 
23; 0301;      26 
23; 0501;      25 
23; 0701;      26 
23; 0900;      28 
23; 1100;      22 
23; 1300;      34 
23; 1499;      17 
23; 1699;      24 
23; 1899;      21 
23; 2099;      31 
23; 2298;      25 
23; 2498;      23 
23; 2698;      28 
23; 2898;      22 
23; 3097;      24 
23; 3297;      20 
23; 3497;      23 
23; 3697;      23 
23; 3896;      23 
23; 4096;      29 
23; 4296;      27 
23; 4496;      20 
23; 4695;      24 
23; 4895;      27 
23; 5095;      21 
23; 5295;      23 
23; 5494;      34 
23; 5694;      34 
23; 5894;      19 
23; 6094;      14 
23; 6293;      19 
23; 6493;      35 
23; 6693;      29 
23; 6892;      23 
23; 7092;      15 
23; 7292;      19 
23; 7492;      28 
23; 7691;      19 
23; 7891;      27 
23; 8091;      23 
23; 8291;      27 
23; 8490;      20 
23; 8690;      26 
23; 8890;      27 
23; 9090;      33 
23; 9289;      28 
23; 9489;      24 
23; 9689;      25 
23; 9889;      31 
24; 0088;      31 
24; 0288;      34 
24; 0488;      32 
24; 0688;      28 
24; 0887;      43 
24; 1087;      48 
24; 1287;      44 
24; 1487;      51 
24; 1686;      58 
24; 1886;      44 
24; 2086;      39 
24; 2285;      41 
24; 2485;      49 
24; 2685;      30 
24; 2885;      34 
24; 3084;      43 
24; 3284;      30 
24; 3484;      36 
24; 3684;      22 
24; 3883;      31 
24; 4083;      33 
24; 4283;      22 
24; 4483;      18 
24; 4682;      12 
24; 4882;      21 
24; 5082;      20 
24; 5282;      20 
24; 5481;      27 
24; 5681;      23 
24; 5881;      22 
24; 6081;      22 
24; 6280;      14 
24; 6480;      18 
24; 6680;      21 
24; 6880;      19 
24; 7079;      25 
24; 7279;      20 
24; 7479;      16 
24; 7678;      24 
24; 7878;      19 
24; 8078;      23 
24; 8278;      19 
24; 8477;      26 
24; 8677;      18 
24; 8877;      24 
24; 9077;      25 
24; 9276;      23 
24; 9476;      28 
24; 9676;      34 
24; 9876;      23 
25; 0075;      41 
25; 0275;      30 
25; 0475;      36 
25; 0675;      29 
25; 0874;      33 
25; 1074;      23 
25; 1274;      31 
25; 1474;      36 
25; 1673;      30 
25; 1873;      30 
25; 2073;      19 
25; 2273;      23 
25; 2472;      16 
25; 2672;      21 
25; 2872;      19 
25; 3071;      21 
25; 3271;      21 
25; 3471;      21 
25; 3671;      24 
25; 3870;      10 
25; 4070;      12 
25; 4270;      16 
25; 4470;      14 
25; 4669;      20 
25; 4869;      17 
25; 5069;      16 
25; 5269;      15 
25; 5468;      13 
25; 5668;      13 
25; 5868;      12 
25; 6068;      12 
25; 6267;      12 
25; 6467;      23 
25; 6667;      23 
25; 6867;      19 
25; 7066;      19 
25; 7266;      10 
25; 7466;      15 
25; 7666;      17 
25; 7865;      16 
25; 8065;      14 
25; 8265;      17 
25; 8464;      15 
25; 8664;      18 
25; 8864;      19 
25; 9064;      19 
25; 9263;      16 
25; 9463;      21 
25; 9663;      16 
25; 9863;      28 
26; 0062;      15 
26; 0262;      10 
26; 0462;      19 
26; 0662;      16 
26; 0861;      14 
26; 1061;      17 
26; 1261;      24 
26; 1461;      21 
26; 1660;      20 
26; 1860;      19 
26; 2060;      26 
26; 2260;      19 
26; 2459;      18 
26; 2659;      16 
26; 2859;      23 
26; 3059;      21 
26; 3258;      26 
26; 3458;      24 
26; 3658;      19 
26; 3857;      17 
26; 4057;      15 
26; 4257;      14 
26; 4457;      18 
26; 4656;      17 
26; 4856;      12 
26; 5056;      16 
26; 5256;      20 
26; 5455;      18 
26; 5655;      20 
26; 5855;      15 
26; 6055;      16 
26; 6254;      17 
26; 6454;      16 
26; 6654;      10 
26; 6854;      11 
26; 7053;       7 
26; 7253;      12 
26; 7453;      19 
26; 7653;      25 
26; 7852;      24 
26; 8052;      23 
26; 8252;      12 
26; 8452;      26 
26; 8651;      14 
26; 8851;      10 
26; 9051;      11 
26; 9250;      17 
26; 9450;      19 
26; 9650;      14 
26; 9850;      12 
27; 0049;      15 
27; 0249;      16 
27; 0449;      26 
27; 0649;      24 
27; 0848;      14 
27; 1048;      14 
27; 1248;      16 
27; 1448;      16 
27; 1647;      30 
27; 1847;      25 
27; 2047;      11 
27; 2247;      14 
27; 2446;      17 
27; 2646;      23 
27; 2846;      15 
27; 3046;      12 
27; 3245;      18 
27; 3445;       6 
27; 3645;      12 
27; 3845;      12 
27; 4044;      14 
27; 4244;      13 
27; 4444;      11 
27; 4643;      16 
27; 4843;       7 
27; 5043;      12 
27; 5243;      12 
27; 5442;      15 
27; 5642;      15 
27; 5842;      15 
27; 6042;      12 
27; 6241;       5 
27; 6441;      12 
27; 6641;      15 
27; 6841;      13 
27; 7040;      12 
27; 7240;      15 
27; 7440;      11 
27; 7640;      11 
27; 7839;       6 
27; 8039;      16 
27; 8239;      10 
27; 8439;      15 
27; 8638;      13 
27; 8838;       7 
27; 9038;      16 
27; 9238;       8 
27; 9437;      12 
27; 9637;      16 
27; 9837;      25 
28; 0036;      13 
28; 0236;      13 
28; 0436;      13 
28; 0636;       9 
28; 0835;      12 
28; 1035;       7 
28; 1235;      14 
28; 1435;      12 
28; 1634;      10 
28; 1834;      16 
28; 2034;      16 
28; 2234;      11 
28; 2433;      16 
28; 2633;      29 
28; 2833;       8 
28; 3033;      19 
28; 3232;      15 
28; 3432;      12 
28; 3632;      16 
28; 3832;      12 
28; 4031;      15 
28; 4231;      14 
28; 4431;      11 
28; 4631;      11 
28; 4830;      11 
28; 5030;       9 
28; 5230;      12 
28; 5429;      12 
28; 5629;      15 
28; 5829;      13 
28; 6029;      14 
28; 6228;      16 
28; 6428;       9 
28; 6628;      12 
28; 6828;      11 
28; 7027;       8 
28; 7227;      17 
28; 7427;       8 
28; 7627;      11 
28; 7826;      15 
28; 8026;      10 
28; 8226;      13 
28; 8426;      11 
28; 8625;       6 
28; 8825;      10 
28; 9025;       9 
28; 9225;       7 
28; 9424;      15 
28; 9624;       7 
28; 9824;      12 
29; 0024;       9 
29; 0223;      10 
29; 0423;       7 
29; 0623;      13 
29; 0822;       9 
29; 1022;       7 
29; 1222;       9 
29; 1422;       8 
29; 1621;      13 
29; 1821;      10 
29; 2021;      11 
29; 2221;       6 
29; 2420;      13 
29; 2620;       7 
29; 2820;       9 
29; 3020;       4 
29; 3219;      13 
29; 3419;       8 
29; 3619;       9 
29; 3819;       9 
29; 4018;       5 
29; 4218;       7 
29; 4418;       7 
29; 4618;      11 
29; 4817;      16 
29; 5017;       3 
29; 5217;       6 
29; 5417;      17 
29; 5616;       9 
29; 5816;       9 
29; 6016;      14 
29; 6215;       6 
29; 6415;       5 
29; 6615;      15 
29; 6815;      11 
29; 7014;       8 
29; 7214;       6 
29; 7414;       6 
29; 7614;      12 
29; 7813;      14 
29; 8013;      10 
29; 8213;       5 
29; 8413;      11 
29; 8612;      14 
29; 8812;      13 
29; 9012;      11 
29; 9212;       7 
29; 9411;       7 
29; 9611;       6 
29; 9811;       7 
30; 0011;       7 
30; 0210;       6 
30; 0410;       9 
30; 0610;      10 
30; 0810;       6 
30; 1009;       4 
30; 1209;       7 
30; 1409;       9 
30; 1608;      15 
30; 1808;       8 
30; 2008;       4 
30; 2208;       7 
30; 2407;       8 
30; 2607;      10 
30; 2807;       9 
30; 3007;      10 
30; 3206;       7 
30; 3406;       2 
30; 3606;       6 
30; 3806;      12 
30; 4005;       8 
30; 4205;      10 
30; 4405;       7 
30; 4605;       6 
30; 4804;       6 
30; 5004;       6 
30; 5204;       3 
30; 5404;       5 
30; 5603;      12 
30; 5803;       7 
30; 6003;       7 
30; 6203;       6 
30; 6402;      13 
30; 6602;       9 
30; 6802;       7 
30; 7001;       8 
30; 7201;       4 
30; 7401;       4 
30; 7601;       9 
30; 7800;       8 
30; 8000;       9 
30; 8200;      14 
30; 8400;       7 
30; 8599;       3 
30; 8799;       3 
30; 8999;       7 
30; 9199;       7 
30; 9398;       5 
30; 9598;       8 
30; 9798;       7 
30; 9998;       9 
31; 0197;       4 
31; 0397;       5 
31; 0597;       6 
31; 0797;       7 
31; 0996;       6 
31; 1196;      12 
31; 1396;       8 
31; 1596;       6 
31; 1795;       8 
31; 1995;       6 
31; 2195;      10 
31; 2394;      10 
31; 2594;       1 
31; 2794;       6 
31; 2994;      11 
31; 3193;       7 
31; 3393;       8 
31; 3593;       4 
31; 3793;       8 
31; 3992;      10 
31; 4192;       3 
31; 4392;       3 
31; 4592;       4 
31; 4791;       6 
31; 4991;       7 
31; 5191;       5 
31; 5391;       4 
31; 5590;       4 
31; 5790;       6 
31; 5990;       2 
31; 6190;       7 
31; 6389;       1 
31; 6589;       6 
31; 6789;       7 
31; 6989;       4 
31; 7188;       5 
31; 7388;       6 
31; 7588;       4 
31; 7787;       7 
31; 7987;       9 
31; 8187;       5 
31; 8387;       8 
31; 8586;       5 
31; 8786;       5 
31; 8986;       6 
31; 9186;       6 
31; 9385;       3 
31; 9585;       8 
31; 9785;       5 
31; 9985;       5 
32; 0184;       4 
32; 0384;       1 
32; 0584;       7 
32; 0784;       5 
32; 0983;       7 
32; 1183;       7 
32; 1383;       4 
32; 1583;       1 
32; 1782;       5 
32; 1982;       6 
32; 2182;       1 
32; 2382;       6 
32; 2581;       6 
32; 2781;       2 
32; 2981;       3 
32; 3180;       7 
32; 3380;       3 
32; 3580;       4 
32; 3780;       2 
32; 3979;       6 
32; 4179;       3 
32; 4379;       3 
32; 4579;       5 
32; 4778;       4 
32; 4978;       5 
32; 5178;       3 
32; 5378;       1 
32; 5577;       5 
32; 5777;       3 
32; 5977;       1 
32; 6177;       3 
32; 6376;       4 
32; 6576;       3 
32; 6776;       2 
32; 6976;       4 
32; 7175;       4 
32; 7375;       3 
32; 7575;       4 
32; 7775;       5 
32; 7974;       4 
32; 8174;       5 
32; 8374;       9 
32; 8573;       1 
32; 8773;       5 
32; 8973;       6 
32; 9173;       2 
32; 9372;       3 
32; 9572;       6 
32; 9772;       2 
32; 9972;       3 
33; 0171;       4 
33; 0371;       2 
33; 0571;       3 
33; 0771;       5 
33; 0970;       7 
33; 1170;       0 
33; 1370;       2 
33; 1570;       3 
33; 1769;       3 
33; 1969;       6 
33; 2169;       1 
33; 2369;       4 
33; 2568;       7 
33; 2768;       1 
33; 2968;       2 
33; 3168;       4 
33; 3367;       4 
33; 3567;       2 
33; 3767;       1 
33; 3966;       6 
33; 4166;       3 
33; 4366;       1 
33; 4566;       3 
33; 4765;       1 
33; 4965;       1 
33; 5165;       4 
33; 5365;       4 
33; 5564;       6 
33; 5764;       2 
33; 5964;       1 
33; 6164;       4 
33; 6363;       2 
33; 6563;       6 
33; 6763;       5 
33; 6963;       3 
33; 7162;       3 
33; 7362;       3 
33; 7562;       0 
33; 7762;       1 
33; 7961;       6 
33; 8161;       3 
33; 8361;       5 
33; 8561;       1 
33; 8760;       2 
33; 8960;       2 
33; 9160;       2 
33; 9359;       5 
33; 9559;       2 
33; 9759;       1 
33; 9959;       4 
34; 0158;       4 
34; 0358;       5 
34; 0558;       1 
34; 0758;       2 
34; 0957;       3 
34; 1157;       3 
34; 1357;       4 
34; 1557;       1 
34; 1756;       2 
34; 1956;       3 
34; 2156;       7 
34; 2356;       2 
34; 2555;       4 
34; 2755;       2 
34; 2955;       2 
34; 3155;       3 
34; 3354;       2 
34; 3554;       3 
34; 3754;       4 
34; 3954;       3 
34; 4153;       2 
34; 4353;       3 
34; 4553;       1 
34; 4752;       1 
34; 4952;       2 
34; 5152;       2 
34; 5352;       4 
34; 5551;       1 
34; 5751;       4 
34; 5951;       1 
34; 6151;       1 
34; 6350;       0 
34; 6550;       5 
34; 6750;       3 
34; 6950;       1 
34; 7149;       3 
34; 7349;       5 
34; 7549;       1 
34; 7749;       6 
34; 7948;       1 
34; 8148;       2 
34; 8348;       2 
34; 8548;       2 
34; 8747;       2 
34; 8947;       1 
34; 9147;       0 
34; 9347;       0 
34; 9546;       2 
34; 9746;       2 
34; 9946;       0 
35; 0145;       2 
35; 0345;       2 
35; 0545;       6 
35; 0745;       1 
35; 0944;       1 
35; 1144;       3 
35; 1344;       1 
35; 1544;       2 
35; 1743;       3 
35; 1943;       0 
35; 2143;       0 
35; 2343;       1 
35; 2542;       1 
35; 2742;       1 
35; 2942;       1 
35; 3142;       1 
35; 3341;       1 
35; 3541;       0 
35; 3741;       0 
35; 3941;       1 
35; 4140;       0 
35; 4340;       3 
35; 4540;       0 
35; 4740;       2 
35; 4939;       1 
35; 5139;       3 
35; 5339;       2 
35; 5538;       2 
35; 5738;       1 
35; 5938;       0 
35; 6138;       1 
35; 6337;       1 
35; 6537;       1 
35; 6737;       1 
35; 6937;       5 
35; 7136;       0 
35; 7336;       0 
35; 7536;       0 
35; 7736;       0 
35; 7935;       1 
35; 8135;       1 
35; 8335;       1 
35; 8535;       0 
35; 8734;       1 
35; 8934;       0 
35; 9134;       2 
35; 9334;       1 
35; 9533;       3 
35; 9733;       2 
35; 9933;       0 
36; 0133;       1 
36; 0332;       1 
36; 0532;       2 
36; 0732;       0 
36; 0931;       0 
36; 1131;       0 
36; 1331;       0 
36; 1531;       0 
36; 1730;       0 
36; 1930;       1 
36; 2130;       0 
36; 2330;       2 
36; 2529;       1 
36; 2729;       1 
36; 2929;       1 
36; 3129;       0 
36; 3328;       2 
36; 3528;       0 
36; 3728;       1 
36; 3928;       0 
36; 4127;       0 
36; 4327;       2 
36; 4527;       0 
36; 4727;       0 
36; 4926;       2 
36; 5126;       1 
36; 5326;       0 
36; 5526;       0 
36; 5725;       1 
36; 5925;       0 
36; 6125;       2 
36; 6324;       1 
36; 6524;       1 
36; 6724;       0 
36; 6924;       0 
36; 7123;       1 
36; 7323;       2 
36; 7523;       0 
36; 7723;       0 
36; 7922;       0 
36; 8122;       1 
36; 8322;       1 
36; 8522;       0 
36; 8721;       0 
36; 8921;       0 
36; 9121;       0 
36; 9321;       1 
36; 9520;       0 
36; 9720;       2 
36; 9920;       1 
37; 0120;       1 
37; 0319;       0 
37; 0519;       3 
37; 0719;       1 
37; 0919;       1 
37; 1118;       0 
37; 1318;       0 
37; 1518;       2 
37; 1717;       3 
37; 1917;       0 
37; 2117;       0 
37; 2317;       0 
37; 2516;       0 
37; 2716;       0 
37; 2916;       0 
37; 3116;       0 
37; 3315;       2 
37; 3515;       0 
37; 3715;       0 
37; 3915;       0 
37; 4114;       0 
37; 4314;       0 
37; 4514;       0 
37; 4714;       2 
37; 4913;       1 
37; 5113;       0 
37; 5313;       1 
37; 5513;       2 
37; 5712;       0 
37; 5912;       2 
37; 6112;       1 
37; 6312;       0 
37; 6511;       0 
37; 6711;       0 
37; 6911;       0 
37; 7110;       1 
37; 7310;       0 
37; 7510;       0 
37; 7710;       1 
37; 7909;       2 
37; 8109;       0 
37; 8309;       0 
37; 8509;       0 
37; 8708;       0 
37; 8908;       1 
37; 9108;       1 
37; 9308;       0 
37; 9507;       0 
37; 9707;       1 
37; 9907;       0 
38; 0107;       0 
38; 0306;       0 
38; 0506;       0 
38; 0706;       0 
38; 0906;       0 
38; 1105;       1 
38; 1305;       0 
38; 1505;       1 
38; 1705;       0 
38; 1904;       1 
38; 2104;       0 
38; 2304;       0 
38; 2503;       0 
38; 2703;       0 
38; 2903;       0 
38; 3103;       1 
38; 3302;       1 
38; 3502;       0 
38; 3702;       0 
38; 3902;       0 
38; 4101;       0 
38; 4301;       1 
38; 4501;       3 
38; 4701;       2 
38; 4900;       1 
38; 5100;       0 
38; 5300;       1 
38; 5500;       1 
38; 5699;       0 
38; 5899;       0 
38; 6099;       1 
38; 6299;       1 
38; 6498;       0 
38; 6698;       0 
38; 6898;       1 
38; 7098;       0 
38; 7297;       1 
38; 7497;       1 
38; 7697;       0 
38; 7896;       0 
38; 8096;       0 
38; 8296;       1 
38; 8496;       1 
38; 8695;       0 
38; 8895;       0 
38; 9095;       0 
38; 9295;       0 
38; 9494;       0 
38; 9694;       0 
38; 9894;       0 
39; 0094;       0 
39; 0293;       0 
39; 0493;       0 
39; 0693;       1 
39; 0893;       0 
39; 1092;       0 
39; 1292;       0 
39; 1492;       0 
39; 1692;       0 
39; 1891;       0 
39; 2091;       1 
39; 2291;       1 
39; 2491;       0 
39; 2690;       0 
39; 2890;       0 
39; 3090;       0 
39; 3289;       0 
39; 3489;       0 
39; 3689;       0 
39; 3889;       1 
39; 4088;       0 
39; 4288;       0 
39; 4488;       1 
39; 4688;       1 
39; 4887;       1 
39; 5087;       0 
39; 5287;       0 
39; 5487;       0 
39; 5686;       0 
39; 5886;       0 
39; 6086;       0 
39; 6286;       2 
39; 6485;       0 
39; 6685;       0 
39; 6885;       0 
39; 7085;       1 
39; 7284;       1 
39; 7484;       0 
39; 7684;       0 
39; 7884;       0 
39; 8083;       1 
39; 8283;       1 
39; 8483;       0 
39; 8682;       0 
39; 8882;       0 
39; 9082;       0 
39; 9282;       0 
39; 9481;       0 
39; 9681;       0 
39; 9881;       0 
40; 0081;       1 
40; 0280;       0 
40; 0480;       1 
40; 0680;       0 
40; 0880;       1 
40; 1079;       0 
40; 1279;       0 
40; 1479;       0 
40; 1679;       0 
40; 1878;       0 
40; 2078;       1 
40; 2278;       0 
40; 2478;       0 
40; 2677;       0 
40; 2877;       0 
40; 3077;       0 
40; 3277;       1 
40; 3476;       0 
40; 3676;       0 
40; 3876;       0 
40; 4075;       0 
40; 4275;       1 
40; 4475;       0 
40; 4675;       2 
40; 4874;       0 
40; 5074;       0 
40; 5274;       0 
40; 5474;       0 
40; 5673;       1 
40; 5873;       0 
40; 6073;       0 
40; 6273;       0 
40; 6472;       1 
40; 6672;       1 
40; 6872;       1 
40; 7072;       1 
40; 7271;       0 
40; 7471;       0 
40; 7671;       0 
40; 7871;       1 
40; 8070;       0 
40; 8270;       0 
40; 8470;       0 
40; 8670;       0 
40; 8869;       0 
