0; 0000;     488 
0; 0200;     423 
0; 0400;     337 
0; 0600;     220 
0; 0800;     106 
0; 1000;      54 
0; 1200;      23 
0; 1400;       7 
0; 1600;       2 
0; 1800;       1 
0; 2000;       1 
0; 2200;       0 
0; 2400;       1 
0; 2600;       0 
0; 2800;       0 
0; 3000;       0 
0; 3200;       2 
0; 3400;       0 
0; 3600;       0 
0; 3800;       0 
0; 4000;       1 
0; 4200;       0 
0; 4400;       0 
0; 4600;       0 
0; 4800;       0 
0; 5000;       1 
0; 5200;       1 
0; 5400;       0 
0; 5600;       3 
0; 5800;      20 
0; 6000;      64 
0; 6200;     166 
0; 6400;     220 
0; 6600;     301 
0; 6800;     319 
0; 7000;     364 
0; 7200;     368 
0; 7400;     317 
0; 7600;     293 
0; 7800;     333 
0; 8000;     320 
0; 8200;     326 
0; 8400;     305 
0; 8600;     322 
0; 8800;     319 
0; 9000;     292 
0; 9200;     313 
0; 9400;     342 
0; 9600;     329 
0; 9800;     330 
1; 0000;     287 
1; 0200;     316 
1; 0400;     337 
1; 0600;     319 
1; 0800;     328 
1; 1000;     297 
1; 1200;     321 
1; 1400;     330 
1; 1600;     328 
1; 1800;     382 
1; 2000;     333 
1; 2200;     366 
1; 2400;     372 
1; 2600;     353 
1; 2800;     354 
1; 3000;     355 
1; 3200;     375 
1; 3400;     371 
1; 3600;     354 
1; 3800;     349 
1; 4000;     331 
1; 4200;     348 
1; 4400;     364 
1; 4600;     362 
1; 4800;     361 
1; 5000;     330 
1; 5200;     327 
1; 5400;     368 
1; 5600;     344 
1; 5800;     336 
1; 6000;     311 
1; 6200;     323 
1; 6400;     282 
1; 6600;     332 
1; 6800;     312 
1; 7000;     311 
1; 7200;     311 
1; 7400;     312 
1; 7600;     341 
1; 7800;     281 
1; 8000;     284 
1; 8200;     262 
1; 8400;     246 
1; 8600;     262 
1; 8800;     247 
1; 9000;     243 
1; 9200;     245 
1; 9400;     241 
1; 9600;     229 
1; 9800;     253 
2; 0000;     234 
2; 0200;     224 
2; 0400;     248 
2; 0600;     224 
2; 0800;     230 
2; 1000;     230 
2; 1200;     221 
2; 1400;     234 
2; 1600;     238 
2; 1800;     225 
2; 2000;     260 
2; 2200;     246 
2; 2400;     269 
2; 2600;     282 
2; 2800;     313 
2; 3000;     302 
2; 3200;     314 
2; 3400;     350 
2; 3600;     316 
2; 3800;     330 
2; 4000;     293 
2; 4200;     311 
2; 4400;     265 
2; 4600;     270 
2; 4800;     280 
2; 5000;     326 
2; 5200;     350 
2; 5400;     493 
2; 5600;     612 
2; 5800;     749 
2; 6000;     935 
2; 6200;    1157 
2; 6400;    1390 
2; 6600;    1473 
2; 6800;    1555 
2; 7000;    1661 
2; 7200;    1511 
2; 7400;    1424 
2; 7600;    1413 
2; 7800;    1448 
2; 8000;    1534 
2; 8200;    1608 
2; 8400;    1910 
2; 8600;    2263 
2; 8800;    2781 
2; 9000;    3786 
2; 9200;    4779 
2; 9400;    5676 
2; 9600;    6486 
2; 9800;    6880 
3; 0000;    6828 
3; 0200;    6305 
3; 0400;    5619 
3; 0600;    4807 
3; 0800;    4182 
3; 1000;    4029 
3; 1200;    3888 
3; 1400;    4154 
3; 1600;    4262 
3; 1800;    4193 
3; 2000;    3901 
3; 2200;    3237 
3; 2400;    2949 
3; 2600;    2368 
3; 2800;    2017 
3; 3000;    1778 
3; 3200;    1517 
3; 3400;    1334 
3; 3600;    1230 
3; 3800;    1077 
3; 4000;     894 
3; 4200;     762 
3; 4400;     642 
3; 4600;     518 
3; 4800;     476 
3; 5000;     484 
3; 5200;     425 
3; 5400;     378 
3; 5600;     430 
3; 5800;     428 
3; 6000;     424 
3; 6200;     471 
3; 6400;     482 
3; 6600;     567 
3; 6800;     592 
3; 7000;     612 
3; 7200;     587 
3; 7400;     591 
3; 7600;     482 
3; 7800;     446 
3; 8000;     339 
3; 8200;     304 
3; 8400;     267 
3; 8600;     244 
3; 8800;     190 
3; 9000;     200 
3; 9200;     201 
3; 9400;     227 
3; 9600;     196 
3; 9800;     209 
4; 0000;     233 
4; 0200;     247 
4; 0400;     248 
4; 0600;     226 
4; 0800;     220 
4; 1000;     213 
4; 1200;     208 
4; 1400;     181 
4; 1600;     186 
4; 1800;     218 
4; 2000;     201 
4; 2200;     186 
4; 2400;     186 
4; 2600;     170 
4; 2800;     190 
4; 3000;     220 
4; 3200;     206 
4; 3400;     211 
4; 3600;     216 
4; 3800;     253 
4; 4000;     282 
4; 4200;     283 
4; 4400;     338 
4; 4600;     362 
4; 4800;     397 
4; 5000;     464 
4; 5200;     414 
4; 5400;     365 
4; 5600;     378 
4; 5800;     343 
4; 6000;     329 
4; 6200;     291 
4; 6400;     264 
4; 6600;     259 
4; 6800;     267 
4; 7000;     258 
4; 7200;     257 
4; 7400;     280 
4; 7600;     289 
4; 7800;     299 
4; 8000;     283 
4; 8200;     286 
4; 8400;     291 
4; 8600;     321 
4; 8800;     327 
4; 9000;     339 
4; 9200;     337 
4; 9400;     310 
4; 9600;     312 
4; 9800;     303 
5; 0000;     288 
5; 0200;     283 
5; 0400;     307 
5; 0600;     294 
5; 0800;     276 
5; 1000;     271 
5; 1200;     293 
5; 1400;     252 
5; 1600;     281 
5; 1800;     292 
5; 2000;     305 
5; 2200;     282 
5; 2400;     291 
5; 2600;     269 
5; 2800;     281 
5; 3000;     316 
5; 3200;     298 
5; 3400;     331 
5; 3600;     310 
5; 3800;     310 
5; 4000;     313 
5; 4200;     352 
5; 4400;     393 
5; 4600;     363 
5; 4800;     360 
5; 5000;     363 
5; 5200;     398 
5; 5400;     392 
5; 5600;     393 
5; 5800;     397 
5; 6000;     422 
5; 6200;     473 
5; 6400;     433 
5; 6600;     429 
5; 6800;     457 
5; 7000;     487 
5; 7200;     425 
5; 7400;     418 
5; 7600;     473 
5; 7800;     434 
5; 8000;     456 
5; 8200;     460 
5; 8400;     479 
5; 8600;     438 
5; 8800;     467 
5; 9000;     463 
5; 9200;     485 
5; 9400;     473 
5; 9600;     436 
5; 9800;     480 
6; 0000;     430 
6; 0200;     463 
6; 0400;     446 
6; 0600;     414 
6; 0800;     451 
6; 1000;     416 
6; 1200;     411 
6; 1400;     373 
6; 1600;     390 
6; 1800;     391 
6; 2000;     459 
6; 2200;     461 
6; 2400;     533 
6; 2600;     577 
6; 2800;     666 
6; 3000;     869 
6; 3200;    1037 
6; 3400;    1257 
6; 3600;    1414 
6; 3800;    1574 
6; 4000;    1516 
6; 4200;    1564 
6; 4400;    1453 
6; 4600;    1306 
6; 4800;    1061 
6; 5000;     956 
6; 5200;     736 
6; 5400;     574 
6; 5600;     493 
6; 5800;     435 
6; 6000;     404 
6; 6200;     407 
6; 6400;     402 
6; 6600;     365 
6; 6800;     386 
6; 7000;     376 
6; 7200;     366 
6; 7400;     352 
6; 7600;     359 
6; 7800;     366 
6; 8000;     427 
6; 8200;     430 
6; 8400;     405 
6; 8600;     435 
6; 8800;     397 
6; 9000;     466 
6; 9200;     434 
6; 9400;     459 
6; 9600;     551 
6; 9800;     530 
7; 0000;     548 
7; 0200;     533 
7; 0400;     591 
7; 0600;     639 
7; 0800;     683 
7; 1000;     640 
7; 1200;     653 
7; 1400;     627 
7; 1600;     613 
7; 1800;     612 
7; 2000;     641 
7; 2200;     610 
7; 2400;     641 
7; 2600;     675 
7; 2800;     698 
7; 3000;     757 
7; 3200;     776 
7; 3400;     901 
7; 3600;     954 
7; 3800;    1026 
7; 4000;    1118 
7; 4200;    1181 
7; 4400;    1256 
7; 4600;    1271 
7; 4800;    1317 
7; 5000;    1204 
7; 5200;    1199 
7; 5400;    1118 
7; 5600;     926 
7; 5800;     823 
7; 6000;     729 
7; 6200;     616 
7; 6400;     647 
7; 6600;     562 
7; 6800;     517 
7; 7000;     514 
7; 7200;     527 
7; 7400;     511 
7; 7600;     516 
7; 7800;     515 
7; 8000;     460 
7; 8200;     530 
7; 8400;     540 
7; 8600;     577 
7; 8800;     615 
7; 9000;     652 
7; 9200;     704 
7; 9400;     783 
7; 9600;     948 
7; 9800;    1056 
8; 0000;    1130 
8; 0200;    1239 
8; 0400;    1299 
8; 0600;    1322 
8; 0800;    1192 
8; 1000;    1142 
8; 1200;    1020 
8; 1400;     923 
8; 1600;     780 
8; 1800;     712 
8; 2000;     631 
8; 2200;     593 
8; 2400;     588 
8; 2600;     554 
8; 2800;     537 
8; 3000;     533 
8; 3200;     525 
8; 3400;     509 
8; 3600;     486 
8; 3800;     503 
8; 4000;     439 
8; 4200;     473 
8; 4400;     438 
8; 4600;     453 
8; 4800;     510 
8; 5000;     540 
8; 5200;     497 
8; 5400;     547 
8; 5600;     572 
8; 5800;     625 
8; 6000;     592 
8; 6200;     622 
8; 6400;     621 
8; 6600;     641 
8; 6800;     590 
8; 7000;     557 
8; 7200;     574 
8; 7400;     532 
8; 7600;     523 
8; 7800;     502 
8; 8000;     492 
8; 8200;     525 
8; 8400;     560 
8; 8600;     527 
8; 8800;     504 
8; 9000;     578 
8; 9200;     590 
8; 9400;     548 
8; 9600;     525 
8; 9800;     503 
9; 0000;     512 
9; 0200;     477 
9; 0400;     432 
9; 0600;     453 
9; 0800;     446 
9; 1000;     459 
9; 1200;     440 
9; 1400;     398 
9; 1600;     439 
9; 1800;     378 
9; 2000;     396 
9; 2200;     407 
9; 2400;     353 
9; 2600;     384 
9; 2800;     409 
9; 3000;     442 
9; 3200;     393 
9; 3400;     387 
9; 3600;     405 
9; 3800;     343 
9; 4000;     398 
9; 4200;     388 
9; 4400;     394 
9; 4600;     405 
9; 4800;     417 
9; 5000;     424 
9; 5200;     452 
9; 5400;     476 
9; 5600;     494 
9; 5800;     511 
9; 6000;     556 
9; 6200;     549 
9; 6400;     576 
9; 6600;     642 
9; 6800;     684 
9; 7000;     670 
9; 7200;     728 
9; 7400;     660 
9; 7600;     688 
9; 7800;     616 
9; 8000;     592 
9; 8200;     557 
9; 8400;     566 
9; 8600;     514 
9; 8800;     474 
9; 9000;     461 
9; 9200;     497 
9; 9400;     495 
9; 9600;     504 
9; 9800;     500 
10; 0000;     487 
10; 0200;     466 
10; 0400;     455 
10; 0600;     477 
10; 0800;     452 
10; 1000;     450 
10; 1200;     475 
10; 1400;     467 
10; 1600;     435 
10; 1800;     460 
10; 2000;     494 
10; 2200;     482 
10; 2400;     476 
10; 2600;     438 
10; 2800;     481 
10; 3000;     458 
10; 3200;     477 
10; 3400;     486 
10; 3600;     498 
10; 3800;     496 
10; 4000;     450 
10; 4200;     483 
10; 4400;     509 
10; 4600;     539 
10; 4800;     554 
10; 5000;     541 
10; 5200;     547 
10; 5400;     533 
10; 5600;     527 
10; 5800;     513 
10; 6000;     502 
10; 6200;     496 
10; 6400;     529 
10; 6600;     463 
10; 6800;     483 
10; 7000;     473 
10; 7200;     452 
10; 7400;     467 
10; 7600;     424 
10; 7800;     461 
10; 8000;     493 
10; 8200;     420 
10; 8400;     429 
10; 8600;     466 
10; 8800;     422 
10; 9000;     442 
10; 9200;     425 
10; 9400;     471 
10; 9600;     417 
10; 9800;     491 
11; 0000;     430 
11; 0200;     410 
11; 0400;     411 
11; 0600;     415 
11; 0800;     442 
11; 1000;     418 
11; 1200;     409 
11; 1400;     409 
11; 1600;     450 
11; 1800;     409 
11; 2000;     407 
11; 2200;     432 
11; 2400;     437 
11; 2600;     431 
11; 2800;     427 
11; 3000;     445 
11; 3200;     445 
11; 3400;     475 
11; 3600;     552 
11; 3800;     574 
11; 4000;     587 
11; 4200;     559 
11; 4400;     628 
11; 4600;     628 
11; 4800;     663 
11; 5000;     570 
11; 5200;     616 
11; 5400;     569 
11; 5600;     598 
11; 5800;     536 
11; 6000;     554 
11; 6200;     523 
11; 6400;     538 
11; 6600;     486 
11; 6800;     525 
11; 7000;     501 
11; 7200;     521 
11; 7400;     518 
11; 7600;     573 
11; 7800;     608 
11; 8000;     674 
11; 8200;     732 
11; 8400;     838 
11; 8600;     932 
11; 8800;     995 
11; 9000;    1021 
11; 9200;     995 
11; 9400;    1068 
11; 9600;     974 
11; 9800;     905 
12; 0000;     844 
12; 0200;     747 
12; 0400;     721 
12; 0600;     571 
12; 0800;     583 
12; 1000;     455 
12; 1200;     455 
12; 1400;     431 
12; 1600;     410 
12; 1800;     395 
12; 2000;     411 
12; 2200;     397 
12; 2400;     416 
12; 2600;     363 
12; 2800;     411 
12; 3000;     404 
12; 3200;     414 
12; 3400;     376 
12; 3600;     377 
12; 3800;     393 
12; 4000;     397 
12; 4200;     382 
12; 4400;     418 
12; 4600;     392 
12; 4800;     405 
12; 5000;     423 
12; 5200;     425 
12; 5400;     422 
12; 5600;     486 
12; 5800;     473 
12; 6000;     500 
12; 6200;     483 
12; 6400;     463 
12; 6600;     503 
12; 6800;     456 
12; 7000;     463 
12; 7200;     426 
12; 7400;     450 
12; 7600;     394 
12; 7800;     448 
12; 8000;     422 
12; 8200;     332 
12; 8400;     383 
12; 8600;     393 
12; 8800;     357 
12; 9000;     354 
12; 9200;     411 
12; 9400;     384 
12; 9600;     386 
12; 9800;     380 
13; 0000;     369 
13; 0200;     388 
13; 0400;     401 
13; 0600;     409 
13; 0800;     410 
13; 1000;     373 
13; 1200;     410 
13; 1400;     360 
13; 1600;     407 
13; 1800;     404 
13; 2000;     412 
13; 2200;     433 
13; 2400;     455 
13; 2600;     430 
13; 2800;     446 
13; 3000;     462 
13; 3200;     480 
13; 3400;     456 
13; 3600;     506 
13; 3800;     450 
13; 4000;     454 
13; 4200;     439 
13; 4400;     413 
13; 4600;     463 
13; 4800;     399 
13; 5000;     417 
13; 5200;     367 
13; 5400;     382 
13; 5600;     330 
13; 5800;     345 
13; 6000;     353 
13; 6200;     327 
13; 6400;     346 
13; 6600;     309 
13; 6800;     321 
13; 7000;     329 
13; 7200;     326 
13; 7400;     336 
13; 7600;     334 
13; 7800;     299 
13; 8000;     358 
13; 8200;     303 
13; 8400;     339 
13; 8600;     331 
13; 8800;     354 
13; 9000;     329 
13; 9200;     305 
13; 9400;     295 
13; 9600;     351 
13; 9800;     283 
14; 0000;     310 
14; 0200;     332 
14; 0400;     339 
14; 0600;     314 
14; 0800;     293 
14; 1000;     333 
14; 1200;     298 
14; 1400;     318 
14; 1600;     368 
14; 1800;     334 
14; 2000;     295 
14; 2200;     316 
14; 2400;     326 
14; 2600;     338 
14; 2800;     324 
14; 3000;     310 
14; 3200;     294 
14; 3400;     316 
14; 3600;     284 
14; 3800;     283 
14; 4000;     309 
14; 4200;     315 
14; 4400;     297 
14; 4600;     289 
14; 4800;     285 
14; 5000;     279 
14; 5200;     297 
14; 5400;     292 
14; 5600;     293 
14; 5800;     310 
14; 6000;     283 
14; 6200;     296 
14; 6400;     282 
14; 6600;     324 
14; 6800;     292 
14; 7000;     308 
14; 7200;     319 
14; 7400;     291 
14; 7600;     291 
14; 7800;     328 
14; 8000;     311 
14; 8200;     297 
14; 8400;     288 
14; 8600;     265 
14; 8800;     293 
14; 9000;     288 
14; 9200;     289 
14; 9400;     290 
14; 9600;     270 
14; 9800;     299 
15; 0000;     272 
15; 0200;     265 
15; 0400;     283 
15; 0600;     271 
15; 0800;     275 
15; 1000;     290 
15; 1200;     271 
15; 1400;     291 
15; 1600;     273 
15; 1800;     278 
15; 2000;     304 
15; 2200;     260 
15; 2400;     290 
15; 2600;     277 
15; 2800;     288 
15; 3000;     249 
15; 3200;     251 
15; 3400;     299 
15; 3600;     258 
15; 3800;     259 
15; 4000;     263 
15; 4200;     247 
15; 4400;     254 
15; 4600;     258 
15; 4800;     249 
15; 5000;     256 
15; 5200;     293 
15; 5400;     246 
15; 5600;     273 
15; 5800;     276 
15; 6000;     256 
15; 6200;     243 
15; 6400;     272 
15; 6600;     251 
15; 6800;     260 
15; 7000;     238 
15; 7200;     245 
15; 7400;     261 
15; 7600;     273 
15; 7800;     270 
15; 8000;     247 
15; 8200;     263 
15; 8400;     276 
15; 8600;     256 
15; 8800;     238 
15; 9000;     275 
15; 9200;     244 
15; 9400;     243 
15; 9600;     218 
15; 9800;     231 
16; 0000;     244 
16; 0200;     227 
16; 0400;     245 
16; 0600;     229 
16; 0800;     231 
16; 1000;     249 
16; 1200;     208 
16; 1400;     226 
16; 1600;     216 
16; 1800;     231 
16; 2000;     215 
16; 2200;     225 
16; 2400;     238 
16; 2600;     225 
16; 2800;     228 
16; 3000;     222 
16; 3200;     212 
16; 3400;     216 
16; 3600;     226 
16; 3800;     228 
16; 4000;     241 
16; 4200;     209 
16; 4400;     235 
16; 4600;     210 
16; 4800;     246 
16; 5000;     236 
16; 5200;     202 
16; 5400;     218 
16; 5600;     220 
16; 5800;     186 
16; 6000;     195 
16; 6200;     235 
16; 6400;     244 
16; 6600;     197 
16; 6800;     223 
16; 7000;     186 
16; 7200;     238 
16; 7400;     217 
16; 7600;     223 
16; 7800;     217 
16; 8000;     205 
16; 8200;     224 
16; 8400;     214 
16; 8600;     219 
16; 8800;     215 
16; 9000;     220 
16; 9200;     229 
16; 9400;     203 
16; 9600;     223 
16; 9800;     184 
17; 0000;     192 
17; 0200;     211 
17; 0400;     186 
17; 0600;     199 
17; 0800;     232 
17; 1000;     203 
17; 1200;     201 
17; 1400;     205 
17; 1600;     196 
17; 1800;     215 
17; 2000;     234 
17; 2200;     216 
17; 2400;     242 
17; 2600;     213 
17; 2800;     209 
17; 3000;     204 
17; 3200;     191 
17; 3400;     188 
17; 3600;     200 
17; 3800;     209 
17; 4000;     215 
17; 4200;     191 
17; 4400;     187 
17; 4600;     210 
17; 4800;     198 
17; 5000;     215 
17; 5200;     209 
17; 5400;     218 
17; 5600;     202 
17; 5800;     198 
17; 6000;     223 
17; 6200;     194 
17; 6400;     212 
17; 6600;     200 
17; 6800;     203 
17; 7000;     230 
17; 7200;     176 
17; 7400;     245 
17; 7600;     185 
17; 7800;     174 
17; 8000;     201 
17; 8200;     191 
17; 8400;     196 
17; 8600;     198 
17; 8800;     205 
17; 9000;     217 
17; 9200;     187 
17; 9400;     215 
17; 9600;     199 
17; 9800;     192 
18; 0000;     181 
18; 0200;     197 
18; 0400;     213 
18; 0600;     194 
18; 0800;     181 
18; 1000;     205 
18; 1200;     221 
18; 1400;     212 
18; 1600;     218 
18; 1800;     214 
18; 2000;     236 
18; 2200;     223 
18; 2400;     189 
18; 2600;     208 
18; 2800;     209 
18; 3000;     222 
18; 3200;     225 
18; 3400;     235 
18; 3600;     236 
18; 3800;     230 
18; 4000;     210 
18; 4200;     231 
18; 4400;     228 
18; 4600;     241 
18; 4800;     219 
18; 5000;     219 
18; 5200;     241 
18; 5400;     230 
18; 5600;     230 
18; 5800;     269 
18; 6000;     248 
18; 6200;     273 
18; 6400;     281 
18; 6600;     275 
18; 6800;     259 
18; 7000;     282 
18; 7200;     291 
18; 7400;     295 
18; 7600;     306 
18; 7800;     275 
18; 8000;     317 
18; 8200;     282 
18; 8400;     320 
18; 8600;     342 
18; 8800;     343 
18; 9000;     343 
18; 9200;     335 
18; 9400;     390 
18; 9600;     376 
18; 9800;     364 
19; 0000;     408 
19; 0200;     383 
19; 0400;     399 
19; 0600;     383 
19; 0800;     380 
19; 1000;     385 
19; 1200;     337 
19; 1400;     442 
19; 1600;     375 
19; 1800;     329 
19; 2000;     341 
19; 2200;     370 
19; 2400;     356 
19; 2600;     351 
19; 2800;     316 
19; 3000;     325 
19; 3200;     293 
19; 3400;     300 
19; 3600;     245 
19; 3800;     306 
19; 4000;     287 
19; 4200;     268 
19; 4400;     276 
19; 4600;     243 
19; 4800;     220 
19; 5000;     235 
19; 5200;     242 
19; 5400;     225 
19; 5600;     222 
19; 5800;     212 
19; 6000;     221 
19; 6200;     195 
19; 6400;     203 
19; 6600;     199 
19; 6800;     218 
19; 7000;     204 
19; 7200;     182 
19; 7400;     211 
19; 7600;     214 
19; 7800;     191 
19; 8000;     204 
19; 8200;     212 
19; 8400;     193 
19; 8600;     227 
19; 8800;     238 
19; 9000;     262 
19; 9200;     236 
19; 9400;     274 
19; 9600;     343 
19; 9800;     335 
20; 0000;     405 
20; 0200;     498 
20; 0400;     499 
20; 0600;     594 
20; 0800;     622 
20; 1000;     650 
20; 1200;     746 
20; 1400;     821 
20; 1600;     829 
20; 1800;     830 
20; 2000;     833 
20; 2200;     804 
20; 2400;     819 
20; 2600;     814 
20; 2800;     773 
20; 3000;     734 
20; 3200;     640 
20; 3400;     578 
20; 3600;     499 
20; 3800;     457 
20; 4000;     374 
20; 4200;     376 
20; 4400;     303 
20; 4600;     319 
20; 4800;     302 
20; 5000;     264 
20; 5200;     260 
20; 5400;     245 
20; 5600;     238 
20; 5800;     248 
20; 6000;     252 
20; 6200;     243 
20; 6400;     251 
20; 6600;     261 
20; 6800;     248 
20; 7000;     224 
20; 7200;     224 
20; 7400;     240 
20; 7600;     238 
20; 7800;     254 
20; 8000;     254 
20; 8200;     246 
20; 8400;     244 
20; 8600;     265 
20; 8800;     276 
20; 9000;     312 
20; 9200;     293 
20; 9400;     320 
20; 9600;     331 
20; 9800;     349 
21; 0000;     413 
21; 0200;     369 
21; 0400;     405 
21; 0600;     419 
21; 0800;     470 
21; 1000;     422 
21; 1200;     480 
21; 1400;     467 
21; 1600;     457 
21; 1800;     503 
21; 2000;     458 
21; 2200;     457 
21; 2400;     436 
21; 2600;     440 
21; 2800;     413 
21; 3000;     373 
21; 3200;     401 
21; 3400;     390 
21; 3600;     314 
21; 3800;     334 
21; 4000;     331 
21; 4200;     366 
21; 4400;     329 
21; 4600;     308 
21; 4800;     294 
21; 5000;     319 
21; 5200;     347 
21; 5400;     303 
21; 5600;     351 
21; 5800;     333 
21; 6000;     328 
21; 6200;     334 
21; 6400;     392 
21; 6600;     436 
21; 6800;     522 
21; 7000;     578 
21; 7200;     719 
21; 7400;     986 
21; 7600;    1219 
21; 7800;    1578 
21; 8000;    2188 
21; 8200;    2936 
21; 8400;    3736 
21; 8600;    4839 
21; 8800;    6116 
21; 9000;    7593 
21; 9200;    9212 
21; 9400;   10876 
21; 9600;   12808 
21; 9800;   14394 
22; 0000;   16379 
22; 0200;   18043 
22; 0400;   19648 
22; 0600;   21219 
22; 0800;   22849 
22; 1000;   23562 
22; 1200;   24439 
22; 1400;   24991 
22; 1600;   25078 
22; 1800;   24624 
22; 2000;   23758 
22; 2200;   22422 
22; 2400;   20318 
22; 2600;   18323 
22; 2800;   15785 
22; 3000;   13348 
22; 3200;   11064 
22; 3400;    8809 
22; 3600;    6970 
22; 3800;    5207 
22; 4000;    3930 
22; 4200;    2797 
22; 4400;    1982 
22; 4600;    1414 
22; 4800;     987 
22; 5000;     694 
22; 5200;     528 
22; 5400;     401 
22; 5600;     347 
22; 5800;     264 
22; 6000;     248 
22; 6200;     245 
22; 6400;     226 
22; 6600;     229 
22; 6800;     211 
22; 7000;     208 
22; 7200;     244 
22; 7400;     213 
22; 7600;     244 
22; 7800;     215 
22; 8000;     197 
22; 8200;     199 
22; 8400;     196 
22; 8600;     166 
22; 8800;     150 
22; 9000;     153 
22; 9200;     133 
22; 9400;     145 
22; 9600;     110 
22; 9800;     140 
23; 0000;     120 
23; 0200;     130 
23; 0400;     132 
23; 0600;     113 
23; 0800;     122 
23; 1000;     124 
23; 1200;     134 
23; 1400;     123 
23; 1600;     116 
23; 1800;     134 
23; 2000;     119 
23; 2200;     108 
23; 2400;     113 
23; 2600;     113 
23; 2800;      98 
23; 3000;     112 
23; 3200;      90 
23; 3400;     115 
23; 3600;      95 
23; 3800;      91 
23; 4000;     102 
23; 4200;      83 
23; 4400;      88 
23; 4600;      98 
23; 4800;      98 
23; 5000;     108 
23; 5200;      91 
23; 5400;      85 
23; 5600;     103 
23; 5800;      71 
23; 6000;      98 
23; 6200;      95 
23; 6400;      97 
23; 6600;      97 
23; 6800;      96 
23; 7000;      98 
23; 7200;      78 
23; 7400;     125 
23; 7600;     103 
23; 7800;     130 
23; 8000;     124 
23; 8200;     143 
23; 8400;     122 
23; 8600;     115 
23; 8800;     127 
23; 9000;     119 
23; 9200;     107 
23; 9400;     117 
23; 9600;     128 
23; 9800;     107 
24; 0000;     109 
24; 0200;      91 
24; 0400;     104 
24; 0600;      82 
24; 0800;      83 
24; 1000;      86 
24; 1200;      89 
24; 1400;      99 
24; 1600;      90 
24; 1800;      89 
24; 2000;      93 
24; 2200;      80 
24; 2400;      80 
24; 2600;      76 
24; 2800;      84 
24; 3000;      96 
24; 3200;      89 
24; 3400;      98 
24; 3600;     103 
24; 3800;      89 
24; 4000;      91 
24; 4200;     113 
24; 4400;     102 
24; 4600;      91 
24; 4800;     102 
24; 5000;     116 
24; 5200;      98 
24; 5400;     137 
24; 5600;     119 
24; 5800;     138 
24; 6000;     137 
24; 6200;     136 
24; 6400;     237 
24; 6600;     257 
24; 6800;     336 
24; 7000;     448 
24; 7200;     616 
24; 7400;     823 
24; 7600;    1080 
24; 7800;    1265 
24; 8000;    1638 
24; 8200;    2076 
24; 8400;    2540 
24; 8600;    2992 
24; 8800;    3307 
24; 9000;    3613 
24; 9200;    3841 
24; 9400;    4153 
24; 9600;    4204 
24; 9800;    4219 
25; 0000;    3981 
25; 0200;    3712 
25; 0400;    3428 
25; 0600;    3058 
25; 0800;    2653 
25; 1000;    2216 
25; 1200;    1787 
25; 1400;    1496 
25; 1600;    1147 
25; 1800;     906 
25; 2000;     695 
25; 2200;     588 
25; 2400;     515 
25; 2600;     390 
25; 2800;     375 
25; 3000;     433 
25; 3200;     420 
25; 3400;     478 
25; 3600;     483 
25; 3800;     598 
25; 4000;     626 
25; 4200;     671 
25; 4400;     720 
25; 4600;     725 
25; 4800;     742 
25; 5000;     686 
25; 5200;     723 
25; 5400;     652 
25; 5600;     609 
25; 5800;     513 
25; 6000;     488 
25; 6200;     381 
25; 6400;     295 
25; 6600;     247 
25; 6800;     193 
25; 7000;     138 
25; 7200;     123 
25; 7400;      96 
25; 7600;      75 
25; 7799;      55 
25; 7999;      38 
25; 8199;      29 
25; 8399;      33 
25; 8599;      31 
25; 8799;      25 
25; 8999;      26 
25; 9199;      22 
25; 9399;      17 
25; 9599;      19 
25; 9799;      17 
25; 9999;      20 
26; 0199;      22 
26; 0399;      16 
26; 0599;      19 
26; 0799;      16 
26; 0999;      16 
26; 1199;      16 
26; 1399;      19 
26; 1599;       7 
26; 1799;      15 
26; 1999;      12 
26; 2199;      21 
26; 2399;      16 
26; 2599;      16 
26; 2799;      28 
26; 2999;      20 
26; 3199;      25 
26; 3399;      20 
26; 3599;      17 
26; 3799;      17 
26; 3999;      15 
26; 4199;      19 
26; 4399;      15 
26; 4599;      17 
26; 4799;      16 
26; 4999;      15 
26; 5199;      20 
26; 5399;      14 
26; 5599;      21 
26; 5799;      22 
26; 5999;      11 
26; 6199;      19 
26; 6399;      13 
26; 6599;      12 
26; 6799;       6 
26; 6999;      15 
26; 7199;      15 
26; 7399;      17 
26; 7599;      18 
26; 7799;      13 
26; 7999;      10 
26; 8199;      17 
26; 8399;      12 
26; 8599;      13 
26; 8799;      15 
26; 8999;      10 
26; 9199;      18 
26; 9399;      16 
26; 9599;      13 
26; 9799;      15 
26; 9999;      12 
27; 0199;      16 
27; 0399;      13 
27; 0599;      12 
27; 0799;      15 
27; 0999;      17 
27; 1199;      18 
27; 1399;       8 
27; 1599;      13 
27; 1799;      15 
27; 1999;       8 
27; 2199;      10 
27; 2399;      17 
27; 2599;      19 
27; 2799;      11 
27; 2999;      13 
27; 3199;      15 
27; 3399;      20 
27; 3599;      14 
27; 3799;      19 
27; 3999;      16 
27; 4199;      17 
27; 4399;      15 
27; 4599;      15 
27; 4799;       5 
27; 4999;      15 
27; 5199;      23 
27; 5399;      13 
27; 5599;      18 
27; 5799;      16 
27; 5999;      17 
27; 6199;      12 
27; 6399;      20 
27; 6599;      15 
27; 6799;      12 
27; 6999;      16 
27; 7199;      20 
27; 7399;      20 
27; 7599;      21 
27; 7799;      15 
27; 7999;      15 
27; 8199;      22 
27; 8399;      13 
27; 8599;      17 
27; 8799;      20 
27; 8999;      19 
27; 9199;      12 
27; 9399;      15 
27; 9599;      18 
27; 9799;      14 
27; 9999;      14 
28; 0199;      16 
28; 0399;      22 
28; 0599;      14 
28; 0799;      16 
28; 0999;      19 
28; 1199;       7 
28; 1399;      22 
28; 1599;      21 
28; 1799;      21 
28; 1999;      15 
28; 2199;      12 
28; 2399;       6 
28; 2599;      15 
28; 2799;      16 
28; 2999;      14 
28; 3199;      12 
28; 3399;      14 
28; 3599;      13 
28; 3799;      20 
28; 3999;       6 
28; 4199;      20 
28; 4399;      16 
28; 4599;      14 
28; 4799;      13 
28; 4999;      16 
28; 5199;      22 
28; 5399;      21 
28; 5599;      10 
28; 5799;      14 
28; 5999;      12 
28; 6199;      12 
28; 6399;      18 
28; 6599;      10 
28; 6799;      13 
28; 6999;      17 
28; 7199;      10 
28; 7399;      15 
28; 7599;      17 
28; 7799;      15 
28; 7999;      13 
28; 8199;      14 
28; 8399;      15 
28; 8599;      14 
28; 8799;      13 
28; 8999;      15 
28; 9199;       7 
28; 9399;       8 
28; 9599;      17 
28; 9799;      11 
28; 9999;      14 
29; 0199;      14 
29; 0399;      12 
29; 0599;       8 
29; 0799;       9 
29; 0999;      17 
29; 1199;      13 
29; 1399;       9 
29; 1599;       6 
29; 1799;       6 
29; 1999;      10 
29; 2199;       9 
29; 2399;       7 
29; 2599;       7 
29; 2799;       6 
29; 2999;       8 
29; 3199;      11 
29; 3399;       4 
29; 3599;      10 
29; 3799;       8 
29; 3999;       5 
29; 4199;      14 
29; 4399;       7 
29; 4599;       9 
29; 4799;      10 
29; 4999;      13 
29; 5199;      13 
29; 5399;      10 
29; 5599;       9 
29; 5799;      14 
29; 5999;       8 
29; 6199;       8 
29; 6399;       7 
29; 6599;      11 
29; 6799;       9 
29; 6999;      18 
29; 7199;      13 
29; 7399;      13 
29; 7599;       6 
29; 7799;       9 
29; 7999;       9 
29; 8199;       9 
29; 8399;      13 
29; 8599;      10 
29; 8799;       9 
29; 8999;       6 
29; 9199;       7 
29; 9399;      13 
29; 9599;      10 
29; 9799;      10 
29; 9999;       7 
30; 0199;      12 
30; 0399;      10 
30; 0599;       8 
30; 0799;      13 
30; 0999;      11 
30; 1199;       9 
30; 1399;      10 
30; 1599;      10 
30; 1799;      11 
30; 1999;       7 
30; 2199;      11 
30; 2399;      11 
30; 2599;      11 
30; 2799;      13 
30; 2999;      13 
30; 3199;      10 
30; 3399;       6 
30; 3599;      11 
30; 3799;       7 
30; 3999;      10 
30; 4199;       8 
30; 4399;       8 
30; 4599;      11 
30; 4799;       5 
30; 4999;       7 
30; 5199;       9 
30; 5399;       9 
30; 5599;      10 
30; 5799;       8 
30; 5999;       4 
30; 6199;       2 
30; 6399;       6 
30; 6599;       8 
30; 6799;      10 
30; 6999;      10 
30; 7199;       9 
30; 7399;       5 
30; 7599;       8 
30; 7799;      11 
30; 7999;       8 
30; 8199;       7 
30; 8399;       7 
30; 8599;      10 
30; 8799;       8 
30; 8999;       4 
30; 9199;      11 
30; 9399;       7 
30; 9599;      10 
30; 9799;       5 
30; 9999;       8 
31; 0199;       6 
31; 0399;      12 
31; 0599;       4 
31; 0799;       9 
31; 0999;       9 
31; 1199;       7 
31; 1399;       8 
31; 1599;       7 
31; 1799;       9 
31; 1999;       8 
31; 2199;       2 
31; 2399;       6 
31; 2599;       5 
31; 2799;      13 
31; 2999;       9 
31; 3199;       9 
31; 3399;       9 
31; 3599;       4 
31; 3799;       8 
31; 3999;       9 
31; 4199;       8 
31; 4399;       9 
31; 4599;       7 
31; 4799;       7 
31; 4999;       5 
31; 5199;       7 
31; 5399;       6 
31; 5599;       9 
31; 5799;       5 
31; 5999;       7 
31; 6199;       9 
31; 6399;       9 
31; 6599;       4 
31; 6799;       5 
31; 6999;       6 
31; 7199;       6 
31; 7399;      10 
31; 7599;       8 
31; 7799;      11 
31; 7999;       4 
31; 8199;      11 
31; 8399;       8 
31; 8599;       6 
31; 8799;       7 
31; 8999;      10 
31; 9199;       8 
31; 9399;       6 
31; 9599;       7 
31; 9799;       5 
31; 9999;       6 
32; 0199;      11 
32; 0399;       6 
32; 0599;       8 
32; 0799;       4 
32; 0999;       5 
32; 1199;      10 
32; 1399;       5 
32; 1599;       6 
32; 1799;       6 
32; 1999;       3 
32; 2199;       3 
32; 2399;       9 
32; 2599;       9 
32; 2799;       5 
32; 2999;       6 
32; 3199;       7 
32; 3399;       5 
32; 3599;       6 
32; 3799;       6 
32; 3999;       4 
32; 4199;       6 
32; 4399;       2 
32; 4599;       5 
32; 4799;       5 
32; 4999;       6 
32; 5199;       6 
32; 5399;       4 
32; 5599;      11 
32; 5799;       9 
32; 5999;       3 
32; 6199;       6 
32; 6399;       7 
32; 6599;       4 
32; 6799;       6 
32; 6999;       4 
32; 7199;       3 
32; 7399;       6 
32; 7599;       3 
32; 7799;      12 
32; 7999;       3 
32; 8199;       2 
32; 8399;       7 
32; 8599;       3 
32; 8799;       6 
32; 8999;      12 
32; 9199;       7 
32; 9399;       9 
32; 9599;       3 
32; 9799;      10 
32; 9999;       3 
33; 0199;       2 
33; 0399;      11 
33; 0599;       4 
33; 0799;       4 
33; 0999;       8 
33; 1199;       6 
33; 1399;      10 
33; 1599;       4 
33; 1799;       2 
33; 1999;       3 
33; 2199;       6 
33; 2399;       7 
33; 2599;       4 
33; 2799;       4 
33; 2999;       8 
33; 3199;       6 
33; 3399;       2 
33; 3599;       4 
33; 3799;       4 
33; 3999;       3 
33; 4199;       4 
33; 4399;       3 
33; 4599;       9 
33; 4799;       2 
33; 4999;       5 
33; 5199;       5 
33; 5399;       2 
33; 5599;       4 
33; 5799;       4 
33; 5999;       4 
33; 6199;       4 
33; 6399;       4 
33; 6599;       4 
33; 6799;       1 
33; 6999;       2 
33; 7199;      10 
33; 7399;       0 
33; 7599;       7 
33; 7799;      12 
33; 7999;       4 
33; 8199;       6 
33; 8399;       4 
33; 8599;       6 
33; 8799;       4 
33; 8999;       6 
33; 9199;       4 
33; 9399;       3 
33; 9599;       7 
33; 9799;       5 
33; 9999;       5 
34; 0199;       5 
34; 0399;       2 
34; 0599;       5 
34; 0799;       5 
34; 0999;       4 
34; 1199;       9 
34; 1399;       6 
34; 1599;       3 
34; 1799;       3 
34; 1999;       9 
34; 2199;       5 
34; 2399;       3 
34; 2599;       5 
34; 2799;       4 
34; 2999;       5 
34; 3199;       8 
34; 3399;       1 
34; 3599;       5 
34; 3799;       2 
34; 3999;       4 
34; 4199;       1 
34; 4399;       5 
34; 4599;       4 
34; 4799;       7 
34; 4999;       2 
34; 5199;       6 
34; 5399;       6 
34; 5599;       4 
34; 5799;       5 
34; 5999;       1 
34; 6199;       3 
34; 6399;       2 
34; 6599;       3 
34; 6799;       4 
34; 6999;       0 
34; 7199;       5 
34; 7399;       5 
34; 7599;       3 
34; 7799;       3 
34; 7999;       2 
34; 8199;       3 
34; 8399;       4 
34; 8599;       5 
34; 8799;       4 
34; 8999;       4 
34; 9199;       2 
34; 9399;       3 
34; 9599;       3 
34; 9799;       4 
34; 9999;       3 
35; 0199;       2 
35; 0399;       1 
35; 0599;       3 
35; 0799;       3 
35; 0999;       5 
35; 1199;       2 
35; 1399;       2 
35; 1599;       1 
35; 1799;       4 
35; 1999;       1 
35; 2199;       5 
35; 2399;       5 
35; 2599;       3 
35; 2799;       2 
35; 2999;       3 
35; 3199;       5 
35; 3399;       4 
35; 3599;       2 
35; 3799;       0 
35; 3999;       1 
35; 4199;       1 
35; 4399;       2 
35; 4599;       3 
35; 4799;       0 
35; 4999;       3 
35; 5199;       3 
35; 5399;       5 
35; 5599;       3 
35; 5799;       0 
35; 5999;       1 
35; 6199;       2 
35; 6399;       1 
35; 6599;       1 
35; 6799;       2 
35; 6999;       1 
35; 7199;       1 
35; 7399;       4 
35; 7599;       1 
35; 7799;       1 
35; 7999;       4 
35; 8199;       1 
35; 8399;       2 
35; 8599;       1 
35; 8799;       1 
35; 8999;       1 
35; 9199;       2 
35; 9399;       3 
35; 9599;       1 
35; 9799;       1 
35; 9999;       2 
36; 0199;       0 
36; 0399;       3 
36; 0599;       1 
36; 0799;       1 
36; 0999;       5 
36; 1199;       6 
36; 1399;       3 
36; 1599;       0 
36; 1799;       3 
36; 1999;       2 
36; 2199;       3 
36; 2399;       5 
36; 2599;       4 
36; 2799;       0 
36; 2999;       3 
36; 3199;       2 
36; 3399;       2 
36; 3599;       1 
36; 3799;       1 
36; 3999;       0 
36; 4199;       3 
36; 4399;       0 
36; 4599;       2 
36; 4799;       5 
36; 4999;       0 
36; 5199;       3 
36; 5399;       1 
36; 5599;       1 
36; 5799;       2 
36; 5999;       1 
36; 6199;       0 
36; 6399;       2 
36; 6599;       3 
36; 6799;       1 
36; 6999;       0 
36; 7199;       1 
36; 7399;       1 
36; 7599;       4 
36; 7799;       3 
36; 7999;       0 
36; 8199;       4 
36; 8399;       1 
36; 8599;       2 
36; 8799;       3 
36; 8999;       2 
36; 9199;       1 
36; 9399;       3 
36; 9599;       2 
36; 9799;       3 
36; 9999;       0 
37; 0199;       0 
37; 0399;       0 
37; 0599;       0 
37; 0799;       0 
37; 0999;       1 
37; 1199;       3 
37; 1399;       1 
37; 1599;       1 
37; 1799;       1 
37; 1999;       1 
37; 2199;       1 
37; 2399;       3 
37; 2599;       2 
37; 2799;       2 
37; 2999;       1 
37; 3199;       4 
37; 3399;       0 
37; 3599;       1 
37; 3799;       3 
37; 3999;       0 
37; 4199;       0 
37; 4399;       2 
37; 4599;       2 
37; 4799;       2 
37; 4999;       1 
37; 5199;       5 
37; 5399;       1 
37; 5599;       3 
37; 5799;       2 
37; 5999;       2 
37; 6199;       1 
37; 6399;       0 
37; 6599;       1 
37; 6799;       1 
37; 6999;       0 
37; 7199;       3 
37; 7399;       1 
37; 7599;       1 
37; 7799;       2 
37; 7999;       0 
37; 8199;       1 
37; 8399;       2 
37; 8599;       0 
37; 8799;       2 
37; 8999;       1 
37; 9199;       0 
37; 9399;       2 
37; 9599;       0 
37; 9799;       2 
37; 9999;       3 
38; 0199;       3 
38; 0399;       2 
38; 0599;       1 
38; 0799;       1 
38; 0999;       1 
38; 1199;       3 
38; 1399;       0 
38; 1599;       1 
38; 1799;       2 
38; 1999;       3 
38; 2199;       3 
38; 2399;       0 
38; 2599;       2 
38; 2799;       1 
38; 2999;       0 
38; 3199;       1 
38; 3399;       0 
38; 3599;       0 
38; 3799;       1 
38; 3999;       2 
38; 4199;       0 
38; 4399;       2 
38; 4599;       0 
38; 4799;       0 
38; 4999;       0 
38; 5199;       0 
38; 5399;       2 
38; 5599;       1 
38; 5799;       1 
38; 5999;       1 
38; 6199;       0 
38; 6399;       3 
38; 6599;       1 
38; 6799;       2 
38; 6999;       2 
38; 7199;       1 
38; 7399;       2 
38; 7599;       0 
38; 7799;       2 
38; 7999;       3 
38; 8199;       0 
38; 8399;       0 
38; 8599;       1 
38; 8799;       1 
38; 8999;       0 
38; 9199;       0 
38; 9399;       3 
38; 9599;       0 
38; 9799;       1 
38; 9999;       1 
39; 0199;       0 
39; 0399;       1 
39; 0599;       1 
39; 0799;       2 
39; 0999;       0 
39; 1199;       2 
39; 1399;       1 
39; 1599;       1 
39; 1799;       3 
39; 1999;       0 
39; 2199;       1 
39; 2399;       0 
39; 2599;       0 
39; 2799;       0 
39; 2999;       1 
39; 3199;       0 
39; 3399;       0 
39; 3599;       2 
39; 3799;       1 
39; 3999;       0 
39; 4199;       1 
39; 4399;       1 
39; 4599;       2 
39; 4799;       0 
39; 4999;       1 
39; 5199;       3 
39; 5399;       0 
39; 5599;       0 
39; 5799;       2 
39; 5999;       1 
39; 6199;       0 
39; 6399;       0 
39; 6599;       2 
39; 6799;       1 
39; 6999;       0 
39; 7199;       0 
39; 7399;       1 
39; 7599;       0 
39; 7799;       0 
39; 7999;       4 
39; 8199;       0 
39; 8399;       2 
39; 8599;       1 
39; 8799;       0 
39; 8999;       1 
39; 9199;       0 
39; 9399;       2 
39; 9599;       0 
39; 9799;       2 
39; 9999;       3 
40; 0199;       0 
40; 0399;       0 
40; 0599;       0 
40; 0799;       2 
40; 0999;       1 
40; 1199;       0 
40; 1399;       0 
40; 1599;       0 
40; 1799;       1 
40; 1999;       0 
40; 2199;       0 
40; 2399;       0 
40; 2599;       1 
40; 2799;       1 
40; 2999;       1 
40; 3199;       1 
40; 3399;       0 
40; 3599;       2 
40; 3799;       0 
40; 3999;       1 
40; 4199;       1 
40; 4399;       1 
40; 4599;       0 
40; 4799;       0 
40; 4999;       2 
40; 5199;       1 
40; 5399;       1 
40; 5599;       1 
40; 5799;       2 
40; 5999;       0 
40; 6199;       0 
40; 6399;       0 
40; 6599;       0 
40; 6799;       2 
40; 6999;       1 
40; 7199;       2 
40; 7399;       0 
40; 7599;       0 
40; 7799;       1 
40; 7999;       1 
40; 8199;       0 
40; 8399;       0 
40; 8599;       3 
40; 8799;       0 
40; 8999;       1 
40; 9199;       1 
40; 9399;       0 
