0; 0000;     388 
0; 0200;     388 
0; 0399;     278 
0; 0599;     164 
0; 0799;      94 
0; 0999;      48 
0; 1198;      17 
0; 1398;      11 
0; 1598;       5 
0; 1798;       1 
0; 1997;       1 
0; 2197;       0 
0; 2397;       1 
0; 2596;       0 
0; 2796;       1 
0; 2996;       0 
0; 3196;       0 
0; 3395;       0 
0; 3595;       1 
0; 3795;       1 
0; 3995;       0 
0; 4194;       0 
0; 4394;       0 
0; 4594;       1 
0; 4793;       0 
0; 4993;       0 
0; 5193;       1 
0; 5393;       3 
0; 5592;       4 
0; 5792;      20 
0; 5992;      52 
0; 6192;     151 
0; 6391;     285 
0; 6591;     313 
0; 6791;     320 
0; 6990;     305 
0; 7190;     316 
0; 7390;     299 
0; 7590;     328 
0; 7789;     330 
0; 7989;     299 
0; 8189;     263 
0; 8389;     327 
0; 8588;     308 
0; 8788;     297 
0; 8988;     316 
0; 9187;     291 
0; 9387;     297 
0; 9587;     326 
0; 9787;     296 
0; 9986;     294 
1; 0186;     286 
1; 0386;     308 
1; 0586;     301 
1; 0785;     276 
1; 0985;     287 
1; 1185;     273 
1; 1384;     306 
1; 1584;     294 
1; 1784;     321 
1; 1984;     286 
1; 2183;     329 
1; 2383;     311 
1; 2583;     311 
1; 2783;     303 
1; 2982;     326 
1; 3182;     310 
1; 3382;     296 
1; 3581;     318 
1; 3781;     274 
1; 3981;     274 
1; 4181;     314 
1; 4380;     312 
1; 4580;     301 
1; 4780;     265 
1; 4980;     311 
1; 5179;     290 
1; 5379;     269 
1; 5579;     287 
1; 5778;     271 
1; 5978;     246 
1; 6178;     258 
1; 6378;     275 
1; 6577;     288 
1; 6777;     298 
1; 6977;     288 
1; 7177;     307 
1; 7376;     255 
1; 7576;     265 
1; 7776;     277 
1; 7975;     274 
1; 8175;     268 
1; 8375;     238 
1; 8575;     206 
1; 8774;     255 
1; 8974;     228 
1; 9174;     245 
1; 9374;     237 
1; 9573;     235 
1; 9773;     240 
1; 9973;     215 
2; 0172;     221 
2; 0372;     250 
2; 0572;     222 
2; 0772;     233 
2; 0971;     219 
2; 1171;     231 
2; 1371;     283 
2; 1570;     270 
2; 1770;     307 
2; 1970;     368 
2; 2170;     406 
2; 2369;     462 
2; 2569;     525 
2; 2769;     603 
2; 2969;     618 
2; 3168;     637 
2; 3368;     599 
2; 3568;     530 
2; 3767;     492 
2; 3967;     429 
2; 4167;     372 
2; 4367;     367 
2; 4566;     349 
2; 4766;     328 
2; 4966;     364 
2; 5166;     460 
2; 5365;     531 
2; 5565;     655 
2; 5765;     841 
2; 5964;    1072 
2; 6164;    1189 
2; 6364;    1406 
2; 6564;    1428 
2; 6763;    1589 
2; 6963;    1485 
2; 7163;    1465 
2; 7363;    1369 
2; 7562;    1286 
2; 7762;    1237 
2; 7962;    1225 
2; 8161;    1226 
2; 8361;    1364 
2; 8561;    1531 
2; 8761;    1854 
2; 8960;    2293 
2; 9160;    2687 
2; 9360;    3082 
2; 9560;    3562 
2; 9759;    3645 
2; 9959;    3603 
3; 0159;    3324 
3; 0358;    2980 
3; 0558;    2586 
3; 0758;    2325 
3; 0958;    2171 
3; 1157;    2111 
3; 1357;    2201 
3; 1557;    2218 
3; 1757;    2239 
3; 1956;    1976 
3; 2156;    1746 
3; 2356;    1541 
3; 2555;    1364 
3; 2755;    1230 
3; 2955;    1098 
3; 3155;     905 
3; 3354;     976 
3; 3554;     821 
3; 3754;     723 
3; 3954;     647 
3; 4153;     576 
3; 4353;     427 
3; 4553;     409 
3; 4752;     389 
3; 4952;     378 
3; 5152;     393 
3; 5352;     351 
3; 5551;     423 
3; 5751;     438 
3; 5951;     519 
3; 6151;     534 
3; 6350;     631 
3; 6550;     753 
3; 6750;     818 
3; 6949;     844 
3; 7149;     793 
3; 7349;     724 
3; 7549;     671 
3; 7748;     540 
3; 7948;     455 
3; 8148;     368 
3; 8348;     297 
3; 8547;     285 
3; 8747;     254 
3; 8947;     203 
3; 9146;     215 
3; 9346;     233 
3; 9546;     271 
3; 9746;     292 
3; 9945;     316 
4; 0145;     293 
4; 0345;     329 
4; 0545;     238 
4; 0744;     276 
4; 0944;     258 
4; 1144;     240 
4; 1343;     241 
4; 1543;     223 
4; 1743;     216 
4; 1943;     209 
4; 2142;     231 
4; 2342;     233 
4; 2542;     226 
4; 2742;     246 
4; 2941;     240 
4; 3141;     232 
4; 3341;     222 
4; 3540;     262 
4; 3740;     254 
4; 3940;     269 
4; 4140;     266 
4; 4339;     283 
4; 4539;     292 
4; 4739;     361 
4; 4939;     332 
4; 5138;     349 
4; 5338;     344 
4; 5538;     323 
4; 5737;     316 
4; 5937;     299 
4; 6137;     253 
4; 6337;     273 
4; 6536;     277 
4; 6736;     256 
4; 6936;     289 
4; 7136;     278 
4; 7335;     283 
4; 7535;     282 
4; 7735;     296 
4; 7934;     267 
4; 8134;     280 
4; 8334;     289 
4; 8534;     286 
4; 8733;     296 
4; 8933;     326 
4; 9133;     306 
4; 9333;     315 
4; 9532;     296 
4; 9732;     323 
4; 9932;     321 
5; 0131;     299 
5; 0331;     302 
5; 0531;     314 
5; 0731;     315 
5; 0930;     304 
5; 1130;     266 
5; 1330;     298 
5; 1530;     304 
5; 1729;     356 
5; 1929;     287 
5; 2129;     320 
5; 2328;     319 
5; 2528;     327 
5; 2728;     296 
5; 2928;     340 
5; 3127;     309 
5; 3327;     352 
5; 3527;     351 
5; 3727;     350 
5; 3926;     368 
5; 4126;     354 
5; 4326;     379 
5; 4525;     387 
5; 4725;     373 
5; 4925;     402 
5; 5125;     394 
5; 5324;     397 
5; 5524;     392 
5; 5724;     372 
5; 5924;     392 
5; 6123;     354 
5; 6323;     394 
5; 6523;     426 
5; 6722;     417 
5; 6922;     424 
5; 7122;     428 
5; 7322;     432 
5; 7521;     456 
5; 7721;     460 
5; 7921;     447 
5; 8121;     483 
5; 8320;     431 
5; 8520;     505 
5; 8720;     442 
5; 8919;     447 
5; 9119;     460 
5; 9319;     459 
5; 9519;     469 
5; 9718;     490 
5; 9918;     501 
6; 0118;     466 
6; 0317;     449 
6; 0517;     465 
6; 0717;     468 
6; 0917;     467 
6; 1116;     518 
6; 1316;     519 
6; 1516;     497 
6; 1716;     524 
6; 1915;     517 
6; 2115;     569 
6; 2315;     628 
6; 2514;     721 
6; 2714;     824 
6; 2914;     897 
6; 3114;    1077 
6; 3313;    1103 
6; 3513;    1231 
6; 3713;    1265 
6; 3913;    1261 
6; 4112;    1199 
6; 4312;    1193 
6; 4512;    1125 
6; 4711;    1025 
6; 4911;     852 
6; 5111;     724 
6; 5311;     690 
6; 5510;     559 
6; 5710;     537 
6; 5910;     496 
6; 6110;     495 
6; 6309;     486 
6; 6509;     464 
6; 6709;     451 
6; 6908;     450 
6; 7108;     463 
6; 7308;     473 
6; 7508;     485 
6; 7707;     515 
6; 7907;     525 
6; 8107;     512 
6; 8307;     506 
6; 8506;     497 
6; 8706;     555 
6; 8906;     499 
6; 9105;     485 
6; 9305;     559 
6; 9505;     531 
6; 9705;     620 
6; 9904;     666 
7; 0104;     623 
7; 0304;     638 
7; 0504;     639 
7; 0703;     679 
7; 0903;     657 
7; 1103;     678 
7; 1302;     644 
7; 1502;     620 
7; 1702;     689 
7; 1902;     634 
7; 2101;     684 
7; 2301;     694 
7; 2501;     706 
7; 2701;     758 
7; 2900;     749 
7; 3100;     803 
7; 3300;     941 
7; 3499;     923 
7; 3699;    1041 
7; 3899;    1075 
7; 4099;    1134 
7; 4298;    1209 
7; 4498;    1261 
7; 4698;    1298 
7; 4898;    1273 
7; 5097;    1226 
7; 5297;    1165 
7; 5497;    1078 
7; 5696;    1055 
7; 5896;     984 
7; 6096;     870 
7; 6296;     800 
7; 6495;     854 
7; 6695;     839 
7; 6895;     884 
7; 7095;     860 
7; 7294;     886 
7; 7494;     989 
7; 7694;    1168 
7; 7893;    1474 
7; 8093;    2017 
7; 8293;    2858 
7; 8493;    4481 
7; 8692;    7166 
7; 8892;   11473 
7; 9092;   17581 
7; 9292;   25577 
7; 9491;   34966 
7; 9691;   45825 
7; 9891;   56474 
8; 0090;   64741 
8; 0290;   71494 
8; 0490;   73397 
8; 0690;   70634 
8; 0889;   63769 
8; 1089;   54997 
8; 1289;   44301 
8; 1489;   33466 
8; 1688;   23842 
8; 1888;   16295 
8; 2088;   10275 
8; 2287;    6528 
8; 2487;    3894 
8; 2687;    2378 
8; 2887;    1599 
8; 3086;    1196 
8; 3286;     893 
8; 3486;     794 
8; 3686;     704 
8; 3885;     670 
8; 4085;     647 
8; 4285;     671 
8; 4484;     644 
8; 4684;     680 
8; 4884;     662 
8; 5084;     663 
8; 5283;     695 
8; 5483;     699 
8; 5683;     724 
8; 5883;     750 
8; 6082;     717 
8; 6282;     800 
8; 6482;     923 
8; 6681;    1018 
8; 6881;    1129 
8; 7081;    1284 
8; 7281;    1810 
8; 7480;    2350 
8; 7680;    3324 
8; 7880;    4321 
8; 8080;    5669 
8; 8279;    7272 
8; 8479;    8839 
8; 8679;   10049 
8; 8878;   10830 
8; 9078;   11438 
8; 9278;   11035 
8; 9478;   10119 
8; 9677;    9121 
8; 9877;    7569 
9; 0077;    6117 
9; 0277;    4477 
9; 0476;    3343 
9; 0676;    2277 
9; 0876;    1556 
9; 1075;    1076 
9; 1275;     725 
9; 1475;     565 
9; 1675;     467 
9; 1874;     418 
9; 2074;     412 
9; 2274;     395 
9; 2474;     404 
9; 2673;     348 
9; 2873;     337 
9; 3073;     311 
9; 3272;     350 
9; 3472;     340 
9; 3672;     327 
9; 3872;     310 
9; 4071;     323 
9; 4271;     330 
9; 4471;     343 
9; 4671;     334 
9; 4870;     369 
9; 5070;     386 
9; 5270;     435 
9; 5469;     474 
9; 5669;     544 
9; 5869;     588 
9; 6069;     676 
9; 6268;     860 
9; 6468;     904 
9; 6668;     966 
9; 6868;    1105 
9; 7067;    1073 
9; 7267;    1126 
9; 7467;    1140 
9; 7666;     912 
9; 7866;     936 
9; 8066;     778 
9; 8266;     702 
9; 8465;     575 
9; 8665;     544 
9; 8865;     500 
9; 9064;     451 
9; 9264;     362 
9; 9464;     398 
9; 9664;     385 
9; 9863;     364 
10; 0063;     346 
10; 0263;     337 
10; 0463;     346 
10; 0662;     323 
10; 0862;     348 
10; 1062;     311 
10; 1261;     322 
10; 1461;     335 
10; 1661;     350 
10; 1861;     317 
10; 2060;     369 
10; 2260;     372 
10; 2460;     338 
10; 2660;     356 
10; 2859;     324 
10; 3059;     368 
10; 3259;     357 
10; 3458;     385 
10; 3658;     414 
10; 3858;     440 
10; 4058;     484 
10; 4257;     540 
10; 4457;     600 
10; 4657;     629 
10; 4857;     746 
10; 5056;     716 
10; 5256;     827 
10; 5456;     855 
10; 5655;     856 
10; 5855;     866 
10; 6055;     789 
10; 6255;     682 
10; 6454;     706 
10; 6654;     557 
10; 6854;     561 
10; 7054;     499 
10; 7253;     426 
10; 7453;     429 
10; 7653;     401 
10; 7852;     391 
10; 8052;     390 
10; 8252;     390 
10; 8452;     403 
10; 8651;     393 
10; 8851;     387 
10; 9051;     319 
10; 9251;     345 
10; 9450;     362 
10; 9650;     375 
10; 9850;     346 
11; 0049;     338 
11; 0249;     350 
11; 0449;     356 
11; 0649;     370 
11; 0848;     338 
11; 1048;     386 
11; 1248;     379 
11; 1448;     402 
11; 1647;     380 
11; 1847;     407 
11; 2047;     406 
11; 2246;     392 
11; 2446;     430 
11; 2646;     444 
11; 2846;     463 
11; 3045;     510 
11; 3245;     521 
11; 3445;     588 
11; 3645;     641 
11; 3844;     813 
11; 4044;     797 
11; 4244;     848 
11; 4443;     897 
11; 4643;     936 
11; 4843;     957 
11; 5043;     906 
11; 5242;     882 
11; 5442;     878 
11; 5642;     854 
11; 5842;     720 
11; 6041;     747 
11; 6241;     657 
11; 6441;     608 
11; 6640;     598 
11; 6840;     512 
11; 7040;     465 
11; 7240;     400 
11; 7439;     372 
11; 7639;     378 
11; 7839;     358 
11; 8039;     365 
11; 8238;     352 
11; 8438;     384 
11; 8638;     364 
11; 8837;     351 
11; 9037;     345 
11; 9237;     368 
11; 9437;     334 
11; 9636;     358 
11; 9836;     342 
12; 0036;     312 
12; 0236;     364 
12; 0435;     336 
12; 0635;     299 
12; 0835;     297 
12; 1034;     326 
12; 1234;     325 
12; 1434;     280 
12; 1634;     307 
12; 1833;     316 
12; 2033;     325 
12; 2233;     320 
12; 2433;     275 
12; 2632;     309 
12; 2832;     323 
12; 3032;     316 
12; 3231;     352 
12; 3431;     336 
12; 3631;     339 
12; 3831;     306 
12; 4030;     332 
12; 4230;     317 
12; 4430;     369 
12; 4630;     400 
12; 4829;     417 
12; 5029;     494 
12; 5229;     521 
12; 5428;     595 
12; 5628;     621 
12; 5828;     775 
12; 6028;     800 
12; 6227;     823 
12; 6427;     812 
12; 6627;     761 
12; 6827;     773 
12; 7026;     682 
12; 7226;     610 
12; 7426;     537 
12; 7625;     502 
12; 7825;     428 
12; 8025;     447 
12; 8225;     392 
12; 8424;     332 
12; 8624;     345 
12; 8824;     338 
12; 9024;     363 
12; 9223;     346 
12; 9423;     326 
12; 9623;     323 
12; 9822;     349 
13; 0022;     304 
13; 0222;     315 
13; 0422;     307 
13; 0621;     321 
13; 0821;     326 
13; 1021;     340 
13; 1221;     281 
13; 1420;     308 
13; 1620;     296 
13; 1820;     315 
13; 2019;     304 
13; 2219;     262 
13; 2419;     316 
13; 2619;     316 
13; 2818;     283 
13; 3018;     334 
13; 3218;     352 
13; 3418;     388 
13; 3617;     379 
13; 3817;     427 
13; 4017;     389 
13; 4216;     362 
13; 4416;     384 
13; 4616;     337 
13; 4816;     318 
13; 5015;     307 
13; 5215;     304 
13; 5415;     274 
13; 5615;     275 
13; 5814;     287 
13; 6014;     282 
13; 6214;     284 
13; 6413;     246 
13; 6613;     271 
13; 6813;     257 
13; 7013;     278 
13; 7212;     248 
13; 7412;     239 
13; 7612;     289 
13; 7812;     261 
13; 8011;     282 
13; 8211;     249 
13; 8411;     274 
13; 8610;     246 
13; 8810;     267 
13; 9010;     266 
13; 9210;     246 
13; 9409;     270 
13; 9609;     247 
13; 9809;     255 
14; 0008;     206 
14; 0208;     226 
14; 0408;     219 
14; 0608;     235 
14; 0807;     209 
14; 1007;     234 
14; 1207;     222 
14; 1407;     192 
14; 1606;     242 
14; 1806;     224 
14; 2006;     197 
14; 2205;     230 
14; 2405;     231 
14; 2605;     214 
14; 2805;     232 
14; 3004;     215 
14; 3204;     237 
14; 3404;     205 
14; 3604;     227 
14; 3803;     225 
14; 4003;     245 
14; 4203;     210 
14; 4402;     194 
14; 4602;     199 
14; 4802;     202 
14; 5002;     199 
14; 5201;     203 
14; 5401;     217 
14; 5601;     230 
14; 5801;     202 
14; 6000;     231 
14; 6200;     214 
14; 6400;     241 
14; 6599;     236 
14; 6799;     269 
14; 6999;     267 
14; 7199;     305 
14; 7398;     309 
14; 7598;     321 
14; 7798;     278 
14; 7998;     320 
14; 8197;     291 
14; 8397;     280 
14; 8597;     286 
14; 8796;     271 
14; 8996;     253 
14; 9196;     226 
14; 9396;     250 
14; 9595;     228 
14; 9795;     226 
14; 9995;     218 
15; 0195;     202 
15; 0394;     210 
15; 0594;     222 
15; 0794;     245 
15; 0993;     194 
15; 1193;     242 
15; 1393;     209 
15; 1593;     246 
15; 1792;     247 
15; 1992;     261 
15; 2192;     218 
15; 2392;     249 
15; 2591;     263 
15; 2791;     240 
15; 2991;     243 
15; 3190;     209 
15; 3390;     229 
15; 3590;     203 
15; 3790;     200 
15; 3989;     217 
15; 4189;     222 
15; 4389;     221 
15; 4589;     206 
15; 4788;     184 
15; 4988;     179 
15; 5188;     177 
15; 5387;     185 
15; 5587;     190 
15; 5787;     188 
15; 5987;     201 
15; 6186;     200 
15; 6386;     210 
15; 6586;     205 
15; 6786;     197 
15; 6985;     239 
15; 7185;     177 
15; 7385;     181 
15; 7584;     195 
15; 7784;     183 
15; 7984;     191 
15; 8184;     221 
15; 8383;     222 
15; 8583;     202 
15; 8783;     208 
15; 8983;     209 
15; 9182;     206 
15; 9382;     245 
15; 9582;     248 
15; 9781;     296 
15; 9981;     329 
16; 0181;     345 
16; 0381;     364 
16; 0580;     359 
16; 0780;     378 
16; 0980;     401 
16; 1180;     425 
16; 1379;     399 
16; 1579;     383 
16; 1779;     363 
16; 1978;     347 
16; 2178;     325 
16; 2378;     296 
16; 2578;     249 
16; 2777;     249 
16; 2977;     232 
16; 3177;     188 
16; 3377;     173 
16; 3576;     208 
16; 3776;     210 
16; 3976;     178 
16; 4175;     176 
16; 4375;     147 
16; 4575;     146 
16; 4775;     174 
16; 4974;     161 
16; 5174;     165 
16; 5374;     175 
16; 5574;     186 
16; 5773;     187 
16; 5973;     156 
16; 6173;     159 
16; 6372;     186 
16; 6572;     145 
16; 6772;     142 
16; 6972;     154 
16; 7171;     216 
16; 7371;     164 
16; 7571;     167 
16; 7771;     171 
16; 7970;     142 
16; 8170;     180 
16; 8370;     190 
16; 8569;     187 
16; 8769;     191 
16; 8969;     247 
16; 9169;     191 
16; 9368;     233 
16; 9568;     228 
16; 9768;     235 
16; 9968;     207 
17; 0167;     227 
17; 0367;     221 
17; 0567;     200 
17; 0766;     200 
17; 0966;     172 
17; 1166;     181 
17; 1366;     155 
17; 1565;     187 
17; 1765;     157 
17; 1965;     185 
17; 2165;     167 
17; 2364;     168 
17; 2564;     139 
17; 2764;     179 
17; 2963;     147 
17; 3163;     147 
17; 3363;     159 
17; 3563;     132 
17; 3762;     142 
17; 3962;     158 
17; 4162;     134 
17; 4362;     148 
17; 4561;     149 
17; 4761;     146 
17; 4961;     163 
17; 5160;     191 
17; 5360;     155 
17; 5560;     158 
17; 5760;     149 
17; 5959;     124 
17; 6159;     166 
17; 6359;     152 
17; 6559;     158 
17; 6758;     194 
17; 6958;     163 
17; 7158;     166 
17; 7357;     176 
17; 7557;     169 
17; 7757;     165 
17; 7957;     154 
17; 8156;     174 
17; 8356;     168 
17; 8556;     201 
17; 8755;     170 
17; 8955;     161 
17; 9155;     158 
17; 9355;     149 
17; 9554;     148 
17; 9754;     152 
17; 9954;     156 
18; 0154;     134 
18; 0353;     138 
18; 0553;     145 
18; 0753;     144 
18; 0952;     168 
18; 1152;     150 
18; 1352;     163 
18; 1552;     151 
18; 1751;     168 
18; 1951;     156 
18; 2151;     178 
18; 2351;     172 
18; 2550;     157 
18; 2750;     155 
18; 2950;     156 
18; 3149;     167 
18; 3349;     155 
18; 3549;     159 
18; 3749;     144 
18; 3948;     190 
18; 4148;     191 
18; 4348;     155 
18; 4548;     176 
18; 4747;     208 
18; 4947;     201 
18; 5147;     175 
18; 5346;     196 
18; 5546;     189 
18; 5746;     167 
18; 5946;     205 
18; 6145;     193 
18; 6345;     209 
18; 6545;     223 
18; 6745;     207 
18; 6944;     249 
18; 7144;     212 
18; 7344;     213 
18; 7543;     211 
18; 7743;     241 
18; 7943;     247 
18; 8143;     264 
18; 8342;     256 
18; 8542;     263 
18; 8742;     288 
18; 8942;     271 
18; 9141;     256 
18; 9341;     266 
18; 9541;     274 
18; 9740;     285 
18; 9940;     274 
19; 0140;     293 
19; 0340;     306 
19; 0539;     298 
19; 0739;     342 
19; 0939;     297 
19; 1139;     316 
19; 1338;     325 
19; 1538;     268 
19; 1738;     310 
19; 1937;     271 
19; 2137;     287 
19; 2337;     268 
19; 2537;     263 
19; 2736;     283 
19; 2936;     281 
19; 3136;     226 
19; 3336;     233 
19; 3535;     216 
19; 3735;     209 
19; 3935;     211 
19; 4134;     236 
19; 4334;     181 
19; 4534;     197 
19; 4734;     199 
19; 4933;     189 
19; 5133;     161 
19; 5333;     207 
19; 5533;     206 
19; 5732;     179 
19; 5932;     185 
19; 6132;     173 
19; 6331;     170 
19; 6531;     170 
19; 6731;     185 
19; 6931;     149 
19; 7130;     149 
19; 7330;     165 
19; 7530;     175 
19; 7730;     194 
19; 7929;     172 
19; 8129;     147 
19; 8329;     179 
19; 8528;     193 
19; 8728;     189 
19; 8928;     185 
19; 9128;     205 
19; 9327;     215 
19; 9527;     222 
19; 9727;     279 
19; 9927;     294 
20; 0126;     333 
20; 0326;     350 
20; 0526;     419 
20; 0725;     488 
20; 0925;     515 
20; 1125;     536 
20; 1325;     589 
20; 1524;     598 
20; 1724;     628 
20; 1924;     674 
20; 2124;     647 
20; 2323;     636 
20; 2523;     620 
20; 2723;     607 
20; 2922;     558 
20; 3122;     474 
20; 3322;     464 
20; 3522;     421 
20; 3721;     324 
20; 3921;     342 
20; 4121;     273 
20; 4321;     282 
20; 4520;     209 
20; 4720;     225 
20; 4920;     214 
20; 5119;     197 
20; 5319;     219 
20; 5519;     186 
20; 5719;     172 
20; 5918;     187 
20; 6118;     185 
20; 6318;     204 
20; 6518;     180 
20; 6717;     163 
20; 6917;     165 
20; 7117;     178 
20; 7316;     215 
20; 7516;     191 
20; 7716;     213 
20; 7916;     220 
20; 8115;     153 
20; 8315;     184 
20; 8515;     219 
20; 8715;     241 
20; 8914;     227 
20; 9114;     229 
20; 9314;     239 
20; 9513;     245 
20; 9713;     261 
20; 9913;     284 
21; 0113;     312 
21; 0312;     344 
21; 0512;     337 
21; 0712;     333 
21; 0912;     328 
21; 1111;     379 
21; 1311;     359 
21; 1511;     393 
21; 1710;     392 
21; 1910;     356 
21; 2110;     404 
21; 2310;     362 
21; 2509;     317 
21; 2709;     335 
21; 2909;     297 
21; 3109;     306 
21; 3308;     273 
21; 3508;     284 
21; 3708;     289 
21; 3907;     284 
21; 4107;     261 
21; 4307;     239 
21; 4507;     268 
21; 4706;     251 
21; 4906;     263 
21; 5106;     293 
21; 5306;     261 
21; 5505;     249 
21; 5705;     276 
21; 5905;     294 
21; 6104;     302 
21; 6304;     335 
21; 6504;     327 
21; 6704;     387 
21; 6903;     453 
21; 7103;     523 
21; 7303;     690 
21; 7503;     920 
21; 7702;    1217 
21; 7902;    1587 
21; 8102;    2027 
21; 8301;    2698 
21; 8501;    3455 
21; 8701;    4397 
21; 8901;    5402 
21; 9100;    6639 
21; 9300;    8085 
21; 9500;    9458 
21; 9699;   10688 
21; 9899;   12114 
22; 0099;   13755 
22; 0299;   14653 
22; 0498;   16218 
22; 0698;   17250 
22; 0898;   18097 
22; 1098;   18566 
22; 1297;   19338 
22; 1497;   19441 
22; 1697;   19352 
22; 1896;   18491 
22; 2096;   17677 
22; 2296;   16354 
22; 2496;   14836 
22; 2695;   13036 
22; 2895;   11166 
22; 3095;    9250 
22; 3295;    7382 
22; 3494;    5797 
22; 3694;    4419 
22; 3894;    3389 
22; 4093;    2515 
22; 4293;    1834 
22; 4493;    1283 
22; 4693;     882 
22; 4892;     674 
22; 5092;     471 
22; 5292;     327 
22; 5492;     289 
22; 5691;     231 
22; 5891;     210 
22; 6091;     205 
22; 6290;     198 
22; 6490;     198 
22; 6690;     180 
22; 6890;     191 
22; 7089;     188 
22; 7289;     191 
22; 7489;     180 
22; 7689;     206 
22; 7888;     159 
22; 8088;     176 
22; 8288;     151 
22; 8487;     147 
22; 8687;     135 
22; 8887;     143 
22; 9087;     119 
22; 9286;     111 
22; 9486;     112 
22; 9686;     107 
22; 9886;     112 
23; 0085;     110 
23; 0285;      96 
23; 0485;      92 
23; 0684;     111 
23; 0884;      89 
23; 1084;      84 
23; 1284;      98 
23; 1483;      97 
23; 1683;     111 
23; 1883;      93 
23; 2083;      96 
23; 2282;      92 
23; 2482;      86 
23; 2682;      81 
23; 2881;      75 
23; 3081;     107 
23; 3281;      79 
23; 3481;      86 
23; 3680;      84 
23; 3880;      79 
23; 4080;      91 
23; 4280;      82 
23; 4479;      65 
23; 4679;      85 
23; 4879;      64 
23; 5078;      59 
23; 5278;      55 
23; 5478;      74 
23; 5678;      62 
23; 5877;      83 
23; 6077;      70 
23; 6277;      75 
23; 6477;      76 
23; 6676;      85 
23; 6876;      99 
23; 7076;      92 
23; 7275;      84 
23; 7475;      88 
23; 7675;     115 
23; 7875;     113 
23; 8074;      87 
23; 8274;     101 
23; 8474;     114 
23; 8674;      85 
23; 8873;     106 
23; 9073;      88 
23; 9273;      88 
23; 9472;      94 
23; 9672;      98 
23; 9872;      92 
24; 0072;      79 
24; 0271;      83 
24; 0471;      84 
24; 0671;      77 
24; 0871;      96 
24; 1070;      76 
24; 1270;      71 
24; 1470;      76 
24; 1669;      75 
24; 1869;      82 
24; 2069;      70 
24; 2269;      69 
24; 2468;      76 
24; 2668;      92 
24; 2868;      81 
24; 3068;      75 
24; 3267;      92 
24; 3467;      86 
24; 3667;      82 
24; 3866;      69 
24; 4066;      82 
24; 4266;      77 
24; 4466;      91 
24; 4665;      80 
24; 4865;      96 
24; 5065;      93 
24; 5265;      94 
24; 5464;      92 
24; 5664;     120 
24; 5864;     110 
24; 6063;     130 
24; 6263;     147 
24; 6463;     201 
24; 6663;     243 
24; 6862;     317 
24; 7062;     394 
24; 7262;     559 
24; 7462;     748 
24; 7661;     931 
24; 7861;    1212 
24; 8061;    1541 
24; 8260;    1759 
24; 8460;    2136 
24; 8660;    2430 
24; 8860;    2717 
24; 9059;    3061 
24; 9259;    3272 
24; 9459;    3246 
24; 9659;    3334 
24; 9858;    3283 
25; 0058;    3068 
25; 0258;    2863 
25; 0457;    2569 
25; 0657;    2245 
25; 0857;    2003 
25; 1057;    1602 
25; 1256;    1295 
25; 1456;    1110 
25; 1656;     810 
25; 1856;     652 
25; 2055;     499 
25; 2255;     416 
25; 2455;     358 
25; 2654;     306 
25; 2854;     320 
25; 3054;     316 
25; 3254;     343 
25; 3453;     362 
25; 3653;     420 
25; 3853;     504 
25; 4053;     519 
25; 4252;     513 
25; 4452;     554 
25; 4652;     608 
25; 4851;     571 
25; 5051;     596 
25; 5251;     509 
25; 5451;     502 
25; 5650;     449 
25; 5850;     425 
25; 6050;     312 
25; 6250;     272 
25; 6449;     243 
25; 6649;     183 
25; 6849;     142 
25; 7048;     103 
25; 7248;      74 
25; 7448;      64 
25; 7648;      59 
25; 7847;      37 
25; 8047;      37 
25; 8247;      38 
25; 8446;      16 
25; 8646;      30 
25; 8846;      29 
25; 9046;      32 
25; 9245;      21 
25; 9445;      15 
25; 9645;      13 
25; 9845;      19 
26; 0044;      23 
26; 0244;      21 
26; 0444;      21 
26; 0643;      20 
26; 0843;      25 
26; 1043;      17 
26; 1243;      11 
26; 1442;      18 
26; 1642;      19 
26; 1842;      16 
26; 2042;      13 
26; 2241;      17 
26; 2441;      16 
26; 2641;      22 
26; 2840;      14 
26; 3040;      19 
26; 3240;      13 
26; 3440;      13 
26; 3639;      16 
26; 3839;      16 
26; 4039;      13 
26; 4239;      20 
26; 4438;      13 
26; 4638;      14 
26; 4838;      15 
26; 5037;      16 
26; 5237;      23 
26; 5437;       9 
26; 5637;      12 
26; 5836;      13 
26; 6036;      14 
26; 6236;      19 
26; 6436;      16 
26; 6635;      14 
26; 6835;      16 
26; 7035;      18 
26; 7234;      24 
26; 7434;      14 
26; 7634;      10 
26; 7834;       9 
26; 8033;       7 
26; 8233;      20 
26; 8433;      15 
26; 8633;      16 
26; 8832;      18 
26; 9032;      10 
26; 9232;      17 
26; 9431;      14 
26; 9631;      15 
26; 9831;      21 
27; 0031;      13 
27; 0230;      11 
27; 0430;      17 
27; 0630;      15 
27; 0830;      13 
27; 1029;      12 
27; 1229;      14 
27; 1429;      17 
27; 1628;      16 
27; 1828;      18 
27; 2028;      19 
27; 2228;       8 
27; 2427;      19 
27; 2627;      16 
27; 2827;       6 
27; 3027;      17 
27; 3226;      12 
27; 3426;      11 
27; 3626;      17 
27; 3825;      14 
27; 4025;      21 
27; 4225;      12 
27; 4425;      17 
27; 4624;      17 
27; 4824;      10 
27; 5024;       8 
27; 5224;      11 
27; 5423;      14 
27; 5623;      16 
27; 5823;      15 
27; 6022;      12 
27; 6222;      20 
27; 6422;       9 
27; 6622;      20 
27; 6821;       8 
27; 7021;      13 
27; 7221;      13 
27; 7421;      18 
27; 7620;      15 
27; 7820;      19 
27; 8020;      14 
27; 8219;      19 
27; 8419;      12 
27; 8619;      15 
27; 8819;      10 
27; 9018;      15 
27; 9218;       9 
27; 9418;      13 
27; 9618;      15 
27; 9817;      13 
28; 0017;      23 
28; 0217;      12 
28; 0416;      12 
28; 0616;      20 
28; 0816;      16 
28; 1016;      22 
28; 1215;      15 
28; 1415;      25 
28; 1615;      15 
28; 1815;      11 
28; 2014;      15 
28; 2214;      13 
28; 2414;      11 
28; 2613;      10 
28; 2813;      14 
28; 3013;      16 
28; 3213;      14 
28; 3412;      28 
28; 3612;      23 
28; 3812;      15 
28; 4012;      21 
28; 4211;      13 
28; 4411;      18 
28; 4611;      12 
28; 4810;      22 
28; 5010;      14 
28; 5210;      20 
28; 5410;      20 
28; 5609;      10 
28; 5809;      13 
28; 6009;      13 
28; 6209;      12 
28; 6408;      19 
28; 6608;      15 
28; 6808;      13 
28; 7007;      12 
28; 7207;       9 
28; 7407;      11 
28; 7607;      12 
28; 7806;      19 
28; 8006;      11 
28; 8206;       7 
28; 8406;      15 
28; 8605;      12 
28; 8805;      11 
28; 9005;      13 
28; 9204;      20 
28; 9404;      11 
28; 9604;       8 
28; 9804;      12 
29; 0003;      10 
29; 0203;      15 
29; 0403;      17 
29; 0603;      11 
29; 0802;      12 
29; 1002;       5 
29; 1202;      10 
29; 1401;      11 
29; 1601;      17 
29; 1801;      17 
29; 2001;      11 
29; 2200;      18 
29; 2400;      16 
29; 2600;       9 
29; 2800;      17 
29; 2999;      12 
29; 3199;      12 
29; 3399;      18 
29; 3598;      16 
29; 3798;      10 
29; 3998;      11 
29; 4198;      10 
29; 4397;      17 
29; 4597;      14 
29; 4797;      13 
29; 4997;      17 
29; 5196;      15 
29; 5396;       7 
29; 5596;      22 
29; 5795;      11 
29; 5995;      14 
29; 6195;      13 
29; 6395;      15 
29; 6594;      12 
29; 6794;      10 
29; 6994;      12 
29; 7193;      15 
29; 7393;      16 
29; 7593;      14 
29; 7793;      19 
29; 7992;      18 
29; 8192;      14 
29; 8392;      22 
29; 8592;      14 
29; 8791;      34 
29; 8991;      30 
29; 9191;      32 
29; 9390;      33 
29; 9590;      41 
29; 9790;      63 
29; 9990;      63 
30; 0189;      68 
30; 0389;      79 
30; 0589;      90 
30; 0789;     104 
30; 0988;     106 
30; 1188;     136 
30; 1388;     102 
30; 1587;     118 
30; 1787;     148 
30; 1987;     141 
30; 2187;     135 
30; 2386;     101 
30; 2586;     119 
30; 2786;     100 
30; 2986;     122 
30; 3185;     100 
30; 3385;      77 
30; 3585;      82 
30; 3784;      72 
30; 3984;      67 
30; 4184;      57 
30; 4384;      51 
30; 4583;      35 
30; 4783;      25 
30; 4983;      26 
30; 5183;      23 
30; 5382;       9 
30; 5582;      17 
30; 5782;      11 
30; 5981;      15 
30; 6181;      15 
30; 6381;      14 
30; 6581;       7 
30; 6780;      11 
30; 6980;       8 
30; 7180;      14 
30; 7380;       5 
30; 7579;      15 
30; 7779;      16 
30; 7979;       8 
30; 8178;      16 
30; 8378;      12 
30; 8578;      13 
30; 8778;      19 
30; 8977;      19 
30; 9177;      21 
30; 9377;      29 
30; 9577;      22 
30; 9776;      22 
30; 9976;      25 
31; 0176;      27 
31; 0375;      14 
31; 0575;      20 
31; 0775;      29 
31; 0975;      26 
31; 1174;      30 
31; 1374;      31 
31; 1574;      23 
31; 1774;      18 
31; 1973;      19 
31; 2173;      20 
31; 2373;      14 
31; 2572;      17 
31; 2772;      14 
31; 2972;      12 
31; 3172;       7 
31; 3371;      12 
31; 3571;      11 
31; 3771;      14 
31; 3971;       9 
31; 4170;       8 
31; 4370;       7 
31; 4570;       6 
31; 4769;      11 
31; 4969;       8 
31; 5169;      13 
31; 5369;       4 
31; 5568;      14 
31; 5768;      11 
31; 5968;       6 
31; 6168;       9 
31; 6367;       6 
31; 6567;       4 
31; 6767;       7 
31; 6966;       5 
31; 7166;       7 
31; 7366;       9 
31; 7566;       4 
31; 7765;       8 
31; 7965;       9 
31; 8165;       8 
31; 8365;       2 
31; 8564;       8 
31; 8764;       9 
31; 8964;       8 
31; 9163;       6 
31; 9363;       4 
31; 9563;      10 
31; 9763;       6 
31; 9962;       8 
32; 0162;       8 
32; 0362;       7 
32; 0562;       6 
32; 0761;       5 
32; 0961;       4 
32; 1161;       8 
32; 1360;       7 
32; 1560;       9 
32; 1760;      11 
32; 1960;       6 
32; 2159;       6 
32; 2359;       6 
32; 2559;       8 
32; 2759;       9 
32; 2958;       6 
32; 3158;      10 
32; 3358;       7 
32; 3557;       4 
32; 3757;       2 
32; 3957;       9 
32; 4157;       8 
32; 4356;       5 
32; 4556;       4 
32; 4756;       5 
32; 4956;       6 
32; 5155;       7 
32; 5355;      15 
32; 5555;       6 
32; 5754;       8 
32; 5954;       6 
32; 6154;       5 
32; 6354;       5 
32; 6553;       3 
32; 6753;       5 
32; 6953;       8 
32; 7153;       4 
32; 7352;       5 
32; 7552;       6 
32; 7752;      13 
32; 7951;      10 
32; 8151;      12 
32; 8351;      10 
32; 8551;      10 
32; 8750;      14 
32; 8950;      18 
32; 9150;      21 
32; 9350;      25 
32; 9549;      18 
32; 9749;      19 
32; 9949;      14 
33; 0148;      25 
33; 0348;      27 
33; 0548;      24 
33; 0748;      33 
33; 0947;      17 
33; 1147;      23 
33; 1347;      18 
33; 1547;      15 
33; 1746;      14 
33; 1946;      12 
33; 2146;      11 
33; 2345;       3 
33; 2545;      13 
33; 2745;      13 
33; 2945;       6 
33; 3144;       6 
33; 3344;       2 
33; 3544;       6 
33; 3744;       1 
33; 3943;       6 
33; 4143;       6 
33; 4343;       6 
33; 4542;       4 
33; 4742;       8 
33; 4942;       7 
33; 5142;       7 
33; 5341;       6 
33; 5541;       7 
33; 5741;       5 
33; 5941;      12 
33; 6140;      11 
33; 6340;       7 
33; 6540;      14 
33; 6739;       8 
33; 6939;       7 
33; 7139;       9 
33; 7339;       4 
33; 7538;      10 
33; 7738;       8 
33; 7938;       6 
33; 8137;       8 
33; 8337;       5 
33; 8537;       8 
33; 8737;       4 
33; 8936;       4 
33; 9136;       5 
33; 9336;       8 
33; 9536;       5 
33; 9735;       3 
33; 9935;      10 
34; 0135;       4 
34; 0334;       5 
34; 0534;       2 
34; 0734;       5 
34; 0934;       2 
34; 1133;       5 
34; 1333;       5 
34; 1533;       2 
34; 1733;       0 
34; 1932;       1 
34; 2132;       3 
34; 2332;       4 
34; 2531;       0 
34; 2731;       6 
34; 2931;       2 
34; 3131;       2 
34; 3330;       5 
34; 3530;       4 
34; 3730;       3 
34; 3930;       2 
34; 4129;       2 
34; 4329;       6 
34; 4529;       1 
34; 4728;       2 
34; 4928;       2 
34; 5128;       2 
34; 5328;       3 
34; 5527;       4 
34; 5727;       3 
34; 5927;       4 
34; 6127;       4 
34; 6326;       4 
34; 6526;       2 
34; 6726;       6 
34; 6925;       3 
34; 7125;       3 
34; 7325;       4 
34; 7525;       2 
34; 7724;       4 
34; 7924;       3 
34; 8124;       8 
34; 8324;       4 
34; 8523;       1 
34; 8723;       1 
34; 8923;       1 
34; 9122;       2 
34; 9322;       4 
34; 9522;       2 
34; 9722;       4 
34; 9921;       2 
35; 0121;       5 
35; 0321;       2 
35; 0521;       0 
35; 0720;       4 
35; 0920;       1 
35; 1120;       1 
35; 1319;       3 
35; 1519;       4 
35; 1719;       1 
35; 1919;       2 
35; 2118;       1 
35; 2318;       3 
35; 2518;       4 
35; 2718;       4 
35; 2917;       3 
35; 3117;       4 
35; 3317;       3 
35; 3516;       1 
35; 3716;       2 
35; 3916;       1 
35; 4116;       1 
35; 4315;       2 
35; 4515;       3 
35; 4715;       2 
35; 4915;       1 
35; 5114;       1 
35; 5314;       0 
35; 5514;       1 
35; 5713;       2 
35; 5913;       0 
35; 6113;       1 
35; 6313;       2 
35; 6512;       1 
35; 6712;       1 
35; 6912;       4 
35; 7112;       5 
35; 7311;       1 
35; 7511;       6 
35; 7711;       3 
35; 7910;       2 
35; 8110;       4 
35; 8310;       1 
35; 8510;       1 
35; 8709;       0 
35; 8909;       2 
35; 9109;       1 
35; 9309;       0 
35; 9508;       0 
35; 9708;       2 
35; 9908;       3 
36; 0107;       2 
36; 0307;       4 
36; 0507;       0 
36; 0707;       3 
36; 0906;       3 
36; 1106;       3 
36; 1306;       4 
36; 1506;       2 
36; 1705;       2 
36; 1905;       2 
36; 2105;       0 
36; 2304;       1 
36; 2504;       0 
36; 2704;       2 
36; 2904;       1 
36; 3103;       0 
36; 3303;       2 
36; 3503;       1 
36; 3703;       3 
36; 3902;       2 
36; 4102;       0 
36; 4302;       1 
36; 4501;       1 
36; 4701;       1 
36; 4901;       1 
36; 5101;       1 
36; 5300;       2 
36; 5500;       0 
36; 5700;       1 
36; 5900;       2 
36; 6099;       0 
36; 6299;       2 
36; 6499;       0 
36; 6698;       2 
36; 6898;       3 
36; 7098;       2 
36; 7298;       0 
36; 7497;       0 
36; 7697;       0 
36; 7897;       1 
36; 8097;       4 
36; 8296;       0 
36; 8496;       1 
36; 8696;       1 
36; 8895;       2 
36; 9095;       0 
36; 9295;       0 
36; 9495;       1 
36; 9694;       0 
36; 9894;       0 
37; 0094;       3 
37; 0294;       1 
37; 0493;       1 
37; 0693;       3 
37; 0893;       2 
37; 1092;       2 
37; 1292;       3 
37; 1492;       3 
37; 1692;       1 
37; 1891;       1 
37; 2091;       0 
37; 2291;       2 
37; 2491;       1 
37; 2690;       2 
37; 2890;       0 
37; 3090;       1 
37; 3289;       0 
37; 3489;       2 
37; 3689;       2 
37; 3889;       2 
37; 4088;       0 
37; 4288;       0 
37; 4488;       1 
37; 4688;       1 
37; 4887;       3 
37; 5087;       0 
37; 5287;       1 
37; 5486;       0 
37; 5686;       1 
37; 5886;       1 
37; 6086;       1 
37; 6285;       0 
37; 6485;       0 
37; 6685;       0 
37; 6884;       2 
37; 7084;       1 
37; 7284;       1 
37; 7484;       1 
37; 7683;       2 
37; 7883;       1 
37; 8083;       1 
37; 8283;       2 
37; 8482;       1 
37; 8682;       2 
37; 8882;       2 
37; 9081;       1 
37; 9281;       0 
37; 9481;       0 
37; 9681;       0 
37; 9880;       0 
38; 0080;       1 
38; 0280;       1 
38; 0480;       2 
38; 0679;       0 
38; 0879;       2 
38; 1079;       0 
38; 1278;       1 
38; 1478;       1 
38; 1678;       1 
38; 1878;       3 
38; 2077;       1 
38; 2277;       0 
38; 2477;       2 
38; 2677;       1 
38; 2876;       1 
38; 3076;       1 
38; 3276;       1 
38; 3475;       0 
38; 3675;       1 
38; 3875;       1 
38; 4075;       0 
38; 4274;       1 
38; 4474;       1 
38; 4674;       1 
38; 4874;       0 
38; 5073;       0 
38; 5273;       1 
38; 5473;       0 
38; 5672;       0 
38; 5872;       2 
38; 6072;       2 
38; 6272;       1 
38; 6471;       1 
38; 6671;       0 
38; 6871;       0 
38; 7071;       0 
38; 7270;       1 
38; 7470;       1 
38; 7670;       1 
38; 7869;       0 
38; 8069;       0 
38; 8269;       1 
38; 8469;       2 
38; 8668;       1 
38; 8868;       0 
38; 9068;       1 
38; 9268;       1 
38; 9467;       0 
38; 9667;       0 
38; 9867;       0 
39; 0066;       0 
39; 0266;       0 
39; 0466;       0 
39; 0666;       0 
39; 0865;       0 
39; 1065;       1 
39; 1265;       0 
39; 1465;       1 
39; 1664;       0 
39; 1864;       0 
39; 2064;       0 
39; 2263;       1 
39; 2463;       0 
39; 2663;       0 
39; 2863;       0 
39; 3062;       1 
39; 3262;       1 
39; 3462;       0 
39; 3662;       2 
39; 3861;       0 
39; 4061;       0 
39; 4261;       0 
39; 4460;       0 
39; 4660;       1 
39; 4860;       1 
39; 5060;       0 
39; 5259;       1 
39; 5459;       0 
39; 5659;       0 
39; 5859;       0 
39; 6058;       1 
39; 6258;       0 
39; 6458;       0 
39; 6657;       0 
39; 6857;       0 
39; 7057;       3 
39; 7257;       0 
39; 7456;       0 
39; 7656;       0 
39; 7856;       0 
39; 8056;       0 
39; 8255;       0 
39; 8455;       0 
39; 8655;       1 
39; 8854;       1 
39; 9054;       1 
39; 9254;       0 
39; 9454;       0 
39; 9653;       0 
39; 9853;       2 
40; 0053;       2 
40; 0253;       2 
40; 0452;       1 
40; 0652;       0 
40; 0852;       0 
40; 1051;       1 
40; 1251;       0 
40; 1451;       1 
40; 1651;       0 
40; 1850;       2 
40; 2050;       1 
40; 2250;       0 
40; 2450;       1 
40; 2649;       2 
40; 2849;       1 
40; 3049;       0 
40; 3248;       2 
40; 3448;       2 
40; 3648;       1 
40; 3848;       0 
40; 4047;       1 
40; 4247;       1 
40; 4447;       0 
40; 4647;       1 
40; 4846;       1 
40; 5046;       1 
40; 5246;       2 
40; 5445;       0 
40; 5645;       0 
40; 5845;       1 
40; 6045;       0 
40; 6244;       0 
40; 6444;       0 
40; 6644;       0 
40; 6844;       0 
40; 7043;       0 
40; 7243;       2 
40; 7443;       1 
40; 7642;       0 
40; 7842;       0 
40; 8042;       3 
40; 8242;       0 
40; 8441;       0 
40; 8641;       0 
40; 8841;       0 
