0; 0000;     427 
0; 0200;     415 
0; 0400;     343 
0; 0600;     213 
0; 0800;     122 
0; 0999;      60 
0; 1199;      20 
0; 1399;       9 
0; 1599;       1 
0; 1799;       0 
0; 1999;       0 
0; 2199;       2 
0; 2399;       1 
0; 2599;       1 
0; 2798;       0 
0; 2998;       0 
0; 3198;       2 
0; 3398;       0 
0; 3598;       1 
0; 3798;       0 
0; 3998;       0 
0; 4198;       1 
0; 4398;       0 
0; 4597;       1 
0; 4797;       1 
0; 4997;       0 
0; 5197;       1 
0; 5397;       1 
0; 5597;       8 
0; 5797;      18 
0; 5997;      59 
0; 6197;     143 
0; 6396;     262 
0; 6596;     333 
0; 6796;     346 
0; 6996;     350 
0; 7196;     337 
0; 7396;     331 
0; 7596;     319 
0; 7796;     293 
0; 7996;     329 
0; 8195;     325 
0; 8395;     286 
0; 8595;     341 
0; 8795;     326 
0; 8995;     339 
0; 9195;     356 
0; 9395;     322 
0; 9595;     338 
0; 9795;     328 
0; 9994;     321 
1; 0194;     326 
1; 0394;     316 
1; 0594;     324 
1; 0794;     331 
1; 0994;     339 
1; 1194;     317 
1; 1394;     351 
1; 1594;     324 
1; 1793;     364 
1; 1993;     349 
1; 2193;     397 
1; 2393;     382 
1; 2593;     357 
1; 2793;     381 
1; 2993;     373 
1; 3193;     335 
1; 3393;     365 
1; 3592;     330 
1; 3792;     385 
1; 3992;     365 
1; 4192;     401 
1; 4392;     376 
1; 4592;     379 
1; 4792;     335 
1; 4992;     356 
1; 5192;     327 
1; 5391;     328 
1; 5591;     326 
1; 5791;     344 
1; 5991;     286 
1; 6191;     308 
1; 6391;     323 
1; 6591;     331 
1; 6791;     331 
1; 6991;     339 
1; 7190;     313 
1; 7390;     315 
1; 7590;     352 
1; 7790;     317 
1; 7990;     290 
1; 8190;     295 
1; 8390;     259 
1; 8590;     278 
1; 8790;     260 
1; 8989;     259 
1; 9189;     268 
1; 9389;     238 
1; 9589;     276 
1; 9789;     259 
1; 9989;     239 
2; 0189;     239 
2; 0389;     251 
2; 0589;     234 
2; 0788;     248 
2; 0988;     226 
2; 1188;     236 
2; 1388;     248 
2; 1588;     232 
2; 1788;     290 
2; 1988;     264 
2; 2188;     295 
2; 2388;     335 
2; 2587;     368 
2; 2787;     368 
2; 2987;     419 
2; 3187;     443 
2; 3387;     421 
2; 3587;     391 
2; 3787;     396 
2; 3987;     372 
2; 4187;     350 
2; 4386;     365 
2; 4586;     333 
2; 4786;     346 
2; 4986;     393 
2; 5186;     483 
2; 5386;     559 
2; 5586;     747 
2; 5786;     902 
2; 5986;    1127 
2; 6185;    1301 
2; 6385;    1530 
2; 6585;    1590 
2; 6785;    1659 
2; 6985;    1588 
2; 7185;    1575 
2; 7385;    1483 
2; 7585;    1421 
2; 7785;    1472 
2; 7984;    1550 
2; 8184;    1600 
2; 8384;    1869 
2; 8584;    2186 
2; 8784;    2740 
2; 8984;    3717 
2; 9184;    4696 
2; 9384;    5531 
2; 9584;    6224 
2; 9783;    6571 
2; 9983;    6669 
3; 0183;    6170 
3; 0383;    5432 
3; 0583;    4627 
3; 0783;    4230 
3; 0983;    4040 
3; 1183;    3881 
3; 1383;    4098 
3; 1582;    4070 
3; 1782;    3949 
3; 1982;    3756 
3; 2182;    3403 
3; 2382;    2778 
3; 2582;    2270 
3; 2782;    1976 
3; 2982;    1629 
3; 3182;    1501 
3; 3381;    1435 
3; 3581;    1222 
3; 3781;    1109 
3; 3981;     895 
3; 4181;     811 
3; 4381;     643 
3; 4581;     529 
3; 4781;     494 
3; 4981;     437 
3; 5180;     453 
3; 5380;     413 
3; 5580;     399 
3; 5780;     386 
3; 5980;     426 
3; 6180;     458 
3; 6380;     477 
3; 6580;     510 
3; 6780;     548 
3; 6979;     568 
3; 7179;     569 
3; 7379;     514 
3; 7579;     462 
3; 7779;     408 
3; 7979;     341 
3; 8179;     305 
3; 8379;     265 
3; 8579;     216 
3; 8778;     234 
3; 8978;     213 
3; 9178;     223 
3; 9378;     196 
3; 9578;     199 
3; 9778;     224 
3; 9978;     257 
4; 0178;     246 
4; 0378;     245 
4; 0577;     196 
4; 0777;     239 
4; 0977;     208 
4; 1177;     187 
4; 1377;     182 
4; 1577;     219 
4; 1777;     213 
4; 1977;     177 
4; 2177;     180 
4; 2376;     185 
4; 2576;     175 
4; 2776;     226 
4; 2976;     209 
4; 3176;     204 
4; 3376;     221 
4; 3576;     215 
4; 3776;     226 
4; 3976;     224 
4; 4175;     261 
4; 4375;     268 
4; 4575;     327 
4; 4775;     275 
4; 4975;     341 
4; 5175;     342 
4; 5375;     316 
4; 5575;     322 
4; 5775;     313 
4; 5974;     308 
4; 6174;     274 
4; 6374;     269 
4; 6574;     270 
4; 6774;     247 
4; 6974;     254 
4; 7174;     252 
4; 7374;     282 
4; 7574;     294 
4; 7773;     262 
4; 7973;     248 
4; 8173;     299 
4; 8373;     270 
4; 8573;     294 
4; 8773;     277 
4; 8973;     293 
4; 9173;     297 
4; 9373;     313 
4; 9572;     299 
4; 9772;     324 
4; 9972;     259 
5; 0172;     292 
5; 0372;     303 
5; 0572;     291 
5; 0772;     308 
5; 0972;     305 
5; 1172;     305 
5; 1371;     289 
5; 1571;     299 
5; 1771;     271 
5; 1971;     279 
5; 2171;     280 
5; 2371;     306 
5; 2571;     293 
5; 2771;     311 
5; 2971;     320 
5; 3170;     296 
5; 3370;     306 
5; 3570;     333 
5; 3770;     324 
5; 3970;     331 
5; 4170;     336 
5; 4370;     337 
5; 4570;     309 
5; 4770;     366 
5; 4969;     375 
5; 5169;     344 
5; 5369;     401 
5; 5569;     415 
5; 5769;     370 
5; 5969;     406 
5; 6169;     404 
5; 6369;     410 
5; 6569;     405 
5; 6768;     443 
5; 6968;     425 
5; 7168;     430 
5; 7368;     441 
5; 7568;     458 
5; 7768;     486 
5; 7968;     443 
5; 8168;     435 
5; 8368;     447 
5; 8567;     490 
5; 8767;     497 
5; 8967;     527 
5; 9167;     453 
5; 9367;     480 
5; 9567;     472 
5; 9767;     494 
5; 9967;     500 
6; 0167;     471 
6; 0366;     479 
6; 0566;     438 
6; 0766;     475 
6; 0966;     457 
6; 1166;     398 
6; 1366;     432 
6; 1566;     437 
6; 1766;     467 
6; 1966;     482 
6; 2165;     494 
6; 2365;     597 
6; 2565;     629 
6; 2765;     724 
6; 2965;     888 
6; 3165;    1007 
6; 3365;    1120 
6; 3565;    1284 
6; 3765;    1396 
6; 3964;    1552 
6; 4164;    1415 
6; 4364;    1330 
6; 4564;    1262 
6; 4764;    1049 
6; 4964;     899 
6; 5164;     779 
6; 5364;     627 
6; 5564;     550 
6; 5763;     476 
6; 5963;     408 
6; 6163;     447 
6; 6363;     382 
6; 6563;     449 
6; 6763;     386 
6; 6963;     384 
6; 7163;     409 
6; 7363;     449 
6; 7562;     407 
6; 7762;     375 
6; 7962;     415 
6; 8162;     427 
6; 8362;     421 
6; 8562;     418 
6; 8762;     472 
6; 8962;     430 
6; 9162;     468 
6; 9361;     498 
6; 9561;     518 
6; 9761;     528 
6; 9961;     525 
7; 0161;     567 
7; 0361;     597 
7; 0561;     667 
7; 0761;     603 
7; 0961;     607 
7; 1160;     586 
7; 1360;     618 
7; 1560;     586 
7; 1760;     588 
7; 1960;     646 
7; 2160;     666 
7; 2360;     620 
7; 2560;     665 
7; 2760;     640 
7; 2959;     687 
7; 3159;     790 
7; 3359;     878 
7; 3559;     921 
7; 3759;     999 
7; 3959;    1058 
7; 4159;    1185 
7; 4359;    1315 
7; 4559;    1271 
7; 4758;    1403 
7; 4958;    1312 
7; 5158;    1231 
7; 5358;    1078 
7; 5558;    1075 
7; 5758;     921 
7; 5958;     804 
7; 6158;     718 
7; 6358;     655 
7; 6557;     624 
7; 6757;     622 
7; 6957;     588 
7; 7157;     590 
7; 7357;     578 
7; 7557;     548 
7; 7757;     609 
7; 7957;     693 
7; 8157;     718 
7; 8356;     843 
7; 8556;    1193 
7; 8756;    1517 
7; 8956;    2179 
7; 9156;    2958 
7; 9356;    4183 
7; 9556;    5408 
7; 9756;    6795 
7; 9956;    8145 
8; 0155;    9285 
8; 0355;    9759 
8; 0555;   10244 
8; 0755;    9447 
8; 0955;    8515 
8; 1155;    7330 
8; 1355;    5950 
8; 1555;    4427 
8; 1755;    3205 
8; 1954;    2298 
8; 2154;    1653 
8; 2354;    1175 
8; 2554;     950 
8; 2754;     779 
8; 2954;     662 
8; 3154;     548 
8; 3354;     568 
8; 3554;     516 
8; 3753;     521 
8; 3953;     511 
8; 4153;     500 
8; 4353;     458 
8; 4553;     473 
8; 4753;     490 
8; 4953;     538 
8; 5153;     527 
8; 5353;     541 
8; 5552;     535 
8; 5752;     542 
8; 5952;     547 
8; 6152;     547 
8; 6352;     532 
8; 6552;     574 
8; 6752;     584 
8; 6952;     579 
8; 7152;     601 
8; 7351;     645 
8; 7551;     727 
8; 7751;     815 
8; 7951;    1000 
8; 8151;    1153 
8; 8351;    1372 
8; 8551;    1546 
8; 8751;    1839 
8; 8951;    1876 
8; 9150;    1891 
8; 9350;    1838 
8; 9550;    1665 
8; 9750;    1509 
8; 9950;    1236 
9; 0150;    1128 
9; 0350;     886 
9; 0550;     816 
9; 0750;     619 
9; 0949;     585 
9; 1149;     518 
9; 1349;     504 
9; 1549;     498 
9; 1749;     481 
9; 1949;     472 
9; 2149;     458 
9; 2349;     481 
9; 2549;     462 
9; 2748;     486 
9; 2948;     377 
9; 3148;     439 
9; 3348;     422 
9; 3548;     439 
9; 3748;     417 
9; 3948;     425 
9; 4148;     411 
9; 4348;     408 
9; 4547;     444 
9; 4747;     412 
9; 4947;     429 
9; 5147;     472 
9; 5347;     486 
9; 5547;     553 
9; 5747;     566 
9; 5947;     654 
9; 6147;     698 
9; 6346;     778 
9; 6546;     789 
9; 6746;     932 
9; 6946;     986 
9; 7146;    1000 
9; 7346;     951 
9; 7546;     913 
9; 7746;     850 
9; 7946;     808 
9; 8145;     746 
9; 8345;     651 
9; 8545;     589 
9; 8745;     585 
9; 8945;     565 
9; 9145;     523 
9; 9345;     490 
9; 9545;     478 
9; 9745;     473 
9; 9944;     446 
10; 0144;     465 
10; 0344;     471 
10; 0544;     471 
10; 0744;     440 
10; 0944;     512 
10; 1144;     513 
10; 1344;     440 
10; 1544;     465 
10; 1743;     468 
10; 1943;     467 
10; 2143;     504 
10; 2343;     453 
10; 2543;     477 
10; 2743;     524 
10; 2943;     530 
10; 3143;     515 
10; 3343;     537 
10; 3542;     601 
10; 3742;     686 
10; 3942;     842 
10; 4142;     934 
10; 4342;    1043 
10; 4542;    1286 
10; 4742;    1372 
10; 4942;    1626 
10; 5142;    1794 
10; 5341;    1863 
10; 5541;    1979 
10; 5741;    1928 
10; 5941;    1841 
10; 6141;    1646 
10; 6341;    1511 
10; 6541;    1293 
10; 6741;    1087 
10; 6941;     942 
10; 7140;     809 
10; 7340;     656 
10; 7540;     621 
10; 7740;     595 
10; 7940;     552 
10; 8140;     466 
10; 8340;     518 
10; 8540;     450 
10; 8740;     498 
10; 8939;     479 
10; 9139;     444 
10; 9339;     437 
10; 9539;     454 
10; 9739;     427 
10; 9939;     459 
11; 0139;     437 
11; 0339;     422 
11; 0539;     406 
11; 0738;     423 
11; 0938;     430 
11; 1138;     389 
11; 1338;     392 
11; 1538;     455 
11; 1738;     474 
11; 1938;     451 
11; 2138;     487 
11; 2338;     432 
11; 2537;     464 
11; 2737;     442 
11; 2937;     517 
11; 3137;     544 
11; 3337;     593 
11; 3537;     569 
11; 3737;     651 
11; 3937;     679 
11; 4137;     759 
11; 4336;     811 
11; 4536;     805 
11; 4736;     780 
11; 4936;     765 
11; 5136;     805 
11; 5336;     726 
11; 5536;     710 
11; 5736;     708 
11; 5936;     647 
11; 6135;     633 
11; 6335;     578 
11; 6535;     551 
11; 6735;     554 
11; 6935;     515 
11; 7135;     525 
11; 7335;     491 
11; 7535;     431 
11; 7735;     424 
11; 7934;     434 
11; 8134;     424 
11; 8334;     419 
11; 8534;     423 
11; 8734;     387 
11; 8934;     446 
11; 9134;     406 
11; 9334;     454 
11; 9534;     409 
11; 9733;     379 
11; 9933;     411 
12; 0133;     412 
12; 0333;     371 
12; 0533;     429 
12; 0733;     393 
12; 0933;     440 
12; 1133;     410 
12; 1332;     445 
12; 1532;     403 
12; 1732;     470 
12; 1932;     386 
12; 2132;     424 
12; 2332;     410 
12; 2532;     458 
12; 2732;     439 
12; 2932;     465 
12; 3131;     510 
12; 3331;     457 
12; 3531;     485 
12; 3731;     478 
12; 3931;     481 
12; 4131;     508 
12; 4331;     578 
12; 4531;     614 
12; 4731;     757 
12; 4930;     836 
12; 5130;    1060 
12; 5330;    1107 
12; 5530;    1341 
12; 5730;    1376 
12; 5930;    1659 
12; 6130;    1712 
12; 6330;    1800 
12; 6530;    1682 
12; 6729;    1612 
12; 6929;    1398 
12; 7129;    1327 
12; 7329;    1189 
12; 7529;     966 
12; 7729;     836 
12; 7929;     790 
12; 8129;     668 
12; 8329;     601 
12; 8528;     555 
12; 8728;     515 
12; 8928;     454 
12; 9128;     506 
12; 9328;     460 
12; 9528;     435 
12; 9728;     467 
12; 9928;     451 
13; 0128;     450 
13; 0327;     457 
13; 0527;     452 
13; 0727;     443 
13; 0927;     416 
13; 1127;     398 
13; 1327;     415 
13; 1527;     397 
13; 1727;     380 
13; 1927;     376 
13; 2126;     381 
13; 2326;     376 
13; 2526;     413 
13; 2726;     408 
13; 2926;     400 
13; 3126;     407 
13; 3326;     418 
13; 3526;     377 
13; 3726;     412 
13; 3925;     413 
13; 4125;     413 
13; 4325;     402 
13; 4525;     423 
13; 4725;     391 
13; 4925;     349 
13; 5125;     384 
13; 5325;     348 
13; 5525;     350 
13; 5724;     342 
13; 5924;     331 
13; 6124;     355 
13; 6324;     329 
13; 6524;     351 
13; 6724;     328 
13; 6924;     359 
13; 7124;     343 
13; 7324;     342 
13; 7523;     327 
13; 7723;     335 
13; 7923;     302 
13; 8123;     319 
13; 8323;     292 
13; 8523;     330 
13; 8723;     320 
13; 8923;     287 
13; 9123;     329 
13; 9322;     299 
13; 9522;     317 
13; 9722;     291 
13; 9922;     254 
14; 0122;     335 
14; 0322;     296 
14; 0522;     290 
14; 0722;     305 
14; 0922;     316 
14; 1121;     305 
14; 1321;     307 
14; 1521;     302 
14; 1721;     298 
14; 1921;     297 
14; 2121;     294 
14; 2321;     297 
14; 2521;     314 
14; 2721;     302 
14; 2920;     302 
14; 3120;     309 
14; 3320;     281 
14; 3520;     316 
14; 3720;     328 
14; 3920;     275 
14; 4120;     296 
14; 4320;     281 
14; 4520;     292 
14; 4719;     310 
14; 4919;     318 
14; 5119;     285 
14; 5319;     282 
14; 5519;     312 
14; 5719;     318 
14; 5919;     341 
14; 6119;     291 
14; 6319;     348 
14; 6518;     353 
14; 6718;     407 
14; 6918;     414 
14; 7118;     459 
14; 7318;     480 
14; 7518;     483 
14; 7718;     456 
14; 7918;     498 
14; 8118;     465 
14; 8317;     444 
14; 8517;     413 
14; 8717;     405 
14; 8917;     365 
14; 9117;     363 
14; 9317;     390 
14; 9517;     320 
14; 9717;     286 
14; 9917;     277 
15; 0116;     309 
15; 0316;     328 
15; 0516;     326 
15; 0716;     364 
15; 0916;     316 
15; 1116;     303 
15; 1316;     334 
15; 1516;     350 
15; 1716;     315 
15; 1915;     327 
15; 2115;     298 
15; 2315;     331 
15; 2515;     328 
15; 2715;     285 
15; 2915;     308 
15; 3115;     301 
15; 3315;     287 
15; 3515;     298 
15; 3714;     263 
15; 3914;     256 
15; 4114;     253 
15; 4314;     244 
15; 4514;     229 
15; 4714;     257 
15; 4914;     243 
15; 5114;     246 
15; 5314;     255 
15; 5513;     242 
15; 5713;     238 
15; 5913;     229 
15; 6113;     217 
15; 6313;     229 
15; 6513;     230 
15; 6713;     235 
15; 6913;     235 
15; 7113;     243 
15; 7312;     271 
15; 7512;     253 
15; 7712;     249 
15; 7912;     229 
15; 8112;     273 
15; 8312;     247 
15; 8512;     245 
15; 8712;     269 
15; 8912;     268 
15; 9111;     239 
15; 9311;     256 
15; 9511;     241 
15; 9711;     232 
15; 9911;     214 
16; 0111;     238 
16; 0311;     266 
16; 0511;     244 
16; 0711;     237 
16; 0910;     220 
16; 1110;     231 
16; 1310;     234 
16; 1510;     251 
16; 1710;     244 
16; 1910;     256 
16; 2110;     230 
16; 2310;     237 
16; 2510;     210 
16; 2709;     247 
16; 2909;     234 
16; 3109;     213 
16; 3309;     222 
16; 3509;     203 
16; 3709;     235 
16; 3909;     231 
16; 4109;     209 
16; 4309;     248 
16; 4508;     223 
16; 4708;     213 
16; 4908;     195 
16; 5108;     241 
16; 5308;     201 
16; 5508;     212 
16; 5708;     224 
16; 5908;     210 
16; 6108;     214 
16; 6307;     211 
16; 6507;     226 
16; 6707;     217 
16; 6907;     215 
16; 7107;     205 
16; 7307;     193 
16; 7507;     188 
16; 7707;     222 
16; 7907;     211 
16; 8106;     194 
16; 8306;     226 
16; 8506;     206 
16; 8706;     198 
16; 8906;     235 
16; 9106;     189 
16; 9306;     194 
16; 9506;     201 
16; 9706;     213 
16; 9905;     220 
17; 0105;     196 
17; 0305;     201 
17; 0505;     213 
17; 0705;     201 
17; 0905;     201 
17; 1105;     197 
17; 1305;     198 
17; 1505;     213 
17; 1704;     190 
17; 1904;     201 
17; 2104;     177 
17; 2304;     207 
17; 2504;     198 
17; 2704;     192 
17; 2904;     193 
17; 3104;     218 
17; 3304;     176 
17; 3503;     160 
17; 3703;     192 
17; 3903;     224 
17; 4103;     203 
17; 4303;     187 
17; 4503;     183 
17; 4703;     217 
17; 4903;     167 
17; 5103;     191 
17; 5302;     216 
17; 5502;     206 
17; 5702;     176 
17; 5902;     216 
17; 6102;     189 
17; 6302;     208 
17; 6502;     177 
17; 6702;     202 
17; 6902;     177 
17; 7101;     167 
17; 7301;     212 
17; 7501;     192 
17; 7701;     171 
17; 7901;     185 
17; 8101;     195 
17; 8301;     218 
17; 8501;     209 
17; 8701;     192 
17; 8900;     230 
17; 9100;     211 
17; 9300;     205 
17; 9500;     169 
17; 9700;     207 
17; 9900;     230 
18; 0100;     208 
18; 0300;     177 
18; 0500;     206 
18; 0699;     200 
18; 0899;     209 
18; 1099;     212 
18; 1299;     187 
18; 1499;     194 
18; 1699;     187 
18; 1899;     178 
18; 2099;     202 
18; 2299;     191 
18; 2498;     168 
18; 2698;     198 
18; 2898;     193 
18; 3098;     193 
18; 3298;     203 
18; 3498;     201 
18; 3698;     205 
18; 3898;     220 
18; 4098;     191 
18; 4297;     219 
18; 4497;     218 
18; 4697;     214 
18; 4897;     201 
18; 5097;     218 
18; 5297;     214 
18; 5497;     224 
18; 5697;     212 
18; 5897;     250 
18; 6096;     236 
18; 6296;     251 
18; 6496;     252 
18; 6696;     251 
18; 6896;     242 
18; 7096;     272 
18; 7296;     267 
18; 7496;     285 
18; 7696;     240 
18; 7895;     295 
18; 8095;     280 
18; 8295;     308 
18; 8495;     287 
18; 8695;     329 
18; 8895;     327 
18; 9095;     333 
18; 9295;     321 
18; 9495;     347 
18; 9694;     348 
18; 9894;     321 
19; 0094;     336 
19; 0294;     337 
19; 0494;     336 
19; 0694;     327 
19; 0894;     329 
19; 1094;     335 
19; 1294;     345 
19; 1493;     368 
19; 1693;     332 
19; 1893;     355 
19; 2093;     357 
19; 2293;     321 
19; 2493;     284 
19; 2693;     318 
19; 2893;     320 
19; 3093;     288 
19; 3292;     279 
19; 3492;     292 
19; 3692;     268 
19; 3892;     237 
19; 4092;     277 
19; 4292;     275 
19; 4492;     264 
19; 4692;     250 
19; 4892;     201 
19; 5091;     240 
19; 5291;     234 
19; 5491;     219 
19; 5691;     220 
19; 5891;     233 
19; 6091;     236 
19; 6291;     206 
19; 6491;     185 
19; 6691;     210 
19; 6890;     196 
19; 7090;     212 
19; 7290;     184 
19; 7490;     183 
19; 7690;     205 
19; 7890;     193 
19; 8090;     179 
19; 8290;     196 
19; 8490;     205 
19; 8689;     202 
19; 8889;     217 
19; 9089;     259 
19; 9289;     276 
19; 9489;     306 
19; 9689;     336 
19; 9889;     441 
20; 0089;     434 
20; 0289;     500 
20; 0488;     524 
20; 0688;     609 
20; 0888;     673 
20; 1088;     706 
20; 1288;     771 
20; 1488;     750 
20; 1688;     845 
20; 1888;     867 
20; 2088;     859 
20; 2287;     823 
20; 2487;     848 
20; 2687;     791 
20; 2887;     762 
20; 3087;     666 
20; 3287;     594 
20; 3487;     582 
20; 3687;     446 
20; 3887;     422 
20; 4086;     349 
20; 4286;     350 
20; 4486;     289 
20; 4686;     295 
20; 4886;     265 
20; 5086;     240 
20; 5286;     199 
20; 5486;     247 
20; 5686;     221 
20; 5885;     249 
20; 6085;     222 
20; 6285;     231 
20; 6485;     223 
20; 6685;     215 
20; 6885;     195 
20; 7085;     239 
20; 7285;     240 
20; 7485;     237 
20; 7684;     248 
20; 7884;     264 
20; 8084;     234 
20; 8284;     279 
20; 8484;     278 
20; 8684;     282 
20; 8884;     299 
20; 9084;     280 
20; 9284;     336 
20; 9483;     350 
20; 9683;     317 
20; 9883;     360 
21; 0083;     374 
21; 0283;     432 
21; 0483;     400 
21; 0683;     393 
21; 0883;     439 
21; 1083;     457 
21; 1282;     462 
21; 1482;     486 
21; 1682;     476 
21; 1882;     458 
21; 2082;     479 
21; 2282;     499 
21; 2482;     471 
21; 2682;     440 
21; 2882;     424 
21; 3081;     441 
21; 3281;     362 
21; 3481;     371 
21; 3681;     344 
21; 3881;     342 
21; 4081;     340 
21; 4281;     309 
21; 4481;     314 
21; 4681;     331 
21; 4880;     314 
21; 5080;     329 
21; 5280;     320 
21; 5480;     307 
21; 5680;     398 
21; 5880;     355 
21; 6080;     362 
21; 6280;     393 
21; 6480;     405 
21; 6679;     448 
21; 6879;     537 
21; 7079;     635 
21; 7279;     806 
21; 7479;    1080 
21; 7679;    1419 
21; 7879;    1944 
21; 8079;    2525 
21; 8279;    3260 
21; 8478;    4347 
21; 8678;    5486 
21; 8878;    6764 
21; 9078;    8430 
21; 9278;   10097 
21; 9478;   11930 
21; 9678;   13702 
21; 9878;   15644 
22; 0078;   17385 
22; 0277;   19054 
22; 0477;   20717 
22; 0677;   22395 
22; 0877;   23301 
22; 1077;   24538 
22; 1277;   25293 
22; 1477;   25331 
22; 1677;   25297 
22; 1877;   24742 
22; 2076;   23630 
22; 2276;   21873 
22; 2476;   20009 
22; 2676;   17429 
22; 2876;   15130 
22; 3076;   12474 
22; 3276;   10177 
22; 3476;    8004 
22; 3676;    6144 
22; 3875;    4693 
22; 4075;    3456 
22; 4275;    2425 
22; 4475;    1694 
22; 4675;    1235 
22; 4875;     885 
22; 5075;     616 
22; 5275;     477 
22; 5475;     338 
22; 5674;     290 
22; 5874;     274 
22; 6074;     229 
22; 6274;     230 
22; 6474;     245 
22; 6674;     251 
22; 6874;     226 
22; 7074;     224 
22; 7274;     259 
22; 7473;     223 
22; 7673;     197 
22; 7873;     202 
22; 8073;     202 
22; 8273;     202 
22; 8473;     178 
22; 8673;     178 
22; 8873;     177 
22; 9073;     130 
22; 9272;     130 
22; 9472;     143 
22; 9672;     122 
22; 9872;     149 
23; 0072;     124 
23; 0272;     122 
23; 0472;     131 
23; 0672;     108 
23; 0872;     114 
23; 1071;     135 
23; 1271;     118 
23; 1471;     138 
23; 1671;     133 
23; 1871;     116 
23; 2071;     124 
23; 2271;     120 
23; 2471;     107 
23; 2671;     115 
23; 2870;     110 
23; 3070;      94 
23; 3270;     109 
23; 3470;     100 
23; 3670;     117 
23; 3870;     106 
23; 4070;      95 
23; 4270;      86 
23; 4470;      96 
23; 4669;     104 
23; 4869;      84 
23; 5069;      76 
23; 5269;      79 
23; 5469;      83 
23; 5669;      86 
23; 5869;      98 
23; 6069;      80 
23; 6269;      92 
23; 6468;      97 
23; 6668;      98 
23; 6868;      75 
23; 7068;     112 
23; 7268;     105 
23; 7468;     106 
23; 7668;     114 
23; 7868;     133 
23; 8068;     119 
23; 8267;     110 
23; 8467;     102 
23; 8667;     119 
23; 8867;     112 
23; 9067;     125 
23; 9267;     118 
23; 9467;      88 
23; 9667;     105 
23; 9867;     106 
24; 0066;     110 
24; 0266;     102 
24; 0466;      89 
24; 0666;      91 
24; 0866;      92 
24; 1066;      92 
24; 1266;      98 
24; 1466;      89 
24; 1666;     101 
24; 1865;      96 
24; 2065;      93 
24; 2265;      78 
24; 2465;      89 
24; 2665;      98 
24; 2865;      97 
24; 3065;      80 
24; 3265;     113 
24; 3465;     105 
24; 3664;      94 
24; 3864;     120 
24; 4064;      94 
24; 4264;      97 
24; 4464;      98 
24; 4664;     101 
24; 4864;     115 
24; 5064;     104 
24; 5264;     116 
24; 5463;     114 
24; 5663;     139 
24; 5863;     132 
24; 6063;     179 
24; 6263;     212 
24; 6463;     230 
24; 6663;     266 
24; 6863;     378 
24; 7063;     553 
24; 7262;     675 
24; 7462;     914 
24; 7662;    1147 
24; 7862;    1550 
24; 8062;    1849 
24; 8262;    2310 
24; 8462;    2723 
24; 8662;    3055 
24; 8862;    3487 
24; 9061;    3895 
24; 9261;    4108 
24; 9461;    4235 
24; 9661;    4284 
24; 9861;    4204 
25; 0061;    3984 
25; 0261;    3613 
25; 0461;    3293 
25; 0661;    2909 
25; 0860;    2568 
25; 1060;    2185 
25; 1260;    1716 
25; 1460;    1393 
25; 1660;    1056 
25; 1860;     868 
25; 2060;     668 
25; 2260;     553 
25; 2460;     456 
25; 2659;     413 
25; 2859;     386 
25; 3059;     431 
25; 3259;     453 
25; 3459;     449 
25; 3659;     504 
25; 3859;     570 
25; 4059;     614 
25; 4259;     709 
25; 4458;     747 
25; 4658;     764 
25; 4858;     803 
25; 5058;     730 
25; 5258;     679 
25; 5458;     637 
25; 5658;     574 
25; 5858;     512 
25; 6058;     465 
25; 6257;     356 
25; 6457;     279 
25; 6657;     234 
25; 6857;     184 
25; 7057;     129 
25; 7257;      86 
25; 7457;      85 
25; 7657;      70 
25; 7857;      46 
25; 8056;      33 
25; 8256;      24 
25; 8456;      26 
25; 8656;      26 
25; 8856;      29 
25; 9056;      23 
25; 9256;      22 
25; 9456;      16 
25; 9656;      16 
25; 9855;      17 
26; 0055;      19 
26; 0255;      17 
26; 0455;      20 
26; 0655;      16 
26; 0855;      18 
26; 1055;      18 
26; 1255;      13 
26; 1455;      26 
26; 1654;      11 
26; 1854;      21 
26; 2054;      18 
26; 2254;      24 
26; 2454;      14 
26; 2654;      15 
26; 2854;      22 
26; 3054;      14 
26; 3254;      17 
26; 3453;      18 
26; 3653;      24 
26; 3853;      10 
26; 4053;      17 
26; 4253;      11 
26; 4453;      14 
26; 4653;      16 
26; 4853;      16 
26; 5053;      13 
26; 5252;      16 
26; 5452;      16 
26; 5652;      15 
26; 5852;      14 
26; 6052;      20 
26; 6252;      14 
26; 6452;      21 
26; 6652;      22 
26; 6852;      17 
26; 7051;      22 
26; 7251;      15 
26; 7451;      13 
26; 7651;      15 
26; 7851;      12 
26; 8051;      17 
26; 8251;      14 
26; 8451;      13 
26; 8651;      15 
26; 8850;      23 
26; 9050;       9 
26; 9250;      18 
26; 9450;      15 
26; 9650;      11 
26; 9850;      17 
27; 0050;      16 
27; 0250;      19 
27; 0450;      13 
27; 0649;      13 
27; 0849;      15 
27; 1049;      16 
27; 1249;      10 
27; 1449;      16 
27; 1649;      16 
27; 1849;      14 
27; 2049;      15 
27; 2249;      20 
27; 2448;      20 
27; 2648;      14 
27; 2848;      16 
27; 3048;      14 
27; 3248;      10 
27; 3448;      13 
27; 3648;      17 
27; 3848;      16 
27; 4048;      15 
27; 4247;      11 
27; 4447;      16 
27; 4647;      15 
27; 4847;       8 
27; 5047;      17 
27; 5247;      11 
27; 5447;      13 
27; 5647;      14 
27; 5847;      14 
27; 6046;      13 
27; 6246;      14 
27; 6446;      18 
27; 6646;      12 
27; 6846;      12 
27; 7046;      10 
27; 7246;      14 
27; 7446;      18 
27; 7646;      16 
27; 7845;      14 
27; 8045;      13 
27; 8245;      11 
27; 8445;       6 
27; 8645;      19 
27; 8845;      13 
27; 9045;      19 
27; 9245;      19 
27; 9445;      15 
27; 9644;      18 
27; 9844;      17 
28; 0044;      14 
28; 0244;      13 
28; 0444;      13 
28; 0644;      20 
28; 0844;      17 
28; 1044;      14 
28; 1244;      18 
28; 1443;      18 
28; 1643;      18 
28; 1843;      14 
28; 2043;      20 
28; 2243;      12 
28; 2443;      11 
28; 2643;      11 
28; 2843;      16 
28; 3043;      15 
28; 3242;      13 
28; 3442;      15 
28; 3642;      18 
28; 3842;      12 
28; 4042;      21 
28; 4242;      17 
28; 4442;      15 
28; 4642;      13 
28; 4842;      19 
28; 5041;      12 
28; 5241;      13 
28; 5441;      11 
28; 5641;      12 
28; 5841;      17 
28; 6041;      16 
28; 6241;      13 
28; 6441;      16 
28; 6641;      12 
28; 6840;      19 
28; 7040;       7 
28; 7240;      13 
28; 7440;      17 
28; 7640;       8 
28; 7840;      15 
28; 8040;      14 
28; 8240;      12 
28; 8440;       9 
28; 8639;      10 
28; 8839;       6 
28; 9039;      13 
28; 9239;      15 
28; 9439;      13 
28; 9639;      11 
28; 9839;       8 
29; 0039;       8 
29; 0239;       9 
29; 0438;      13 
29; 0638;      11 
29; 0838;       7 
29; 1038;      10 
29; 1238;      13 
29; 1438;      20 
29; 1638;       7 
29; 1838;       6 
29; 2038;      10 
29; 2237;      11 
29; 2437;      16 
29; 2637;       8 
29; 2837;      11 
29; 3037;      17 
29; 3237;      15 
29; 3437;      11 
29; 3637;       4 
29; 3837;      15 
29; 4036;      11 
29; 4236;      12 
29; 4436;      11 
29; 4636;       5 
29; 4836;      18 
29; 5036;      14 
29; 5236;      12 
29; 5436;       9 
29; 5636;      13 
29; 5835;      11 
29; 6035;      11 
29; 6235;      14 
29; 6435;       9 
29; 6635;      12 
29; 6835;      18 
29; 7035;       9 
29; 7235;      14 
29; 7435;       9 
29; 7634;      16 
29; 7834;      12 
29; 8034;       6 
29; 8234;      13 
29; 8434;      14 
29; 8634;       6 
29; 8834;      15 
29; 9034;      11 
29; 9234;      13 
29; 9433;      13 
29; 9633;      17 
29; 9833;      15 
30; 0033;      19 
30; 0233;      25 
30; 0433;      22 
30; 0633;      22 
30; 0833;      25 
30; 1033;      19 
30; 1232;      20 
30; 1432;      21 
30; 1632;      27 
30; 1832;      33 
30; 2032;      30 
30; 2232;      23 
30; 2432;      32 
30; 2632;      26 
30; 2832;      30 
30; 3031;      28 
30; 3231;      23 
30; 3431;      25 
30; 3631;      23 
30; 3831;      20 
30; 4031;      13 
30; 4231;      11 
30; 4431;      19 
30; 4631;      16 
30; 4830;      14 
30; 5030;      14 
30; 5230;      15 
30; 5430;       5 
30; 5630;      16 
30; 5830;       4 
30; 6030;       4 
30; 6230;      11 
30; 6430;      13 
30; 6629;       5 
30; 6829;      11 
30; 7029;      10 
30; 7229;       8 
30; 7429;       8 
30; 7629;       5 
30; 7829;      10 
30; 8029;       8 
30; 8229;      12 
30; 8428;      10 
30; 8628;       8 
30; 8828;      11 
30; 9028;       5 
30; 9228;       3 
30; 9428;      15 
30; 9628;      14 
30; 9828;      13 
31; 0028;       9 
31; 0227;       9 
31; 0427;      10 
31; 0627;       7 
31; 0827;       9 
31; 1027;       7 
31; 1227;      12 
31; 1427;       9 
31; 1627;      11 
31; 1827;       8 
31; 2026;      12 
31; 2226;       5 
31; 2426;       9 
31; 2626;      11 
31; 2826;       5 
31; 3026;      11 
31; 3226;       4 
31; 3426;       6 
31; 3626;       9 
31; 3825;       4 
31; 4025;       8 
31; 4225;       6 
31; 4425;      10 
31; 4625;       3 
31; 4825;       9 
31; 5025;       8 
31; 5225;       6 
31; 5425;      13 
31; 5624;       8 
31; 5824;      12 
31; 6024;       8 
31; 6224;       9 
31; 6424;       7 
31; 6624;       6 
31; 6824;       6 
31; 7024;      13 
31; 7224;      10 
31; 7423;      10 
31; 7623;       7 
31; 7823;      11 
31; 8023;      11 
31; 8223;       8 
31; 8423;      10 
31; 8623;       6 
31; 8823;       5 
31; 9023;       7 
31; 9222;       7 
31; 9422;       5 
31; 9622;      19 
31; 9822;       7 
32; 0022;       6 
32; 0222;       7 
32; 0422;       6 
32; 0622;       6 
32; 0822;       5 
32; 1021;       6 
32; 1221;      11 
32; 1421;       7 
32; 1621;       4 
32; 1821;       4 
32; 2021;      11 
32; 2221;       4 
32; 2421;      10 
32; 2621;       3 
32; 2820;       2 
32; 3020;       4 
32; 3220;       8 
32; 3420;       7 
32; 3620;       9 
32; 3820;       9 
32; 4020;       9 
32; 4220;       9 
32; 4420;       6 
32; 4619;       4 
32; 4819;       2 
32; 5019;       7 
32; 5219;       8 
32; 5419;       7 
32; 5619;       2 
32; 5819;       6 
32; 6019;       6 
32; 6219;       6 
32; 6418;      10 
32; 6618;       7 
32; 6818;      11 
32; 7018;       8 
32; 7218;      12 
32; 7418;       8 
32; 7618;       7 
32; 7818;       6 
32; 8018;      14 
32; 8217;       9 
32; 8417;       6 
32; 8617;       9 
32; 8817;      15 
32; 9017;       8 
32; 9217;       8 
32; 9417;      10 
32; 9617;       5 
32; 9817;       7 
33; 0016;       8 
33; 0216;       7 
33; 0416;       6 
33; 0616;      10 
33; 0816;      12 
33; 1016;       7 
33; 1216;       8 
33; 1416;       3 
33; 1616;       9 
33; 1815;       8 
33; 2015;       8 
33; 2215;       5 
33; 2415;       7 
33; 2615;       8 
33; 2815;       9 
33; 3015;      12 
33; 3215;       8 
33; 3415;      10 
33; 3614;       6 
33; 3814;       7 
33; 4014;       8 
33; 4214;       2 
33; 4414;       3 
33; 4614;       6 
33; 4814;       5 
33; 5014;       3 
33; 5214;       6 
33; 5413;       8 
33; 5613;       7 
33; 5813;       9 
33; 6013;       6 
33; 6213;       6 
33; 6413;       5 
33; 6613;       4 
33; 6813;       3 
33; 7013;       5 
33; 7212;       5 
33; 7412;       6 
33; 7612;      12 
33; 7812;       3 
33; 8012;       4 
33; 8212;       5 
33; 8412;       3 
33; 8612;       7 
33; 8812;       6 
33; 9011;       7 
33; 9211;       3 
33; 9411;       4 
33; 9611;       4 
33; 9811;       5 
34; 0011;       2 
34; 0211;       2 
34; 0411;       1 
34; 0611;       4 
34; 0810;       7 
34; 1010;       7 
34; 1210;       5 
34; 1410;       7 
34; 1610;       3 
34; 1810;       1 
34; 2010;       3 
34; 2210;       6 
34; 2410;       6 
34; 2609;       5 
34; 2809;       5 
34; 3009;       0 
34; 3209;       5 
34; 3409;       6 
34; 3609;       8 
34; 3809;       2 
34; 4009;       5 
34; 4209;       4 
34; 4408;       3 
34; 4608;       3 
34; 4808;       3 
34; 5008;       5 
34; 5208;       4 
34; 5408;       6 
34; 5608;       4 
34; 5808;       5 
34; 6008;       3 
34; 6207;       1 
34; 6407;       3 
34; 6607;       2 
34; 6807;       6 
34; 7007;       9 
34; 7207;       8 
34; 7407;       4 
34; 7607;       4 
34; 7807;      10 
34; 8006;       4 
34; 8206;       5 
34; 8406;       3 
34; 8606;       5 
34; 8806;       5 
34; 9006;       3 
34; 9206;       1 
34; 9406;       6 
34; 9606;       4 
34; 9805;       5 
35; 0005;       5 
35; 0205;       6 
35; 0405;       5 
35; 0605;       2 
35; 0805;       8 
35; 1005;       2 
35; 1205;       3 
35; 1405;       3 
35; 1604;       1 
35; 1804;       3 
35; 2004;       2 
35; 2204;       2 
35; 2404;       3 
35; 2604;       1 
35; 2804;       3 
35; 3004;       4 
35; 3204;       4 
35; 3403;       4 
35; 3603;       1 
35; 3803;       4 
35; 4003;       5 
35; 4203;       8 
35; 4403;       4 
35; 4603;       4 
35; 4803;       3 
35; 5003;       3 
35; 5202;       0 
35; 5402;       3 
35; 5602;       1 
35; 5802;       3 
35; 6002;       0 
35; 6202;       3 
35; 6402;       5 
35; 6602;       3 
35; 6802;       4 
35; 7001;       1 
35; 7201;       1 
35; 7401;       2 
35; 7601;       0 
35; 7801;       1 
35; 8001;       2 
35; 8201;       2 
35; 8401;       2 
35; 8601;       1 
35; 8800;       1 
35; 9000;       0 
35; 9200;       5 
35; 9400;       0 
35; 9600;       2 
35; 9800;       2 
36; 0000;       2 
36; 0200;       2 
36; 0400;       4 
36; 0599;       2 
36; 0799;       1 
36; 0999;       2 
36; 1199;       0 
36; 1399;       1 
36; 1599;       1 
36; 1799;       3 
36; 1999;       2 
36; 2198;       4 
36; 2398;       3 
36; 2598;       6 
36; 2798;       2 
36; 2998;       5 
36; 3198;       2 
36; 3398;       3 
36; 3598;       3 
36; 3798;       1 
36; 3997;       1 
36; 4197;       1 
36; 4397;       7 
36; 4597;       6 
36; 4797;       2 
36; 4997;       1 
36; 5197;       1 
36; 5397;       3 
36; 5597;       0 
36; 5796;       2 
36; 5996;       2 
36; 6196;       3 
36; 6396;       2 
36; 6596;       1 
36; 6796;       1 
36; 6996;       3 
36; 7196;       1 
36; 7396;       0 
36; 7595;       3 
36; 7795;       0 
36; 7995;       0 
36; 8195;       0 
36; 8395;       3 
36; 8595;       2 
36; 8795;       1 
36; 8995;       1 
36; 9195;       2 
36; 9394;       3 
36; 9594;       2 
36; 9794;       1 
36; 9994;       3 
37; 0194;       0 
37; 0394;       2 
37; 0594;       1 
37; 0794;       0 
37; 0994;       2 
37; 1193;       0 
37; 1393;       3 
37; 1593;       1 
37; 1793;       1 
37; 1993;       3 
37; 2193;       2 
37; 2393;       4 
37; 2593;       3 
37; 2793;       0 
37; 2992;       1 
37; 3192;       3 
37; 3392;       0 
37; 3592;       2 
37; 3792;       1 
37; 3992;       3 
37; 4192;       2 
37; 4392;       2 
37; 4592;       3 
37; 4791;       1 
37; 4991;       2 
37; 5191;       2 
37; 5391;       0 
37; 5591;       4 
37; 5791;       2 
37; 5991;       3 
37; 6191;       0 
37; 6391;       1 
37; 6590;       2 
37; 6790;       1 
37; 6990;       1 
37; 7190;       0 
37; 7390;       2 
37; 7590;       0 
37; 7790;       1 
37; 7990;       2 
37; 8190;       3 
37; 8389;       1 
37; 8589;       0 
37; 8789;       0 
37; 8989;       0 
37; 9189;       2 
37; 9389;       1 
37; 9589;       3 
37; 9789;       2 
37; 9989;       1 
38; 0188;       2 
38; 0388;       0 
38; 0588;       0 
38; 0788;       0 
38; 0988;       1 
38; 1188;       2 
38; 1388;       2 
38; 1588;       2 
38; 1788;       0 
38; 1987;       1 
38; 2187;       1 
38; 2387;       0 
38; 2587;       0 
38; 2787;       0 
38; 2987;       1 
38; 3187;       0 
38; 3387;       1 
38; 3587;       2 
38; 3786;       0 
38; 3986;       2 
38; 4186;       2 
38; 4386;       1 
38; 4586;       4 
38; 4786;       1 
38; 4986;       0 
38; 5186;       0 
38; 5386;       0 
38; 5585;       2 
38; 5785;       2 
38; 5985;       1 
38; 6185;       1 
38; 6385;       4 
38; 6585;       0 
38; 6785;       1 
38; 6985;       1 
38; 7185;       1 
38; 7384;       2 
38; 7584;       0 
38; 7784;       1 
38; 7984;       1 
38; 8184;       3 
38; 8384;       1 
38; 8584;       1 
38; 8784;       0 
38; 8984;       2 
38; 9183;       1 
38; 9383;       3 
38; 9583;       2 
38; 9783;       0 
38; 9983;       0 
39; 0183;       1 
39; 0383;       0 
39; 0583;       0 
39; 0783;       1 
39; 0982;       0 
39; 1182;       0 
39; 1382;       1 
39; 1582;       0 
39; 1782;       1 
39; 1982;       1 
39; 2182;       0 
39; 2382;       2 
39; 2582;       2 
39; 2781;       1 
39; 2981;       0 
39; 3181;       0 
39; 3381;       1 
39; 3581;       0 
39; 3781;       0 
39; 3981;       0 
39; 4181;       1 
39; 4381;       1 
39; 4580;       0 
39; 4780;       2 
39; 4980;       0 
39; 5180;       0 
39; 5380;       4 
39; 5580;       1 
39; 5780;       5 
39; 5980;       1 
39; 6180;       1 
39; 6379;       1 
39; 6579;       0 
39; 6779;       1 
39; 6979;       1 
39; 7179;       1 
39; 7379;       0 
39; 7579;       3 
39; 7779;       2 
39; 7979;       0 
39; 8178;       1 
39; 8378;       0 
39; 8578;       1 
39; 8778;       0 
39; 8978;       0 
39; 9178;       0 
39; 9378;       1 
39; 9578;       0 
39; 9778;       2 
39; 9977;       2 
40; 0177;       0 
40; 0377;       1 
40; 0577;       1 
40; 0777;       2 
40; 0977;       0 
40; 1177;       0 
40; 1377;       0 
40; 1577;       1 
40; 1776;       0 
40; 1976;       0 
40; 2176;       0 
40; 2376;       1 
40; 2576;       0 
40; 2776;       0 
40; 2976;       2 
40; 3176;       0 
40; 3376;       1 
40; 3575;       1 
40; 3775;       0 
40; 3975;       0 
40; 4175;       0 
40; 4375;       0 
40; 4575;       2 
40; 4775;       1 
40; 4975;       1 
40; 5175;       0 
40; 5374;       2 
40; 5574;       0 
40; 5774;       0 
40; 5974;       1 
40; 6174;       1 
40; 6374;       2 
40; 6574;       0 
40; 6774;       2 
40; 6974;       0 
40; 7173;       0 
40; 7373;       1 
40; 7573;       1 
40; 7773;       2 
40; 7973;       2 
40; 8173;       4 
40; 8373;       1 
40; 8573;       1 
40; 8773;       0 
40; 8972;       2 
40; 9172;       0 
