0; 0000;     442 
0; 0200;     439 
0; 0399;     310 
0; 0599;     186 
0; 0799;     115 
0; 0999;      53 
0; 1198;      24 
0; 1398;       7 
0; 1598;       3 
0; 1797;       0 
0; 1997;       2 
0; 2197;       0 
0; 2397;       0 
0; 2596;       0 
0; 2796;       1 
0; 2996;       0 
0; 3196;       1 
0; 3395;       0 
0; 3595;       0 
0; 3795;       0 
0; 3994;       0 
0; 4194;       0 
0; 4394;       0 
0; 4594;       0 
0; 4793;       1 
0; 4993;       0 
0; 5193;       0 
0; 5392;       1 
0; 5592;       7 
0; 5792;      22 
0; 5992;      55 
0; 6191;     163 
0; 6391;     251 
0; 6591;     314 
0; 6790;     330 
0; 6990;     357 
0; 7190;     350 
0; 7390;     326 
0; 7589;     296 
0; 7789;     336 
0; 7989;     338 
0; 8189;     336 
0; 8388;     338 
0; 8588;     317 
0; 8788;     333 
0; 8987;     328 
0; 9187;     302 
0; 9387;     354 
0; 9587;     319 
0; 9786;     364 
0; 9986;     283 
1; 0186;     305 
1; 0385;     315 
1; 0585;     309 
1; 0785;     334 
1; 0985;     336 
1; 1184;     330 
1; 1384;     362 
1; 1584;     374 
1; 1783;     350 
1; 1983;     369 
1; 2183;     410 
1; 2383;     390 
1; 2582;     392 
1; 2782;     373 
1; 2982;     366 
1; 3182;     352 
1; 3381;     364 
1; 3581;     331 
1; 3781;     331 
1; 3980;     383 
1; 4180;     420 
1; 4380;     363 
1; 4580;     397 
1; 4779;     348 
1; 4979;     343 
1; 5179;     341 
1; 5378;     332 
1; 5578;     322 
1; 5778;     354 
1; 5978;     337 
1; 6177;     333 
1; 6377;     300 
1; 6577;     294 
1; 6776;     310 
1; 6976;     321 
1; 7176;     293 
1; 7376;     323 
1; 7575;     289 
1; 7775;     298 
1; 7975;     301 
1; 8175;     264 
1; 8374;     278 
1; 8574;     262 
1; 8774;     258 
1; 8973;     255 
1; 9173;     256 
1; 9373;     274 
1; 9573;     239 
1; 9772;     235 
1; 9972;     258 
2; 0172;     270 
2; 0371;     254 
2; 0571;     238 
2; 0771;     271 
2; 0971;     237 
2; 1170;     254 
2; 1370;     243 
2; 1570;     259 
2; 1770;     263 
2; 1969;     286 
2; 2169;     302 
2; 2369;     324 
2; 2568;     353 
2; 2768;     371 
2; 2968;     414 
2; 3168;     399 
2; 3367;     374 
2; 3567;     395 
2; 3767;     349 
2; 3966;     376 
2; 4166;     372 
2; 4366;     314 
2; 4566;     347 
2; 4765;     394 
2; 4965;     407 
2; 5165;     563 
2; 5364;     726 
2; 5564;     909 
2; 5764;    1163 
2; 5964;    1442 
2; 6163;    1664 
2; 6363;    1923 
2; 6563;    1940 
2; 6763;    1966 
2; 6962;    1978 
2; 7162;    1760 
2; 7362;    1745 
2; 7561;    1548 
2; 7761;    1536 
2; 7961;    1508 
2; 8161;    1691 
2; 8360;    1895 
2; 8560;    2262 
2; 8760;    2821 
2; 8959;    3683 
2; 9159;    4707 
2; 9359;    5667 
2; 9559;    6407 
2; 9758;    7090 
2; 9958;    7192 
3; 0158;    6504 
3; 0357;    5758 
3; 0557;    5104 
3; 0757;    4416 
3; 0957;    4228 
3; 1156;    4207 
3; 1356;    4153 
3; 1556;    4303 
3; 1756;    4132 
3; 1955;    3915 
3; 2155;    3564 
3; 2355;    3098 
3; 2554;    2578 
3; 2754;    2216 
3; 2954;    1836 
3; 3154;    1537 
3; 3353;    1404 
3; 3553;    1250 
3; 3753;    1102 
3; 3952;    1005 
3; 4152;     840 
3; 4352;     672 
3; 4552;     623 
3; 4751;     538 
3; 4951;     476 
3; 5151;     432 
3; 5350;     428 
3; 5550;     469 
3; 5750;     447 
3; 5950;     448 
3; 6149;     449 
3; 6349;     529 
3; 6549;     596 
3; 6749;     633 
3; 6948;     670 
3; 7148;     634 
3; 7348;     601 
3; 7547;     537 
3; 7747;     442 
3; 7947;     351 
3; 8147;     320 
3; 8346;     314 
3; 8546;     226 
3; 8746;     203 
3; 8945;     199 
3; 9145;     224 
3; 9345;     202 
3; 9545;     223 
3; 9744;     219 
3; 9944;     242 
4; 0144;     229 
4; 0343;     246 
4; 0543;     237 
4; 0743;     229 
4; 0943;     207 
4; 1142;     162 
4; 1342;     186 
4; 1542;     204 
4; 1742;     215 
4; 1941;     193 
4; 2141;     192 
4; 2341;     172 
4; 2540;     169 
4; 2740;     204 
4; 2940;     223 
4; 3140;     209 
4; 3339;     191 
4; 3539;     189 
4; 3739;     212 
4; 3938;     250 
4; 4138;     237 
4; 4338;     264 
4; 4538;     278 
4; 4737;     283 
4; 4937;     318 
4; 5137;     310 
4; 5336;     310 
4; 5536;     290 
4; 5736;     301 
4; 5936;     261 
4; 6135;     267 
4; 6335;     244 
4; 6535;     241 
4; 6735;     238 
4; 6934;     233 
4; 7134;     254 
4; 7334;     243 
4; 7533;     254 
4; 7733;     278 
4; 7933;     277 
4; 8133;     288 
4; 8332;     303 
4; 8532;     280 
4; 8732;     304 
4; 8931;     279 
4; 9131;     296 
4; 9331;     306 
4; 9531;     344 
4; 9730;     308 
4; 9930;     302 
5; 0130;     322 
5; 0329;     269 
5; 0529;     290 
5; 0729;     276 
5; 0929;     268 
5; 1128;     275 
5; 1328;     300 
5; 1528;     302 
5; 1728;     268 
5; 1927;     306 
5; 2127;     272 
5; 2327;     284 
5; 2526;     280 
5; 2726;     320 
5; 2926;     312 
5; 3126;     330 
5; 3325;     276 
5; 3525;     322 
5; 3725;     332 
5; 3924;     325 
5; 4124;     369 
5; 4324;     329 
5; 4524;     382 
5; 4723;     370 
5; 4923;     396 
5; 5123;     367 
5; 5322;     365 
5; 5522;     419 
5; 5722;     407 
5; 5922;     405 
5; 6121;     411 
5; 6321;     418 
5; 6521;     427 
5; 6721;     397 
5; 6920;     453 
5; 7120;     404 
5; 7320;     479 
5; 7519;     455 
5; 7719;     438 
5; 7919;     455 
5; 8119;     457 
5; 8318;     473 
5; 8518;     461 
5; 8718;     444 
5; 8917;     449 
5; 9117;     474 
5; 9317;     460 
5; 9517;     463 
5; 9716;     453 
5; 9916;     482 
6; 0116;     443 
6; 0315;     462 
6; 0515;     467 
6; 0715;     457 
6; 0915;     422 
6; 1114;     440 
6; 1314;     409 
6; 1514;     433 
6; 1714;     447 
6; 1913;     478 
6; 2113;     430 
6; 2313;     469 
6; 2512;     553 
6; 2712;     598 
6; 2912;     643 
6; 3112;     783 
6; 3311;     858 
6; 3511;     928 
6; 3711;    1041 
6; 3910;    1090 
6; 4110;    1098 
6; 4310;    1057 
6; 4510;     937 
6; 4709;     837 
6; 4909;     768 
6; 5109;     628 
6; 5309;     607 
6; 5508;     473 
6; 5708;     436 
6; 5908;     415 
6; 6107;     390 
6; 6307;     397 
6; 6507;     364 
6; 6707;     402 
6; 6906;     412 
6; 7106;     404 
6; 7306;     385 
6; 7505;     389 
6; 7705;     417 
6; 7905;     349 
6; 8105;     446 
6; 8304;     390 
6; 8504;     413 
6; 8704;     431 
6; 8903;     437 
6; 9103;     459 
6; 9303;     443 
6; 9503;     477 
6; 9702;     459 
6; 9902;     521 
7; 0102;     482 
7; 0302;     551 
7; 0501;     520 
7; 0701;     541 
7; 0901;     514 
7; 1100;     583 
7; 1300;     577 
7; 1500;     592 
7; 1700;     565 
7; 1899;     593 
7; 2099;     601 
7; 2299;     633 
7; 2498;     610 
7; 2698;     745 
7; 2898;     716 
7; 3098;     767 
7; 3297;     854 
7; 3497;     926 
7; 3697;    1023 
7; 3896;    1083 
7; 4096;    1189 
7; 4296;    1344 
7; 4496;    1370 
7; 4695;    1416 
7; 4895;    1337 
7; 5095;    1266 
7; 5295;    1213 
7; 5494;    1107 
7; 5694;     892 
7; 5894;     869 
7; 6093;     741 
7; 6293;     720 
7; 6493;     649 
7; 6693;     589 
7; 6892;     599 
7; 7092;     524 
7; 7292;     560 
7; 7491;     517 
7; 7691;     550 
7; 7891;     505 
7; 8091;     568 
7; 8290;     521 
7; 8490;     589 
7; 8690;     602 
7; 8889;     714 
7; 9089;     788 
7; 9289;     930 
7; 9489;    1121 
7; 9688;    1222 
7; 9888;    1426 
8; 0088;    1668 
8; 0288;    1787 
8; 0487;    1710 
8; 0687;    1698 
8; 0887;    1629 
8; 1086;    1522 
8; 1286;    1308 
8; 1486;    1066 
8; 1686;     921 
8; 1885;     799 
8; 2085;     675 
8; 2285;     624 
8; 2484;     564 
8; 2684;     603 
8; 2884;     526 
8; 3084;     546 
8; 3283;     501 
8; 3483;     499 
8; 3683;     449 
8; 3882;     499 
8; 4082;     502 
8; 4282;     463 
8; 4482;     455 
8; 4681;     453 
8; 4881;     465 
8; 5081;     527 
8; 5281;     500 
8; 5480;     499 
8; 5680;     508 
8; 5880;     486 
8; 6079;     486 
8; 6279;     491 
8; 6479;     521 
8; 6679;     503 
8; 6878;     457 
8; 7078;     545 
8; 7278;     486 
8; 7477;     490 
8; 7677;     514 
8; 7877;     493 
8; 8077;     533 
8; 8276;     539 
8; 8476;     522 
8; 8676;     568 
8; 8875;     665 
8; 9075;     631 
8; 9275;     630 
8; 9475;     652 
8; 9674;     611 
8; 9874;     583 
9; 0074;     502 
9; 0274;     493 
9; 0473;     471 
9; 0673;     458 
9; 0873;     461 
9; 1072;     431 
9; 1272;     443 
9; 1472;     418 
9; 1672;     453 
9; 1871;     445 
9; 2071;     456 
9; 2271;     443 
9; 2470;     462 
9; 2670;     442 
9; 2870;     428 
9; 3070;     391 
9; 3269;     427 
9; 3469;     422 
9; 3669;     422 
9; 3868;     420 
9; 4068;     429 
9; 4268;     388 
9; 4468;     444 
9; 4667;     462 
9; 4867;     463 
9; 5067;     494 
9; 5267;     454 
9; 5466;     509 
9; 5666;     549 
9; 5866;     654 
9; 6065;     682 
9; 6265;     747 
9; 6465;     823 
9; 6665;     942 
9; 6864;     913 
9; 7064;    1004 
9; 7264;     979 
9; 7463;     964 
9; 7663;     937 
9; 7863;     877 
9; 8063;     827 
9; 8262;     725 
9; 8462;     685 
9; 8662;     582 
9; 8861;     573 
9; 9061;     488 
9; 9261;     550 
9; 9461;     492 
9; 9660;     502 
9; 9860;     531 
10; 0060;     494 
10; 0260;     502 
10; 0459;     538 
10; 0659;     554 
10; 0859;     469 
10; 1058;     515 
10; 1258;     509 
10; 1458;     528 
10; 1658;     523 
10; 1857;     512 
10; 2057;     528 
10; 2257;     462 
10; 2456;     484 
10; 2656;     463 
10; 2856;     486 
10; 3056;     504 
10; 3255;     517 
10; 3455;     561 
10; 3655;     547 
10; 3855;     621 
10; 4054;     659 
10; 4254;     692 
10; 4454;     738 
10; 4653;     800 
10; 4853;     947 
10; 5053;     925 
10; 5253;     974 
10; 5452;     987 
10; 5652;    1015 
10; 5852;     973 
10; 6051;     957 
10; 6251;     860 
10; 6451;     849 
10; 6651;     741 
10; 6850;     651 
10; 7050;     655 
10; 7250;     546 
10; 7449;     566 
10; 7649;     554 
10; 7849;     504 
10; 8049;     541 
10; 8248;     539 
10; 8448;     546 
10; 8648;     563 
10; 8848;     489 
10; 9047;     530 
10; 9247;     493 
10; 9447;     491 
10; 9646;     490 
10; 9846;     501 
11; 0046;     450 
11; 0246;     447 
11; 0445;     442 
11; 0645;     426 
11; 0845;     433 
11; 1044;     430 
11; 1244;     402 
11; 1444;     465 
11; 1644;     412 
11; 1843;     422 
11; 2043;     454 
11; 2243;     438 
11; 2442;     504 
11; 2642;     473 
11; 2842;     470 
11; 3042;     522 
11; 3241;     518 
11; 3441;     535 
11; 3641;     615 
11; 3841;     626 
11; 4040;     650 
11; 4240;     722 
11; 4440;     753 
11; 4639;     764 
11; 4839;     774 
11; 5039;     782 
11; 5239;     728 
11; 5438;     731 
11; 5638;     725 
11; 5838;     699 
11; 6037;     664 
11; 6237;     557 
11; 6437;     631 
11; 6637;     562 
11; 6836;     520 
11; 7036;     478 
11; 7236;     465 
11; 7435;     444 
11; 7635;     447 
11; 7835;     443 
11; 8035;     433 
11; 8234;     470 
11; 8434;     436 
11; 8634;     434 
11; 8834;     386 
11; 9033;     431 
11; 9233;     434 
11; 9433;     419 
11; 9632;     400 
11; 9832;     414 
12; 0032;     401 
12; 0232;     406 
12; 0431;     401 
12; 0631;     402 
12; 0831;     381 
12; 1030;     416 
12; 1230;     362 
12; 1430;     395 
12; 1630;     401 
12; 1829;     422 
12; 2029;     381 
12; 2229;     378 
12; 2428;     414 
12; 2628;     437 
12; 2828;     405 
12; 3028;     429 
12; 3227;     420 
12; 3427;     412 
12; 3627;     419 
12; 3827;     404 
12; 4026;     423 
12; 4226;     483 
12; 4426;     432 
12; 4625;     500 
12; 4825;     523 
12; 5025;     525 
12; 5225;     623 
12; 5424;     702 
12; 5624;     771 
12; 5824;     826 
12; 6023;     780 
12; 6223;     833 
12; 6423;     814 
12; 6623;     855 
12; 6822;     797 
12; 7022;     756 
12; 7222;     711 
12; 7421;     646 
12; 7621;     602 
12; 7821;     540 
12; 8021;     523 
12; 8220;     438 
12; 8420;     490 
12; 8620;     467 
12; 8820;     471 
12; 9019;     453 
12; 9219;     448 
12; 9419;     480 
12; 9618;     437 
12; 9818;     449 
13; 0018;     482 
13; 0218;     469 
13; 0417;     497 
13; 0617;     451 
13; 0817;     445 
13; 1016;     433 
13; 1216;     440 
13; 1416;     419 
13; 1616;     396 
13; 1815;     416 
13; 2015;     440 
13; 2215;     378 
13; 2414;     404 
13; 2614;     379 
13; 2814;     395 
13; 3014;     398 
13; 3213;     417 
13; 3413;     395 
13; 3613;     438 
13; 3813;     373 
13; 4012;     391 
13; 4212;     450 
13; 4412;     397 
13; 4611;     376 
13; 4811;     377 
13; 5011;     380 
13; 5211;     368 
13; 5410;     335 
13; 5610;     352 
13; 5810;     360 
13; 6009;     307 
13; 6209;     330 
13; 6409;     345 
13; 6609;     325 
13; 6808;     317 
13; 7008;     358 
13; 7208;     356 
13; 7407;     305 
13; 7607;     307 
13; 7807;     335 
13; 8007;     355 
13; 8206;     324 
13; 8406;     323 
13; 8606;     333 
13; 8806;     363 
13; 9005;     308 
13; 9205;     330 
13; 9405;     310 
13; 9604;     320 
13; 9804;     297 
14; 0004;     319 
14; 0204;     312 
14; 0403;     311 
14; 0603;     306 
14; 0803;     331 
14; 1002;     337 
14; 1202;     301 
14; 1402;     288 
14; 1602;     328 
14; 1801;     322 
14; 2001;     281 
14; 2201;     306 
14; 2400;     311 
14; 2600;     317 
14; 2800;     305 
14; 3000;     304 
14; 3199;     303 
14; 3399;     316 
14; 3599;     314 
14; 3799;     299 
14; 3998;     271 
14; 4198;     297 
14; 4398;     294 
14; 4597;     319 
14; 4797;     291 
14; 4997;     301 
14; 5197;     277 
14; 5396;     287 
14; 5596;     321 
14; 5796;     289 
14; 5995;     327 
14; 6195;     282 
14; 6395;     304 
14; 6595;     301 
14; 6794;     315 
14; 6994;     355 
14; 7194;     333 
14; 7394;     348 
14; 7593;     337 
14; 7793;     418 
14; 7993;     334 
14; 8192;     380 
14; 8392;     331 
14; 8592;     333 
14; 8792;     330 
14; 8991;     327 
14; 9191;     323 
14; 9391;     290 
14; 9590;     330 
14; 9790;     307 
14; 9990;     297 
15; 0190;     275 
15; 0389;     294 
15; 0589;     295 
15; 0789;     299 
15; 0988;     297 
15; 1188;     292 
15; 1388;     300 
15; 1588;     300 
15; 1787;     328 
15; 1987;     316 
15; 2187;     298 
15; 2387;     317 
15; 2586;     280 
15; 2786;     304 
15; 2986;     324 
15; 3185;     309 
15; 3385;     298 
15; 3585;     256 
15; 3785;     281 
15; 3984;     248 
15; 4184;     279 
15; 4384;     258 
15; 4583;     298 
15; 4783;     258 
15; 4983;     264 
15; 5183;     275 
15; 5382;     252 
15; 5582;     252 
15; 5782;     242 
15; 5981;     254 
15; 6181;     244 
15; 6381;     254 
15; 6581;     273 
15; 6780;     260 
15; 6980;     258 
15; 7180;     259 
15; 7380;     245 
15; 7579;     264 
15; 7779;     250 
15; 7979;     252 
15; 8178;     257 
15; 8378;     251 
15; 8578;     272 
15; 8778;     222 
15; 8977;     239 
15; 9177;     251 
15; 9377;     236 
15; 9576;     247 
15; 9776;     267 
15; 9976;     255 
16; 0176;     223 
16; 0375;     230 
16; 0575;     233 
16; 0775;     240 
16; 0974;     239 
16; 1174;     243 
16; 1374;     252 
16; 1574;     249 
16; 1773;     237 
16; 1973;     223 
16; 2173;     232 
16; 2373;     219 
16; 2572;     222 
16; 2772;     238 
16; 2972;     211 
16; 3171;     226 
16; 3371;     216 
16; 3571;     249 
16; 3771;     252 
16; 3970;     230 
16; 4170;     229 
16; 4370;     236 
16; 4569;     234 
16; 4769;     233 
16; 4969;     246 
16; 5169;     208 
16; 5368;     231 
16; 5568;     217 
16; 5768;     226 
16; 5967;     218 
16; 6167;     236 
16; 6367;     231 
16; 6567;     246 
16; 6766;     231 
16; 6966;     249 
16; 7166;     212 
16; 7366;     261 
16; 7565;     200 
16; 7765;     246 
16; 7965;     223 
16; 8164;     210 
16; 8364;     215 
16; 8564;     214 
16; 8764;     214 
16; 8963;     202 
16; 9163;     199 
16; 9363;     209 
16; 9562;     194 
16; 9762;     209 
16; 9962;     192 
17; 0162;     194 
17; 0361;     205 
17; 0561;     198 
17; 0761;     211 
17; 0960;     194 
17; 1160;     230 
17; 1360;     214 
17; 1560;     209 
17; 1759;     193 
17; 1959;     214 
17; 2159;     206 
17; 2359;     232 
17; 2558;     217 
17; 2758;     215 
17; 2958;     213 
17; 3157;     207 
17; 3357;     215 
17; 3557;     207 
17; 3757;     182 
17; 3956;     232 
17; 4156;     187 
17; 4356;     196 
17; 4555;     194 
17; 4755;     199 
17; 4955;     203 
17; 5155;     213 
17; 5354;     195 
17; 5554;     191 
17; 5754;     200 
17; 5953;     197 
17; 6153;     214 
17; 6353;     204 
17; 6553;     196 
17; 6752;     196 
17; 6952;     206 
17; 7152;     202 
17; 7352;     221 
17; 7551;     198 
17; 7751;     221 
17; 7951;     208 
17; 8150;     186 
17; 8350;     197 
17; 8550;     207 
17; 8750;     216 
17; 8949;     186 
17; 9149;     199 
17; 9349;     184 
17; 9548;     200 
17; 9748;     193 
17; 9948;     199 
18; 0148;     188 
18; 0347;     196 
18; 0547;     188 
18; 0747;     201 
18; 0946;     190 
18; 1146;     209 
18; 1346;     201 
18; 1546;     211 
18; 1745;     200 
18; 1945;     196 
18; 2145;     231 
18; 2345;     209 
18; 2544;     192 
18; 2744;     229 
18; 2944;     197 
18; 3143;     222 
18; 3343;     233 
18; 3543;     198 
18; 3743;     215 
18; 3942;     239 
18; 4142;     213 
18; 4342;     217 
18; 4541;     221 
18; 4741;     232 
18; 4941;     232 
18; 5141;     206 
18; 5340;     246 
18; 5540;     238 
18; 5740;     233 
18; 5940;     236 
18; 6139;     266 
18; 6339;     252 
18; 6539;     217 
18; 6738;     234 
18; 6938;     244 
18; 7138;     280 
18; 7338;     308 
18; 7537;     301 
18; 7737;     248 
18; 7937;     310 
18; 8136;     307 
18; 8336;     301 
18; 8536;     325 
18; 8736;     333 
18; 8935;     319 
18; 9135;     324 
18; 9335;     329 
18; 9534;     351 
18; 9734;     341 
18; 9934;     344 
19; 0134;     342 
19; 0333;     383 
19; 0533;     363 
19; 0733;     380 
19; 0933;     374 
19; 1132;     394 
19; 1332;     368 
19; 1532;     389 
19; 1731;     343 
19; 1931;     359 
19; 2131;     353 
19; 2331;     351 
19; 2530;     332 
19; 2730;     339 
19; 2930;     327 
19; 3129;     301 
19; 3329;     314 
19; 3529;     287 
19; 3729;     298 
19; 3928;     282 
19; 4128;     296 
19; 4328;     256 
19; 4527;     257 
19; 4727;     299 
19; 4927;     240 
19; 5127;     256 
19; 5326;     236 
19; 5526;     208 
19; 5726;     214 
19; 5926;     212 
19; 6125;     230 
19; 6325;     204 
19; 6525;     190 
19; 6724;     221 
19; 6924;     200 
19; 7124;     211 
19; 7324;     211 
19; 7523;     198 
19; 7723;     219 
19; 7923;     234 
19; 8122;     175 
19; 8322;     198 
19; 8522;     234 
19; 8722;     234 
19; 8921;     233 
19; 9121;     263 
19; 9321;     301 
19; 9520;     296 
19; 9720;     369 
19; 9920;     413 
20; 0120;     480 
20; 0319;     533 
20; 0519;     621 
20; 0719;     635 
20; 0919;     710 
20; 1118;     744 
20; 1318;     794 
20; 1518;     879 
20; 1717;     897 
20; 1917;     830 
20; 2117;     866 
20; 2317;     849 
20; 2516;     820 
20; 2716;     811 
20; 2916;     769 
20; 3115;     710 
20; 3315;     597 
20; 3515;     536 
20; 3715;     506 
20; 3914;     434 
20; 4114;     417 
20; 4314;     318 
20; 4513;     318 
20; 4713;     297 
20; 4913;     280 
20; 5113;     270 
20; 5312;     262 
20; 5512;     275 
20; 5712;     227 
20; 5912;     242 
20; 6111;     247 
20; 6311;     248 
20; 6511;     255 
20; 6710;     242 
20; 6910;     238 
20; 7110;     213 
20; 7310;     235 
20; 7509;     267 
20; 7709;     247 
20; 7909;     242 
20; 8108;     263 
20; 8308;     236 
20; 8508;     285 
20; 8708;     297 
20; 8907;     298 
20; 9107;     312 
20; 9307;     317 
20; 9506;     310 
20; 9706;     339 
20; 9906;     368 
21; 0106;     406 
21; 0305;     402 
21; 0505;     489 
21; 0705;     424 
21; 0905;     458 
21; 1104;     470 
21; 1304;     485 
21; 1504;     469 
21; 1703;     491 
21; 1903;     531 
21; 2103;     488 
21; 2303;     506 
21; 2502;     449 
21; 2702;     442 
21; 2902;     402 
21; 3101;     417 
21; 3301;     401 
21; 3501;     391 
21; 3701;     334 
21; 3900;     319 
21; 4100;     358 
21; 4300;     327 
21; 4499;     337 
21; 4699;     319 
21; 4899;     333 
21; 5099;     335 
21; 5298;     355 
21; 5498;     353 
21; 5698;     359 
21; 5898;     378 
21; 6097;     360 
21; 6297;     378 
21; 6497;     467 
21; 6696;     450 
21; 6896;     566 
21; 7096;     650 
21; 7296;     909 
21; 7495;    1163 
21; 7695;    1402 
21; 7895;    1891 
21; 8094;    2618 
21; 8294;    3407 
21; 8494;    4432 
21; 8694;    5599 
21; 8893;    7190 
21; 9093;    8721 
21; 9293;   10664 
21; 9492;   12294 
21; 9692;   14228 
21; 9892;   16195 
22; 0092;   18024 
22; 0291;   19666 
22; 0491;   21470 
22; 0691;   22854 
22; 0891;   24264 
22; 1090;   25475 
22; 1290;   26079 
22; 1490;   26506 
22; 1689;   26347 
22; 1889;   25354 
22; 2089;   24381 
22; 2289;   22535 
22; 2488;   20595 
22; 2688;   18134 
22; 2888;   15480 
22; 3087;   12985 
22; 3287;   10462 
22; 3487;    8347 
22; 3687;    6363 
22; 3886;    4836 
22; 4086;    3500 
22; 4286;    2469 
22; 4486;    1746 
22; 4685;    1225 
22; 4885;     908 
22; 5085;     608 
22; 5284;     435 
22; 5484;     366 
22; 5684;     295 
22; 5884;     232 
22; 6083;     246 
22; 6283;     253 
22; 6483;     224 
22; 6682;     235 
22; 6882;     224 
22; 7082;     225 
22; 7282;     233 
22; 7481;     243 
22; 7681;     240 
22; 7881;     201 
22; 8080;     205 
22; 8280;     206 
22; 8480;     200 
22; 8680;     187 
22; 8879;     173 
22; 9079;     162 
22; 9279;     164 
22; 9479;     134 
22; 9678;     129 
22; 9878;     135 
23; 0078;     128 
23; 0277;     116 
23; 0477;     116 
23; 0677;     125 
23; 0877;     100 
23; 1076;     116 
23; 1276;     128 
23; 1476;     119 
23; 1675;     106 
23; 1875;     123 
23; 2075;     101 
23; 2275;     121 
23; 2474;     123 
23; 2674;     111 
23; 2874;      97 
23; 3073;     109 
23; 3273;      97 
23; 3473;     112 
23; 3673;      93 
23; 3872;      91 
23; 4072;      87 
23; 4272;     111 
23; 4472;      90 
23; 4671;      82 
23; 4871;      88 
23; 5071;      83 
23; 5270;     124 
23; 5470;      90 
23; 5670;      97 
23; 5870;      96 
23; 6069;      97 
23; 6269;      83 
23; 6469;      93 
23; 6668;      95 
23; 6868;     114 
23; 7068;     113 
23; 7268;     101 
23; 7467;     104 
23; 7667;     107 
23; 7867;     133 
23; 8066;     119 
23; 8266;     135 
23; 8466;     137 
23; 8666;     115 
23; 8865;     105 
23; 9065;     121 
23; 9265;     121 
23; 9465;     111 
23; 9664;     101 
23; 9864;     104 
24; 0064;      83 
24; 0263;      98 
24; 0463;      79 
24; 0663;      97 
24; 0863;     121 
24; 1062;     106 
24; 1262;     107 
24; 1462;      85 
24; 1661;      82 
24; 1861;     100 
24; 2061;      87 
24; 2261;     101 
24; 2460;      91 
24; 2660;     113 
24; 2860;      88 
24; 3059;      91 
24; 3259;      97 
24; 3459;      94 
24; 3659;     118 
24; 3858;      98 
24; 4058;     110 
24; 4258;     113 
24; 4458;     109 
24; 4657;     104 
24; 4857;     113 
24; 5057;     110 
24; 5256;     123 
24; 5456;     125 
24; 5656;     125 
24; 5856;     145 
24; 6055;     154 
24; 6255;     208 
24; 6455;     210 
24; 6654;     301 
24; 6854;     403 
24; 7054;     511 
24; 7254;     698 
24; 7453;     906 
24; 7653;    1182 
24; 7853;    1559 
24; 8052;    1905 
24; 8252;    2230 
24; 8452;    2744 
24; 8652;    3130 
24; 8851;    3462 
24; 9051;    3769 
24; 9251;    4134 
24; 9451;    4358 
24; 9650;    4361 
24; 9850;    4322 
25; 0050;    4257 
25; 0249;    3836 
25; 0449;    3488 
25; 0649;    3032 
25; 0849;    2577 
25; 1048;    2256 
25; 1248;    1833 
25; 1448;    1468 
25; 1647;    1078 
25; 1847;     882 
25; 2047;     672 
25; 2247;     560 
25; 2446;     499 
25; 2646;     429 
25; 2846;     413 
25; 3045;     383 
25; 3245;     421 
25; 3445;     469 
25; 3645;     514 
25; 3844;     585 
25; 4044;     688 
25; 4244;     700 
25; 4444;     735 
25; 4643;     807 
25; 4843;     779 
25; 5043;     753 
25; 5242;     780 
25; 5442;     639 
25; 5642;     593 
25; 5842;     515 
25; 6041;     472 
25; 6241;     386 
25; 6441;     312 
25; 6640;     295 
25; 6840;     230 
25; 7040;     150 
25; 7240;     115 
25; 7439;      76 
25; 7639;      83 
25; 7839;      49 
25; 8038;      39 
25; 8238;      33 
25; 8438;      38 
25; 8638;      27 
25; 8837;      19 
25; 9037;      24 
25; 9237;      23 
25; 9437;      17 
25; 9636;      20 
25; 9836;      18 
26; 0036;      25 
26; 0235;      19 
26; 0435;      22 
26; 0635;      14 
26; 0835;      11 
26; 1034;      17 
26; 1234;      17 
26; 1434;      15 
26; 1633;      23 
26; 1833;      13 
26; 2033;      21 
26; 2233;      22 
26; 2432;      13 
26; 2632;      15 
26; 2832;      21 
26; 3031;      16 
26; 3231;      18 
26; 3431;       8 
26; 3631;      14 
26; 3830;      13 
26; 4030;      20 
26; 4230;      17 
26; 4430;      12 
26; 4629;       6 
26; 4829;      23 
26; 5029;      21 
26; 5228;      16 
26; 5428;      17 
26; 5628;      16 
26; 5828;       8 
26; 6027;      22 
26; 6227;      15 
26; 6427;      19 
26; 6626;      18 
26; 6826;      26 
26; 7026;      17 
26; 7226;      16 
26; 7425;      18 
26; 7625;      12 
26; 7825;      11 
26; 8025;      14 
26; 8224;      22 
26; 8424;      15 
26; 8624;      18 
26; 8823;      16 
26; 9023;      12 
26; 9223;       7 
26; 9423;      16 
26; 9622;      11 
26; 9822;      18 
27; 0022;      14 
27; 0221;      16 
27; 0421;      16 
27; 0621;      16 
27; 0821;      13 
27; 1020;      12 
27; 1220;      21 
27; 1420;      10 
27; 1619;      24 
27; 1819;      17 
27; 2019;      13 
27; 2219;      15 
27; 2418;      17 
27; 2618;      20 
27; 2818;       7 
27; 3018;      19 
27; 3217;      20 
27; 3417;      12 
27; 3617;      12 
27; 3816;       6 
27; 4016;      13 
27; 4216;      13 
27; 4416;      11 
27; 4615;      14 
27; 4815;      17 
27; 5015;      16 
27; 5214;      11 
27; 5414;      11 
27; 5614;      10 
27; 5814;      11 
27; 6013;      16 
27; 6213;      14 
27; 6413;      14 
27; 6612;      14 
27; 6812;      21 
27; 7012;      15 
27; 7212;      21 
27; 7411;      21 
27; 7611;      21 
27; 7811;      14 
27; 8011;      19 
27; 8210;      23 
27; 8410;      13 
27; 8610;      23 
27; 8809;      14 
27; 9009;       8 
27; 9209;      25 
27; 9409;      17 
27; 9608;      12 
27; 9808;      15 
28; 0008;      23 
28; 0207;      20 
28; 0407;      18 
28; 0607;      14 
28; 0807;      18 
28; 1006;      24 
28; 1206;      26 
28; 1406;      13 
28; 1605;      14 
28; 1805;       9 
28; 2005;      10 
28; 2205;      17 
28; 2404;       7 
28; 2604;      14 
28; 2804;      14 
28; 3004;       7 
28; 3203;      18 
28; 3403;      17 
28; 3603;      19 
28; 3802;      13 
28; 4002;       9 
28; 4202;      13 
28; 4402;      12 
28; 4601;      13 
28; 4801;      16 
28; 5001;      16 
28; 5200;      17 
28; 5400;      21 
28; 5600;       9 
28; 5800;      18 
28; 5999;      15 
28; 6199;      15 
28; 6399;      14 
28; 6598;      14 
28; 6798;      14 
28; 6998;      12 
28; 7198;      12 
28; 7397;      12 
28; 7597;      17 
28; 7797;       9 
28; 7997;      10 
28; 8196;      13 
28; 8396;       5 
28; 8596;      12 
28; 8795;      12 
28; 8995;       8 
28; 9195;      10 
28; 9395;      10 
28; 9594;       9 
28; 9794;      10 
28; 9994;       8 
29; 0193;       9 
29; 0393;      11 
29; 0593;       8 
29; 0793;      11 
29; 0992;      15 
29; 1192;      11 
29; 1392;       8 
29; 1591;       7 
29; 1791;      12 
29; 1991;       7 
29; 2191;      18 
29; 2390;      13 
29; 2590;      13 
29; 2790;      10 
29; 2990;       9 
29; 3189;      10 
29; 3389;      11 
29; 3589;      11 
29; 3788;      10 
29; 3988;      15 
29; 4188;       9 
29; 4388;      12 
29; 4587;      12 
29; 4787;       8 
29; 4987;       9 
29; 5186;      15 
29; 5386;      14 
29; 5586;      15 
29; 5786;       9 
29; 5985;      12 
29; 6185;      16 
29; 6385;      13 
29; 6584;      10 
29; 6784;       9 
29; 6984;      12 
29; 7184;      11 
29; 7383;      11 
29; 7583;       9 
29; 7783;      14 
29; 7983;      12 
29; 8182;       8 
29; 8382;      10 
29; 8582;      11 
29; 8781;      14 
29; 8981;      16 
29; 9181;      14 
29; 9381;       9 
29; 9580;       8 
29; 9780;       9 
29; 9980;       9 
30; 0179;      10 
30; 0379;      12 
30; 0579;      12 
30; 0779;      12 
30; 0978;      12 
30; 1178;      11 
30; 1378;       6 
30; 1577;      13 
30; 1777;      12 
30; 1977;      11 
30; 2177;      10 
30; 2376;       8 
30; 2576;      14 
30; 2776;       9 
30; 2976;      18 
30; 3175;       9 
30; 3375;      15 
30; 3575;       7 
30; 3774;      11 
30; 3974;      10 
30; 4174;       7 
30; 4374;       7 
30; 4573;      12 
30; 4773;       8 
30; 4973;       9 
30; 5172;      13 
30; 5372;      13 
30; 5572;       8 
30; 5772;       8 
30; 5971;      12 
30; 6171;       9 
30; 6371;       7 
30; 6571;      12 
30; 6770;       8 
30; 6970;       9 
30; 7170;       7 
30; 7369;      12 
30; 7569;       9 
30; 7769;       3 
30; 7969;       5 
30; 8168;       7 
30; 8368;       8 
30; 8568;       3 
30; 8767;       7 
30; 8967;       7 
30; 9167;       3 
30; 9367;       5 
30; 9566;      10 
30; 9766;      11 
30; 9966;       9 
31; 0165;       9 
31; 0365;       6 
31; 0565;       8 
31; 0765;      10 
31; 0964;      10 
31; 1164;       5 
31; 1364;      10 
31; 1564;       9 
31; 1763;       6 
31; 1963;       9 
31; 2163;       6 
31; 2362;       7 
31; 2562;       6 
31; 2762;       5 
31; 2962;       7 
31; 3161;       7 
31; 3361;       9 
31; 3561;       6 
31; 3760;      12 
31; 3960;       9 
31; 4160;       6 
31; 4360;       9 
31; 4559;       7 
31; 4759;       5 
31; 4959;      10 
31; 5158;       5 
31; 5358;      11 
31; 5558;       9 
31; 5758;       5 
31; 5957;       8 
31; 6157;      10 
31; 6357;       9 
31; 6557;       9 
31; 6756;       9 
31; 6956;      10 
31; 7156;       7 
31; 7355;       8 
31; 7555;      10 
31; 7755;      10 
31; 7955;      12 
31; 8154;       9 
31; 8354;       4 
31; 8554;       9 
31; 8753;       9 
31; 8953;       9 
31; 9153;       4 
31; 9353;       7 
31; 9552;       6 
31; 9752;       3 
31; 9952;      11 
32; 0151;       6 
32; 0351;       9 
32; 0551;       8 
32; 0751;       4 
32; 0950;       8 
32; 1150;       6 
32; 1350;       9 
32; 1550;       9 
32; 1749;       8 
32; 1949;       6 
32; 2149;       7 
32; 2348;       6 
32; 2548;       5 
32; 2748;       4 
32; 2948;       9 
32; 3147;       8 
32; 3347;       4 
32; 3547;      11 
32; 3746;       8 
32; 3946;       9 
32; 4146;       9 
32; 4346;       7 
32; 4545;       9 
32; 4745;      10 
32; 4945;       8 
32; 5144;       7 
32; 5344;       5 
32; 5544;       4 
32; 5744;       6 
32; 5943;       8 
32; 6143;      12 
32; 6343;       4 
32; 6543;       4 
32; 6742;       6 
32; 6942;       9 
32; 7142;       7 
32; 7341;       6 
32; 7541;       4 
32; 7741;       3 
32; 7941;      10 
32; 8140;       4 
32; 8340;       5 
32; 8540;       5 
32; 8739;       5 
32; 8939;       7 
32; 9139;       4 
32; 9339;       4 
32; 9538;       4 
32; 9738;       6 
32; 9938;       7 
33; 0137;       7 
33; 0337;       6 
33; 0537;       6 
33; 0737;       6 
33; 0936;       9 
33; 1136;       6 
33; 1336;       3 
33; 1536;       4 
33; 1735;       6 
33; 1935;       5 
33; 2135;       4 
33; 2334;       8 
33; 2534;       4 
33; 2734;       3 
33; 2934;       3 
33; 3133;       7 
33; 3333;       9 
33; 3533;       3 
33; 3732;       4 
33; 3932;       6 
33; 4132;       3 
33; 4332;       7 
33; 4531;       3 
33; 4731;       4 
33; 4931;       5 
33; 5130;       5 
33; 5330;       3 
33; 5530;       6 
33; 5730;       4 
33; 5929;       6 
33; 6129;      12 
33; 6329;       8 
33; 6529;      10 
33; 6728;       3 
33; 6928;       3 
33; 7128;       3 
33; 7327;       4 
33; 7527;      11 
33; 7727;       1 
33; 7927;       3 
33; 8126;       0 
33; 8326;       5 
33; 8526;       5 
33; 8725;       3 
33; 8925;       8 
33; 9125;       4 
33; 9325;       3 
33; 9524;       2 
33; 9724;       2 
33; 9924;       4 
34; 0123;       4 
34; 0323;       4 
34; 0523;       9 
34; 0723;       5 
34; 0922;       2 
34; 1122;       5 
34; 1322;       6 
34; 1522;       3 
34; 1721;       3 
34; 1921;       4 
34; 2121;       4 
34; 2320;       4 
34; 2520;       2 
34; 2720;       6 
34; 2920;       4 
34; 3119;       6 
34; 3319;       0 
34; 3519;       3 
34; 3718;       6 
34; 3918;       4 
34; 4118;       4 
34; 4318;       7 
34; 4517;       5 
34; 4717;       3 
34; 4917;       4 
34; 5116;       2 
34; 5316;       3 
34; 5516;       4 
34; 5716;       3 
34; 5915;       3 
34; 6115;       3 
34; 6315;       3 
34; 6515;       3 
34; 6714;       6 
34; 6914;       5 
34; 7114;       6 
34; 7313;       3 
34; 7513;       4 
34; 7713;       1 
34; 7913;       7 
34; 8112;       6 
34; 8312;       8 
34; 8512;       1 
34; 8711;       2 
34; 8911;       4 
34; 9111;       5 
34; 9311;       6 
34; 9510;       5 
34; 9710;       5 
34; 9910;       5 
35; 0110;       4 
35; 0309;       4 
35; 0509;       0 
35; 0709;       2 
35; 0908;       1 
35; 1108;       1 
35; 1308;       2 
35; 1508;       4 
35; 1707;       2 
35; 1907;       5 
35; 2107;       4 
35; 2306;       1 
35; 2506;       4 
35; 2706;       1 
35; 2906;       2 
35; 3105;       1 
35; 3305;       7 
35; 3505;       1 
35; 3704;       1 
35; 3904;       3 
35; 4104;       4 
35; 4304;       5 
35; 4503;       6 
35; 4703;       0 
35; 4903;       1 
35; 5103;       4 
35; 5302;       2 
35; 5502;       2 
35; 5702;       4 
35; 5901;       3 
35; 6101;       3 
35; 6301;       1 
35; 6501;       0 
35; 6700;       5 
35; 6900;       3 
35; 7100;       2 
35; 7299;       1 
35; 7499;       4 
35; 7699;       1 
35; 7899;       3 
35; 8098;       4 
35; 8298;       2 
35; 8498;       4 
35; 8697;       5 
35; 8897;       3 
35; 9097;       3 
35; 9297;       1 
35; 9496;       3 
35; 9696;       4 
35; 9896;       2 
36; 0096;       3 
36; 0295;       1 
36; 0495;       0 
36; 0695;       0 
36; 0894;       1 
36; 1094;       2 
36; 1294;       2 
36; 1494;       3 
36; 1693;       3 
36; 1893;       1 
36; 2093;       0 
36; 2292;       3 
36; 2492;       5 
36; 2692;       0 
36; 2892;       0 
36; 3091;       0 
36; 3291;       3 
36; 3491;       0 
36; 3690;       1 
36; 3890;       3 
36; 4090;       1 
36; 4290;       2 
36; 4489;       3 
36; 4689;       2 
36; 4889;       3 
36; 5089;       1 
36; 5288;       3 
36; 5488;       2 
36; 5688;       2 
36; 5887;       1 
36; 6087;       1 
36; 6287;       2 
36; 6487;       0 
36; 6686;       1 
36; 6886;       2 
36; 7086;       2 
36; 7285;       3 
36; 7485;       2 
36; 7685;       2 
36; 7885;       2 
36; 8084;       0 
36; 8284;       1 
36; 8484;       2 
36; 8683;       3 
36; 8883;       3 
36; 9083;       0 
36; 9283;       1 
36; 9482;       2 
36; 9682;       0 
36; 9882;       1 
37; 0082;       5 
37; 0281;       2 
37; 0481;       3 
37; 0681;       0 
37; 0880;       2 
37; 1080;       1 
37; 1280;       0 
37; 1480;       2 
37; 1679;       2 
37; 1879;       0 
37; 2079;       0 
37; 2278;       2 
37; 2478;       2 
37; 2678;       0 
37; 2878;       0 
37; 3077;       3 
37; 3277;       4 
37; 3477;       1 
37; 3676;       2 
37; 3876;       3 
37; 4076;       1 
37; 4276;       1 
37; 4475;       2 
37; 4675;       3 
37; 4875;       1 
37; 5075;       3 
37; 5274;       1 
37; 5474;       1 
37; 5674;       1 
37; 5873;       1 
37; 6073;       2 
37; 6273;       0 
37; 6473;       1 
37; 6672;       2 
37; 6872;       3 
37; 7072;       0 
37; 7271;       6 
37; 7471;       0 
37; 7671;       3 
37; 7871;       2 
37; 8070;       0 
37; 8270;       2 
37; 8470;       2 
37; 8669;       0 
37; 8869;       1 
37; 9069;       2 
37; 9269;       2 
37; 9468;       1 
37; 9668;       0 
37; 9868;       2 
38; 0068;       1 
38; 0267;       2 
38; 0467;       2 
38; 0667;       0 
38; 0866;       1 
38; 1066;       1 
38; 1266;       2 
38; 1466;       2 
38; 1665;       0 
38; 1865;       1 
38; 2065;       2 
38; 2264;       1 
38; 2464;       1 
38; 2664;       4 
38; 2864;       1 
38; 3063;       2 
38; 3263;       3 
38; 3463;       0 
38; 3662;       1 
38; 3862;       4 
38; 4062;       2 
38; 4262;       0 
38; 4461;       0 
38; 4661;       0 
38; 4861;       0 
38; 5061;       1 
38; 5260;       0 
38; 5460;       1 
38; 5660;       2 
38; 5859;       0 
38; 6059;       1 
38; 6259;       2 
38; 6459;       0 
38; 6658;       1 
38; 6858;       1 
38; 7058;       4 
38; 7257;       0 
38; 7457;       1 
38; 7657;       2 
38; 7857;       0 
38; 8056;       1 
38; 8256;       0 
38; 8456;       1 
38; 8656;       0 
38; 8855;       2 
38; 9055;       0 
38; 9255;       1 
38; 9454;       0 
38; 9654;       0 
38; 9854;       0 
39; 0054;       1 
39; 0253;       1 
39; 0453;       1 
39; 0653;       1 
39; 0852;       1 
39; 1052;       2 
39; 1252;       2 
39; 1452;       1 
39; 1651;       2 
39; 1851;       0 
39; 2051;       2 
39; 2250;       0 
39; 2450;       1 
39; 2650;       2 
39; 2850;       0 
39; 3049;       1 
39; 3249;       1 
39; 3449;       1 
39; 3649;       1 
39; 3848;       0 
39; 4048;       1 
39; 4248;       1 
39; 4447;       3 
39; 4647;       3 
39; 4847;       0 
39; 5047;       1 
39; 5246;       1 
39; 5446;       0 
39; 5646;       0 
39; 5845;       1 
39; 6045;       0 
39; 6245;       2 
39; 6445;       0 
39; 6644;       2 
39; 6844;       0 
39; 7044;       0 
39; 7243;       0 
39; 7443;       1 
39; 7643;       0 
39; 7843;       1 
39; 8042;       1 
39; 8242;       0 
39; 8442;       1 
39; 8642;       0 
39; 8841;       0 
39; 9041;       0 
39; 9241;       0 
39; 9440;       1 
39; 9640;       0 
39; 9840;       0 
40; 0040;       0 
40; 0239;       2 
40; 0439;       0 
40; 0639;       2 
40; 0838;       1 
40; 1038;       0 
40; 1238;       2 
40; 1438;       0 
40; 1637;       0 
40; 1837;       3 
40; 2037;       0 
40; 2236;       1 
40; 2436;       0 
40; 2636;       3 
40; 2836;       0 
40; 3035;       0 
40; 3235;       2 
40; 3435;       1 
40; 3635;       1 
40; 3834;       0 
40; 4034;       2 
40; 4234;       0 
40; 4433;       0 
40; 4633;       1 
40; 4833;       2 
40; 5033;       0 
40; 5232;       1 
40; 5432;       2 
40; 5632;       1 
40; 5831;       2 
40; 6031;       1 
40; 6231;       1 
40; 6431;       0 
40; 6630;       2 
40; 6830;       0 
40; 7030;       2 
40; 7229;       2 
40; 7429;       0 
40; 7629;       0 
40; 7829;       0 
40; 8028;       1 
40; 8228;       1 
40; 8428;       0 
40; 8628;       0 
40; 8827;       1 
