0; 0000;     222 
0; 0200;     208 
0; 0399;     175 
0; 0599;      95 
0; 0799;      56 
0; 0998;      18 
0; 1198;      14 
0; 1397;       5 
0; 1597;       4 
0; 1797;       1 
0; 1996;       0 
0; 2196;       1 
0; 2396;       1 
0; 2595;       0 
0; 2795;       0 
0; 2994;       0 
0; 3194;       2 
0; 3394;       0 
0; 3593;       0 
0; 3793;       0 
0; 3993;       0 
0; 4192;       1 
0; 4392;       0 
0; 4592;       0 
0; 4791;       0 
0; 4991;       0 
0; 5190;       1 
0; 5390;       3 
0; 5590;       1 
0; 5789;      27 
0; 5989;      60 
0; 6189;     124 
0; 6388;     167 
0; 6588;     206 
0; 6787;     207 
0; 6987;     243 
0; 7187;     212 
0; 7386;     216 
0; 7586;     224 
0; 7786;     201 
0; 7985;     210 
0; 8185;     214 
0; 8385;     217 
0; 8584;     194 
0; 8784;     211 
0; 8983;     205 
0; 9183;     158 
0; 9383;     191 
0; 9582;     174 
0; 9782;     197 
0; 9982;     170 
1; 0181;     170 
1; 0381;     180 
1; 0580;     164 
1; 0780;     190 
1; 0980;     160 
1; 1179;     160 
1; 1379;     162 
1; 1579;     175 
1; 1778;     152 
1; 1978;     150 
1; 2178;     146 
1; 2377;     152 
1; 2577;     170 
1; 2776;     136 
1; 2976;     161 
1; 3176;     147 
1; 3375;     145 
1; 3575;     149 
1; 3775;     149 
1; 3974;     136 
1; 4174;     147 
1; 4373;     159 
1; 4573;     139 
1; 4773;     149 
1; 4972;     151 
1; 5172;     145 
1; 5372;     125 
1; 5571;     170 
1; 5771;     142 
1; 5971;     154 
1; 6170;     138 
1; 6370;     163 
1; 6569;     141 
1; 6769;     165 
1; 6969;     160 
1; 7168;     171 
1; 7368;     183 
1; 7568;     177 
1; 7767;     198 
1; 7967;     163 
1; 8166;     133 
1; 8366;     161 
1; 8566;     155 
1; 8765;     179 
1; 8965;     159 
1; 9165;     157 
1; 9364;     154 
1; 9564;     164 
1; 9764;     153 
1; 9963;     178 
2; 0163;     155 
2; 0362;     146 
2; 0562;     148 
2; 0762;     165 
2; 0961;     157 
2; 1161;     178 
2; 1361;     163 
2; 1560;     168 
2; 1760;     153 
2; 1959;     191 
2; 2159;     210 
2; 2359;     233 
2; 2558;     235 
2; 2758;     227 
2; 2958;     236 
2; 3157;     255 
2; 3357;     243 
2; 3557;     249 
2; 3756;     227 
2; 3956;     226 
2; 4155;     222 
2; 4355;     223 
2; 4555;     235 
2; 4754;     229 
2; 4954;     254 
2; 5154;     281 
2; 5353;     308 
2; 5553;     405 
2; 5752;     483 
2; 5952;     534 
2; 6152;     664 
2; 6351;     781 
2; 6551;     835 
2; 6751;     877 
2; 6950;     899 
2; 7150;     960 
2; 7350;     857 
2; 7549;     833 
2; 7749;     815 
2; 7948;     769 
2; 8148;     762 
2; 8348;     784 
2; 8547;     791 
2; 8747;     798 
2; 8947;     763 
2; 9146;     705 
2; 9346;     765 
2; 9545;     712 
2; 9745;     667 
2; 9945;     548 
3; 0144;     493 
3; 0344;     449 
3; 0544;     377 
3; 0743;     356 
3; 0943;     299 
3; 1143;     293 
3; 1342;     273 
3; 1542;     258 
3; 1741;     279 
3; 1941;     281 
3; 2141;     304 
3; 2340;     335 
3; 2540;     375 
3; 2740;     355 
3; 2939;     377 
3; 3139;     365 
3; 3338;     388 
3; 3538;     355 
3; 3738;     358 
3; 3937;     359 
3; 4137;     319 
3; 4337;     335 
3; 4536;     281 
3; 4736;     280 
3; 4935;     327 
3; 5135;     308 
3; 5335;     340 
3; 5534;     370 
3; 5734;     434 
3; 5934;     518 
3; 6133;     633 
3; 6333;     665 
3; 6533;     765 
3; 6732;     810 
3; 6932;     852 
3; 7131;     796 
3; 7331;     762 
3; 7531;     627 
3; 7730;     539 
3; 7930;     421 
3; 8130;     349 
3; 8329;     303 
3; 8529;     307 
3; 8728;     327 
3; 8928;     292 
3; 9128;     290 
3; 9327;     310 
3; 9527;     349 
3; 9727;     338 
3; 9926;     345 
4; 0126;     376 
4; 0326;     329 
4; 0525;     326 
4; 0725;     309 
4; 0924;     320 
4; 1124;     301 
4; 1324;     247 
4; 1523;     265 
4; 1723;     239 
4; 1923;     246 
4; 2122;     255 
4; 2322;     269 
4; 2521;     246 
4; 2721;     272 
4; 2921;     248 
4; 3120;     285 
4; 3320;     239 
4; 3520;     276 
4; 3719;     272 
4; 3919;     293 
4; 4119;     302 
4; 4318;     325 
4; 4518;     368 
4; 4717;     321 
4; 4917;     362 
4; 5117;     398 
4; 5316;     368 
4; 5516;     357 
4; 5716;     362 
4; 5915;     334 
4; 6115;     296 
4; 6314;     344 
4; 6514;     332 
4; 6714;     315 
4; 6913;     313 
4; 7113;     283 
4; 7313;     311 
4; 7512;     301 
4; 7712;     313 
4; 7912;     310 
4; 8111;     310 
4; 8311;     303 
4; 8510;     317 
4; 8710;     294 
4; 8910;     308 
4; 9109;     343 
4; 9309;     315 
4; 9509;     358 
4; 9708;     353 
4; 9908;     332 
5; 0107;     310 
5; 0307;     328 
5; 0507;     346 
5; 0706;     320 
5; 0906;     300 
5; 1106;     297 
5; 1305;     317 
5; 1505;     335 
5; 1705;     345 
5; 1904;     353 
5; 2104;     350 
5; 2303;     379 
5; 2503;     384 
5; 2703;     367 
5; 2902;     370 
5; 3102;     357 
5; 3302;     375 
5; 3501;     400 
5; 3701;     419 
5; 3900;     431 
5; 4100;     413 
5; 4300;     402 
5; 4499;     435 
5; 4699;     441 
5; 4899;     472 
5; 5098;     452 
5; 5298;     417 
5; 5498;     416 
5; 5697;     441 
5; 5897;     439 
5; 6096;     491 
5; 6296;     433 
5; 6496;     452 
5; 6695;     427 
5; 6895;     457 
5; 7095;     402 
5; 7294;     418 
5; 7494;     463 
5; 7693;     459 
5; 7893;     436 
5; 8093;     465 
5; 8292;     447 
5; 8492;     442 
5; 8692;     456 
5; 8891;     461 
5; 9091;     480 
5; 9291;     496 
5; 9490;     475 
5; 9690;     490 
5; 9889;     494 
6; 0089;     473 
6; 0289;     490 
6; 0488;     477 
6; 0688;     468 
6; 0888;     501 
6; 1087;     560 
6; 1287;     567 
6; 1486;     558 
6; 1686;     698 
6; 1886;     808 
6; 2085;     937 
6; 2285;    1142 
6; 2485;    1424 
6; 2684;    1715 
6; 2884;    2253 
6; 3084;    2786 
6; 3283;    3345 
6; 3483;    3929 
6; 3682;    4357 
6; 3882;    4487 
6; 4082;    4470 
6; 4281;    4274 
6; 4481;    3813 
6; 4681;    3265 
6; 4880;    2711 
6; 5080;    2213 
6; 5279;    1636 
6; 5479;    1384 
6; 5679;    1035 
6; 5878;     844 
6; 6078;     784 
6; 6278;     699 
6; 6477;     653 
6; 6677;     673 
6; 6877;     626 
6; 7076;     666 
6; 7276;     634 
6; 7475;     688 
6; 7675;     666 
6; 7875;     672 
6; 8074;     711 
6; 8274;     748 
6; 8474;     703 
6; 8673;     798 
6; 8873;     808 
6; 9072;     881 
6; 9272;     911 
6; 9472;     931 
6; 9671;    1031 
6; 9871;    1059 
7; 0071;    1172 
7; 0270;    1267 
7; 0470;    1355 
7; 0670;    1320 
7; 0869;    1220 
7; 1069;    1261 
7; 1268;    1107 
7; 1468;    1081 
7; 1668;     969 
7; 1867;     938 
7; 2067;     915 
7; 2267;     846 
7; 2466;     901 
7; 2666;     839 
7; 2865;     872 
7; 3065;     936 
7; 3265;     916 
7; 3464;     942 
7; 3664;    1032 
7; 3864;    1099 
7; 4063;    1075 
7; 4263;    1119 
7; 4463;    1270 
7; 4662;    1276 
7; 4862;    1303 
7; 5061;    1294 
7; 5261;    1244 
7; 5461;    1254 
7; 5660;    1218 
7; 5860;    1197 
7; 6060;    1214 
7; 6259;    1246 
7; 6459;    1239 
7; 6658;    1384 
7; 6858;    1395 
7; 7058;    1556 
7; 7257;    1713 
7; 7457;    1851 
7; 7657;    2281 
7; 7856;    3064 
7; 8056;    4377 
7; 8256;    6755 
7; 8455;   11278 
7; 8655;   18172 
7; 8854;   28635 
7; 9054;   43659 
7; 9254;   62981 
7; 9453;   86997 
7; 9653;  113120 
7; 9853;  139818 
8; 0052;  162559 
8; 0252;  178882 
8; 0451;  184696 
8; 0651;  180578 
8; 0851;  166677 
8; 1050;  145045 
8; 1250;  119336 
8; 1450;   92462 
8; 1649;   68047 
8; 1849;   47077 
8; 2049;   30948 
8; 2248;   19559 
8; 2448;   12210 
8; 2647;    7237 
8; 2847;    4613 
8; 3047;    2887 
8; 3246;    2130 
8; 3446;    1711 
8; 3646;    1559 
8; 3845;    1523 
8; 4045;    1618 
8; 4244;    2004 
8; 4444;    2621 
8; 4644;    3670 
8; 4843;    5206 
8; 5043;    7377 
8; 5243;    9912 
8; 5442;   12763 
8; 5642;   16152 
8; 5842;   18951 
8; 6041;   21468 
8; 6241;   22847 
8; 6440;   23457 
8; 6640;   22713 
8; 6840;   21134 
8; 7039;   18621 
8; 7239;   16889 
8; 7439;   15336 
8; 7638;   14519 
8; 7838;   15005 
8; 8037;   16612 
8; 8237;   19156 
8; 8437;   22176 
8; 8636;   24822 
8; 8836;   27242 
8; 9036;   28255 
8; 9235;   27668 
8; 9435;   26197 
8; 9635;   23267 
8; 9834;   19613 
9; 0034;   15875 
9; 0233;   11841 
9; 0433;    8569 
9; 0633;    6012 
9; 0832;    3931 
9; 1032;    2529 
9; 1232;    1616 
9; 1431;    1029 
9; 1631;     696 
9; 1830;     443 
9; 2030;     414 
9; 2230;     360 
9; 2429;     318 
9; 2629;     304 
9; 2829;     297 
9; 3028;     289 
9; 3228;     296 
9; 3428;     263 
9; 3627;     295 
9; 3827;     303 
9; 4026;     406 
9; 4226;     416 
9; 4426;     504 
9; 4625;     611 
9; 4825;     759 
9; 5025;     889 
9; 5224;    1017 
9; 5424;    1045 
9; 5623;    1145 
9; 5823;    1131 
9; 6023;    1084 
9; 6222;    1031 
9; 6422;     879 
9; 6622;     813 
9; 6821;     676 
9; 7021;     549 
9; 7220;     405 
9; 7420;     397 
9; 7620;     305 
9; 7819;     248 
9; 8019;     193 
9; 8219;     224 
9; 8418;     231 
9; 8618;     183 
9; 8818;     195 
9; 9017;     179 
9; 9217;     179 
9; 9416;     144 
9; 9616;     191 
9; 9816;     167 
10; 0015;     171 
10; 0215;     158 
10; 0415;     178 
10; 0614;     158 
10; 0814;     162 
10; 1013;     170 
10; 1213;     168 
10; 1413;     178 
10; 1612;     163 
10; 1812;     149 
10; 2012;     164 
10; 2211;     144 
10; 2411;     142 
10; 2611;     165 
10; 2810;     168 
10; 3010;     168 
10; 3209;     163 
10; 3409;     178 
10; 3609;     179 
10; 3808;     187 
10; 4008;     183 
10; 4208;     220 
10; 4407;     196 
10; 4607;     254 
10; 4806;     206 
10; 5006;     262 
10; 5206;     264 
10; 5405;     255 
10; 5605;     251 
10; 5805;     273 
10; 6004;     244 
10; 6204;     241 
10; 6404;     227 
10; 6603;     196 
10; 6803;     194 
10; 7002;     191 
10; 7202;     181 
10; 7402;     173 
10; 7601;     154 
10; 7801;     179 
10; 8001;     179 
10; 8200;     160 
10; 8400;     173 
10; 8599;     186 
10; 8799;     146 
10; 8999;     152 
10; 9198;     166 
10; 9398;     142 
10; 9598;     172 
10; 9797;     160 
10; 9997;     167 
11; 0197;     157 
11; 0396;     157 
11; 0596;     143 
11; 0795;     145 
11; 0995;     126 
11; 1195;     138 
11; 1394;     147 
11; 1594;     133 
11; 1794;     145 
11; 1993;     148 
11; 2193;     143 
11; 2392;     120 
11; 2592;     128 
11; 2792;     151 
11; 2991;     143 
11; 3191;     154 
11; 3391;     136 
11; 3590;     140 
11; 3790;     118 
11; 3990;     123 
11; 4189;     138 
11; 4389;     123 
11; 4588;     150 
11; 4788;     122 
11; 4988;     126 
11; 5187;     149 
11; 5387;     145 
11; 5587;     142 
11; 5786;     123 
11; 5986;     149 
11; 6185;     129 
11; 6385;     154 
11; 6585;     150 
11; 6784;     135 
11; 6984;     130 
11; 7184;     167 
11; 7383;     159 
11; 7583;     177 
11; 7783;     146 
11; 7982;     161 
11; 8182;     142 
11; 8381;     155 
11; 8581;     144 
11; 8781;     156 
11; 8980;     148 
11; 9180;     145 
11; 9380;     140 
11; 9579;     128 
11; 9779;     123 
11; 9978;     140 
12; 0178;     136 
12; 0378;     137 
12; 0577;     128 
12; 0777;     125 
12; 0977;     108 
12; 1176;     140 
12; 1376;     126 
12; 1576;     125 
12; 1775;     127 
12; 1975;     122 
12; 2174;     117 
12; 2374;     127 
12; 2574;     116 
12; 2773;     128 
12; 2973;     122 
12; 3173;     117 
12; 3372;     134 
12; 3572;     131 
12; 3771;     143 
12; 3971;     118 
12; 4171;     116 
12; 4370;     104 
12; 4570;     144 
12; 4770;     116 
12; 4969;     142 
12; 5169;     147 
12; 5369;     144 
12; 5568;     150 
12; 5768;     169 
12; 5967;     168 
12; 6167;     186 
12; 6367;     187 
12; 6566;     169 
12; 6766;     154 
12; 6966;     172 
12; 7165;     160 
12; 7365;     147 
12; 7564;     121 
12; 7764;     123 
12; 7964;     116 
12; 8163;     115 
12; 8363;     118 
12; 8563;     121 
12; 8762;     126 
12; 8962;     125 
12; 9162;     115 
12; 9361;     108 
12; 9561;     118 
12; 9760;      99 
12; 9960;     112 
13; 0160;     103 
13; 0359;     101 
13; 0559;     106 
13; 0759;      94 
13; 0958;     104 
13; 1158;      99 
13; 1357;     120 
13; 1557;     123 
13; 1757;     119 
13; 1956;     106 
13; 2156;     112 
13; 2356;     112 
13; 2555;     113 
13; 2755;      92 
13; 2955;     116 
13; 3154;      91 
13; 3354;     101 
13; 3553;     111 
13; 3753;     102 
13; 3953;      94 
13; 4152;      98 
13; 4352;     105 
13; 4552;      98 
13; 4751;      97 
13; 4951;     101 
13; 5150;      92 
13; 5350;      95 
13; 5550;     114 
13; 5749;     113 
13; 5949;      91 
13; 6149;      96 
13; 6348;     104 
13; 6548;     123 
13; 6748;     101 
13; 6947;     102 
13; 7147;      95 
13; 7346;      73 
13; 7546;     123 
13; 7746;      98 
13; 7945;      93 
13; 8145;      96 
13; 8345;      99 
13; 8544;      89 
13; 8744;     100 
13; 8943;     122 
13; 9143;      91 
13; 9343;     114 
13; 9542;     107 
13; 9742;     117 
13; 9942;      97 
14; 0141;     106 
14; 0341;     101 
14; 0541;     114 
14; 0740;      96 
14; 0940;     108 
14; 1139;     115 
14; 1339;      83 
14; 1539;     100 
14; 1738;     101 
14; 1938;     100 
14; 2138;      90 
14; 2337;     117 
14; 2537;     118 
14; 2736;     105 
14; 2936;     126 
14; 3136;     152 
14; 3335;     144 
14; 3535;     183 
14; 3735;     198 
14; 3934;     178 
14; 4134;     215 
14; 4334;     205 
14; 4533;     223 
14; 4733;     197 
14; 4932;     225 
14; 5132;     241 
14; 5332;     206 
14; 5531;     203 
14; 5731;     176 
14; 5931;     135 
14; 6130;     136 
14; 6330;     125 
14; 6529;     127 
14; 6729;     121 
14; 6929;     138 
14; 7128;      97 
14; 7328;     109 
14; 7528;     104 
14; 7727;     106 
14; 7927;     120 
14; 8127;      98 
14; 8326;     102 
14; 8526;     109 
14; 8725;     114 
14; 8925;      94 
14; 9125;      97 
14; 9324;     101 
14; 9524;     114 
14; 9724;     123 
14; 9923;     110 
15; 0123;     113 
15; 0322;     106 
15; 0522;     125 
15; 0722;     123 
15; 0921;     117 
15; 1121;     133 
15; 1321;     129 
15; 1520;     131 
15; 1720;     146 
15; 1920;     109 
15; 2119;     152 
15; 2319;     120 
15; 2518;     110 
15; 2718;     128 
15; 2918;     117 
15; 3117;     135 
15; 3317;     121 
15; 3517;     123 
15; 3716;     120 
15; 3916;     139 
15; 4115;     117 
15; 4315;     111 
15; 4515;     140 
15; 4714;     123 
15; 4914;     123 
15; 5114;     114 
15; 5313;     111 
15; 5513;      88 
15; 5713;     104 
15; 5912;     108 
15; 6112;     132 
15; 6311;     107 
15; 6511;     119 
15; 6711;     109 
15; 6910;     109 
15; 7110;     116 
15; 7310;     115 
15; 7509;     108 
15; 7709;     120 
15; 7908;     136 
15; 8108;     166 
15; 8308;     180 
15; 8507;     202 
15; 8707;     248 
15; 8907;     354 
15; 9106;     481 
15; 9306;     610 
15; 9505;     799 
15; 9705;    1011 
15; 9905;    1277 
16; 0104;    1614 
16; 0304;    1904 
16; 0504;    2187 
16; 0703;    2472 
16; 0903;    2619 
16; 1103;    2730 
16; 1302;    2760 
16; 1502;    2590 
16; 1701;    2399 
16; 1901;    2181 
16; 2101;    1898 
16; 2300;    1592 
16; 2500;    1318 
16; 2700;     995 
16; 2899;     778 
16; 3099;     599 
16; 3298;     408 
16; 3498;     313 
16; 3698;     262 
16; 3897;     176 
16; 4097;     170 
16; 4297;     134 
16; 4496;     163 
16; 4696;     151 
16; 4896;     149 
16; 5095;     199 
16; 5295;     236 
16; 5494;     271 
16; 5694;     332 
16; 5894;     421 
16; 6093;     535 
16; 6293;     531 
16; 6493;     604 
16; 6692;     705 
16; 6892;     743 
16; 7091;     765 
16; 7291;     784 
16; 7491;     769 
16; 7690;     729 
16; 7890;     750 
16; 8090;     645 
16; 8289;     646 
16; 8489;     650 
16; 8689;     700 
16; 8888;     764 
16; 9088;     782 
16; 9287;     824 
16; 9487;     864 
16; 9687;     915 
16; 9886;     885 
17; 0086;     837 
17; 0286;     750 
17; 0485;     687 
17; 0685;     641 
17; 0884;     564 
17; 1084;     455 
17; 1284;     351 
17; 1483;     349 
17; 1683;     251 
17; 1883;     203 
17; 2082;     176 
17; 2282;     133 
17; 2482;     147 
17; 2681;     105 
17; 2881;     122 
17; 3080;     108 
17; 3280;     114 
17; 3480;      95 
17; 3679;     126 
17; 3879;     126 
17; 4079;     102 
17; 4278;     123 
17; 4478;     129 
17; 4677;     107 
17; 4877;     138 
17; 5077;     150 
17; 5276;     152 
17; 5476;     185 
17; 5676;     172 
17; 5875;     176 
17; 6075;     176 
17; 6275;     175 
17; 6474;     195 
17; 6674;     170 
17; 6873;     149 
17; 7073;     143 
17; 7273;     150 
17; 7472;     131 
17; 7672;     124 
17; 7872;     118 
17; 8071;     124 
17; 8271;     128 
17; 8470;     129 
17; 8670;     104 
17; 8870;     110 
17; 9069;      99 
17; 9269;      90 
17; 9469;      88 
17; 9668;      86 
17; 9868;      87 
18; 0068;      63 
18; 0267;      83 
18; 0467;      91 
18; 0666;      72 
18; 0866;      66 
18; 1066;      65 
18; 1265;      62 
18; 1465;      67 
18; 1665;      66 
18; 1864;      62 
18; 2064;      49 
18; 2263;      65 
18; 2463;      76 
18; 2663;      53 
18; 2862;      67 
18; 3062;      71 
18; 3262;      58 
18; 3461;      73 
18; 3661;      67 
18; 3861;      76 
18; 4060;      64 
18; 4260;      73 
18; 4459;      80 
18; 4659;      69 
18; 4859;      74 
18; 5058;      77 
18; 5258;      77 
18; 5458;      88 
18; 5657;      80 
18; 5857;      85 
18; 6056;      79 
18; 6256;      75 
18; 6456;      90 
18; 6655;     102 
18; 6855;      91 
18; 7055;      96 
18; 7254;      85 
18; 7454;      86 
18; 7654;      94 
18; 7853;     124 
18; 8053;     100 
18; 8252;     110 
18; 8452;     137 
18; 8652;     117 
18; 8851;     132 
18; 9051;     119 
18; 9251;     129 
18; 9450;     126 
18; 9650;     119 
18; 9849;     132 
19; 0049;     139 
19; 0249;     126 
19; 0448;     134 
19; 0648;     137 
19; 0848;     134 
19; 1047;     147 
19; 1247;     141 
19; 1447;     141 
19; 1646;     135 
19; 1846;     143 
19; 2045;     137 
19; 2245;     131 
19; 2445;     100 
19; 2644;     131 
19; 2844;     124 
19; 3044;     111 
19; 3243;     112 
19; 3443;      94 
19; 3642;      93 
19; 3842;     107 
19; 4042;     105 
19; 4241;      79 
19; 4441;      79 
19; 4641;      76 
19; 4840;      72 
19; 5040;      73 
19; 5240;      73 
19; 5439;      69 
19; 5639;      66 
19; 5838;      78 
19; 6038;      57 
19; 6238;      77 
19; 6437;      49 
19; 6637;      66 
19; 6837;      51 
19; 7036;      63 
19; 7236;      47 
19; 7435;      47 
19; 7635;      56 
19; 7835;      53 
19; 8034;      53 
19; 8234;      57 
19; 8434;      49 
19; 8633;      53 
19; 8833;      74 
19; 9033;      65 
19; 9232;      57 
19; 9432;      69 
19; 9631;      75 
19; 9831;      90 
20; 0031;      92 
20; 0230;     111 
20; 0430;     120 
20; 0630;     118 
20; 0829;     122 
20; 1029;     157 
20; 1228;     156 
20; 1428;     147 
20; 1628;     159 
20; 1827;     185 
20; 2027;     178 
20; 2227;     179 
20; 2426;     178 
20; 2626;     152 
20; 2826;     144 
20; 3025;     135 
20; 3225;     122 
20; 3424;     113 
20; 3624;      98 
20; 3824;      93 
20; 4023;      82 
20; 4223;      73 
20; 4423;      56 
20; 4622;      51 
20; 4822;      52 
20; 5021;      38 
20; 5221;      38 
20; 5421;      42 
20; 5620;      27 
20; 5820;      42 
20; 6020;      43 
20; 6219;      41 
20; 6419;      41 
20; 6619;      45 
20; 6818;      41 
20; 7018;      37 
20; 7217;      40 
20; 7417;      43 
20; 7617;      47 
20; 7816;      39 
20; 8016;      38 
20; 8216;      27 
20; 8415;      40 
20; 8615;      42 
20; 8814;      43 
20; 9014;      44 
20; 9214;      37 
20; 9413;      43 
20; 9613;      42 
20; 9813;      43 
21; 0012;      58 
21; 0212;      52 
21; 0412;      63 
21; 0611;      68 
21; 0811;      71 
21; 1010;      68 
21; 1210;      62 
21; 1410;      59 
21; 1609;      66 
21; 1809;      88 
21; 2009;      81 
21; 2208;      71 
21; 2408;      74 
21; 2607;      64 
21; 2807;      63 
21; 3007;      61 
21; 3206;      65 
21; 3406;      73 
21; 3606;      54 
21; 3805;      50 
21; 4005;      45 
21; 4205;      46 
21; 4404;      45 
21; 4604;      44 
21; 4803;      44 
21; 5003;      43 
21; 5203;      41 
21; 5402;      36 
21; 5602;      37 
21; 5802;      41 
21; 6001;      44 
21; 6201;      32 
21; 6400;      42 
21; 6600;      48 
21; 6800;      35 
21; 6999;      33 
21; 7199;      40 
21; 7399;      32 
21; 7598;      28 
21; 7798;      31 
21; 7998;      32 
21; 8197;      36 
21; 8397;      40 
21; 8596;      28 
21; 8796;      30 
21; 8996;      35 
21; 9195;      39 
21; 9395;      46 
21; 9595;      37 
21; 9794;      41 
21; 9994;      38 
22; 0193;      41 
22; 0393;      50 
22; 0593;      34 
22; 0792;      46 
22; 0992;      41 
22; 1192;      38 
22; 1391;      38 
22; 1591;      43 
22; 1790;      33 
22; 1990;      33 
22; 2190;      37 
22; 2389;      44 
22; 2589;      44 
22; 2789;      39 
22; 2988;      34 
22; 3188;      29 
22; 3388;      26 
22; 3587;      22 
22; 3787;      39 
22; 3986;      35 
22; 4186;      32 
22; 4386;      22 
22; 4585;      28 
22; 4785;      31 
22; 4985;      22 
22; 5184;      36 
22; 5384;      31 
22; 5583;      43 
22; 5783;      34 
22; 5983;      44 
22; 6182;      40 
22; 6382;      53 
22; 6582;      41 
22; 6781;      46 
22; 6981;      57 
22; 7181;      39 
22; 7380;      51 
22; 7580;      41 
22; 7779;      48 
22; 7979;      41 
22; 8179;      51 
22; 8378;      49 
22; 8578;      30 
22; 8778;      39 
22; 8977;      32 
22; 9177;      37 
22; 9376;      27 
22; 9576;      31 
22; 9776;      24 
22; 9975;      22 
23; 0175;      27 
23; 0375;      27 
23; 0574;      25 
23; 0774;      23 
23; 0974;      35 
23; 1173;      25 
23; 1373;      25 
23; 1572;      33 
23; 1772;      40 
23; 1972;      20 
23; 2171;      27 
23; 2371;      20 
23; 2571;      32 
23; 2770;      28 
23; 2970;      17 
23; 3169;      25 
23; 3369;      17 
23; 3569;      27 
23; 3768;      34 
23; 3968;      23 
23; 4168;      18 
23; 4367;      23 
23; 4567;      15 
23; 4767;      31 
23; 4966;      18 
23; 5166;      24 
23; 5365;      13 
23; 5565;      20 
23; 5765;      21 
23; 5964;      24 
23; 6164;      18 
23; 6364;      18 
23; 6563;      15 
23; 6763;      27 
23; 6962;      29 
23; 7162;      21 
23; 7362;      29 
23; 7561;      28 
23; 7761;      20 
23; 7961;      23 
23; 8160;      30 
23; 8360;      33 
23; 8560;      31 
23; 8759;      26 
23; 8959;      25 
23; 9158;      34 
23; 9358;      25 
23; 9558;      20 
23; 9757;      34 
23; 9957;      24 
24; 0157;      27 
24; 0356;      27 
24; 0556;      30 
24; 0755;      28 
24; 0955;      42 
24; 1155;      27 
24; 1354;      34 
24; 1554;      43 
24; 1754;      46 
24; 1953;      38 
24; 2153;      42 
24; 2353;      43 
24; 2552;      40 
24; 2752;      41 
24; 2951;      40 
24; 3151;      25 
24; 3351;      28 
24; 3550;      26 
24; 3750;      24 
24; 3950;      20 
24; 4149;      22 
24; 4349;      19 
24; 4548;      23 
24; 4748;      28 
24; 4948;      19 
24; 5147;      20 
24; 5347;      18 
24; 5547;      22 
24; 5746;      21 
24; 5946;      17 
24; 6146;      18 
24; 6345;      23 
24; 6545;      32 
24; 6744;      19 
24; 6944;      16 
24; 7144;      33 
24; 7343;      24 
24; 7543;      21 
24; 7743;      40 
24; 7942;      20 
24; 8142;      29 
24; 8341;      25 
24; 8541;      31 
24; 8741;      37 
24; 8940;      32 
24; 9140;      32 
24; 9340;      39 
24; 9539;      40 
24; 9739;      45 
24; 9939;      29 
25; 0138;      40 
25; 0338;      43 
25; 0537;      48 
25; 0737;      33 
25; 0937;      36 
25; 1136;      42 
25; 1336;      39 
25; 1536;      43 
25; 1735;      44 
25; 1935;      44 
25; 2134;      44 
25; 2334;      33 
25; 2534;      33 
25; 2733;      36 
25; 2933;      36 
25; 3133;      56 
25; 3332;      40 
25; 3532;      31 
25; 3732;      39 
25; 3931;      26 
25; 4131;      33 
25; 4330;      31 
25; 4530;      32 
25; 4730;      39 
25; 4929;      19 
25; 5129;      39 
25; 5329;      27 
25; 5528;      18 
25; 5728;      17 
25; 5927;      15 
25; 6127;      15 
25; 6327;      27 
25; 6526;      18 
25; 6726;      22 
25; 6926;      15 
25; 7125;      23 
25; 7325;      22 
25; 7525;      20 
25; 7724;      15 
25; 7924;      14 
25; 8123;      17 
25; 8323;      22 
25; 8523;      13 
25; 8722;      14 
25; 8922;      12 
25; 9122;      17 
25; 9321;      17 
25; 9521;      18 
25; 9720;      12 
25; 9920;       8 
26; 0120;      21 
26; 0319;      13 
26; 0519;      26 
26; 0719;      23 
26; 0918;      16 
26; 1118;      16 
26; 1318;      25 
26; 1517;      19 
26; 1717;      19 
26; 1916;      27 
26; 2116;      21 
26; 2316;      17 
26; 2515;      18 
26; 2715;      25 
26; 2915;      12 
26; 3114;      20 
26; 3314;      18 
26; 3513;      28 
26; 3713;      24 
26; 3913;      17 
26; 4112;      24 
26; 4312;      15 
26; 4512;      13 
26; 4711;      26 
26; 4911;      22 
26; 5111;      17 
26; 5310;      18 
26; 5510;      12 
26; 5709;      21 
26; 5909;       8 
26; 6109;      16 
26; 6308;      22 
26; 6508;       9 
26; 6708;      22 
26; 6907;      18 
26; 7107;      13 
26; 7306;      18 
26; 7506;      15 
26; 7706;      11 
26; 7905;      19 
26; 8105;      14 
26; 8305;      19 
26; 8504;      16 
26; 8704;      14 
26; 8904;      16 
26; 9103;      20 
26; 9303;      15 
26; 9502;       8 
26; 9702;       9 
26; 9902;      15 
27; 0101;      11 
27; 0301;      14 
27; 0501;      19 
27; 0700;      14 
27; 0900;      22 
27; 1099;      17 
27; 1299;      18 
27; 1499;      17 
27; 1698;      13 
27; 1898;      21 
27; 2098;      18 
27; 2297;      12 
27; 2497;      14 
27; 2697;      20 
27; 2896;      17 
27; 3096;      16 
27; 3295;      11 
27; 3495;      18 
27; 3695;      21 
27; 3894;      17 
27; 4094;      11 
27; 4294;      20 
27; 4493;       8 
27; 4693;      14 
27; 4892;       8 
27; 5092;      14 
27; 5292;      15 
27; 5491;      10 
27; 5691;      12 
27; 5891;      15 
27; 6090;      10 
27; 6290;      15 
27; 6490;      15 
27; 6689;       6 
27; 6889;       9 
27; 7088;      14 
27; 7288;      17 
27; 7488;      14 
27; 7687;      11 
27; 7887;      14 
27; 8087;       8 
27; 8286;      12 
27; 8486;      11 
27; 8685;      12 
27; 8885;      17 
27; 9085;      13 
27; 9284;      13 
27; 9484;      16 
27; 9684;      16 
27; 9883;      16 
28; 0083;      10 
28; 0283;      16 
28; 0482;      21 
28; 0682;      13 
28; 0881;      16 
28; 1081;      16 
28; 1281;      16 
28; 1480;      17 
28; 1680;      12 
28; 1880;      10 
28; 2079;       9 
28; 2279;      18 
28; 2478;      22 
28; 2678;      18 
28; 2878;      12 
28; 3077;      11 
28; 3277;      21 
28; 3477;      18 
28; 3676;      21 
28; 3876;      18 
28; 4075;      16 
28; 4275;      11 
28; 4475;      22 
28; 4674;      17 
28; 4874;      11 
28; 5074;       9 
28; 5273;      16 
28; 5473;      15 
28; 5673;      11 
28; 5872;      10 
28; 6072;      11 
28; 6271;      14 
28; 6471;      15 
28; 6671;      13 
28; 6870;       7 
28; 7070;      18 
28; 7270;       8 
28; 7469;      10 
28; 7669;      12 
28; 7868;       8 
28; 8068;      15 
28; 8268;       6 
28; 8467;      13 
28; 8667;      10 
28; 8867;      10 
28; 9066;       7 
28; 9266;      14 
28; 9466;      11 
28; 9665;       6 
28; 9865;       8 
29; 0064;      11 
29; 0264;      13 
29; 0464;      15 
29; 0663;       6 
29; 0863;      14 
29; 1063;      14 
29; 1262;      11 
29; 1462;      10 
29; 1661;      19 
29; 1861;      15 
29; 2061;      10 
29; 2260;      12 
29; 2460;      14 
29; 2660;      10 
29; 2859;       9 
29; 3059;      13 
29; 3259;       3 
29; 3458;       9 
29; 3658;      14 
29; 3857;      11 
29; 4057;      11 
29; 4257;       9 
29; 4456;       9 
29; 4656;      13 
29; 4856;       6 
29; 5055;       5 
29; 5255;      11 
29; 5454;      10 
29; 5654;      11 
29; 5854;       7 
29; 6053;       9 
29; 6253;       6 
29; 6453;      17 
29; 6652;       9 
29; 6852;       6 
29; 7052;       8 
29; 7251;       9 
29; 7451;      14 
29; 7650;      10 
29; 7850;      14 
29; 8050;       8 
29; 8249;       7 
29; 8449;       6 
29; 8649;      10 
29; 8848;      10 
29; 9048;      14 
29; 9247;      11 
29; 9447;       8 
29; 9647;       8 
29; 9846;       7 
30; 0046;       8 
30; 0246;       8 
30; 0445;       5 
30; 0645;       9 
30; 0845;      11 
30; 1044;       8 
30; 1244;       5 
30; 1443;       9 
30; 1643;      13 
30; 1843;      19 
30; 2042;       7 
30; 2242;       8 
30; 2442;       5 
30; 2641;       8 
30; 2841;       6 
30; 3040;       7 
30; 3240;       9 
30; 3440;       6 
30; 3639;      11 
30; 3839;       8 
30; 4039;       8 
30; 4238;       8 
30; 4438;       7 
30; 4638;       9 
30; 4837;      12 
30; 5037;       3 
30; 5236;       5 
30; 5436;       8 
30; 5636;       8 
30; 5835;       5 
30; 6035;       9 
30; 6235;       7 
30; 6434;       4 
30; 6634;      11 
30; 6833;      10 
30; 7033;       9 
30; 7233;       9 
30; 7432;       8 
30; 7632;       5 
30; 7832;      12 
30; 8031;       8 
30; 8231;       4 
30; 8431;       9 
30; 8630;       9 
30; 8830;       4 
30; 9029;       4 
30; 9229;       6 
30; 9429;      11 
30; 9628;       9 
30; 9828;       3 
31; 0028;       7 
31; 0227;       6 
31; 0427;       6 
31; 0626;       9 
31; 0826;       5 
31; 1026;       5 
31; 1225;       5 
31; 1425;       5 
31; 1625;       7 
31; 1824;       7 
31; 2024;       5 
31; 2224;       4 
31; 2423;       8 
31; 2623;       6 
31; 2822;       5 
31; 3022;       6 
31; 3222;      14 
31; 3421;       4 
31; 3621;       3 
31; 3821;       5 
31; 4020;      10 
31; 4220;       2 
31; 4419;       7 
31; 4619;       6 
31; 4819;       4 
31; 5018;       6 
31; 5218;       6 
31; 5418;       8 
31; 5617;       5 
31; 5817;       5 
31; 6017;       2 
31; 6216;       6 
31; 6416;       3 
31; 6615;       6 
31; 6815;       6 
31; 7015;       6 
31; 7214;       7 
31; 7414;       7 
31; 7614;       6 
31; 7813;       4 
31; 8013;       2 
31; 8212;       5 
31; 8412;       4 
31; 8612;       6 
31; 8811;       7 
31; 9011;      11 
31; 9211;       4 
31; 9410;       4 
31; 9610;      10 
31; 9810;       8 
32; 0009;       4 
32; 0209;       2 
32; 0408;       2 
32; 0608;       5 
32; 0808;       6 
32; 1007;       4 
32; 1207;       7 
32; 1407;       5 
32; 1606;       3 
32; 1806;       6 
32; 2005;       7 
32; 2205;       3 
32; 2405;       3 
32; 2604;       5 
32; 2804;       6 
32; 3004;       6 
32; 3203;       5 
32; 3403;       8 
32; 3603;       5 
32; 3802;       8 
32; 4002;       5 
32; 4201;       5 
32; 4401;       5 
32; 4601;       3 
32; 4800;       1 
32; 5000;       4 
32; 5200;       5 
32; 5399;       3 
32; 5599;       8 
32; 5798;       4 
32; 5998;       3 
32; 6198;       6 
32; 6397;       3 
32; 6597;       3 
32; 6797;       3 
32; 6996;       1 
32; 7196;       4 
32; 7396;       5 
32; 7595;       3 
32; 7795;       2 
32; 7994;       5 
32; 8194;       2 
32; 8394;       2 
32; 8593;       1 
32; 8793;       3 
32; 8993;       4 
32; 9192;       6 
32; 9392;       3 
32; 9591;       5 
32; 9791;       4 
32; 9991;       3 
33; 0190;       1 
33; 0390;       1 
33; 0590;       4 
33; 0789;       1 
33; 0989;       7 
33; 1189;       9 
33; 1388;       1 
33; 1588;       5 
33; 1787;       4 
33; 1987;       4 
33; 2187;       3 
33; 2386;       2 
33; 2586;       4 
33; 2786;       5 
33; 2985;       6 
33; 3185;       5 
33; 3384;       3 
33; 3584;       2 
33; 3784;       2 
33; 3983;       4 
33; 4183;       4 
33; 4383;       0 
33; 4582;       5 
33; 4782;       3 
33; 4982;       4 
33; 5181;       2 
33; 5381;       2 
33; 5580;       5 
33; 5780;       8 
33; 5980;       3 
33; 6179;       5 
33; 6379;       4 
33; 6579;       4 
33; 6778;       1 
33; 6978;       2 
33; 7177;       1 
33; 7377;       5 
33; 7577;       6 
33; 7776;       7 
33; 7976;       2 
33; 8176;       2 
33; 8375;       5 
33; 8575;       1 
33; 8775;       1 
33; 8974;       1 
33; 9174;       4 
33; 9373;       3 
33; 9573;       2 
33; 9773;       0 
33; 9972;       2 
34; 0172;       2 
34; 0372;       3 
34; 0571;       0 
34; 0771;       3 
34; 0970;       4 
34; 1170;       3 
34; 1370;       1 
34; 1569;       4 
34; 1769;       3 
34; 1969;       4 
34; 2168;       2 
34; 2368;       4 
34; 2568;       1 
34; 2767;       4 
34; 2967;       5 
34; 3166;       4 
34; 3366;       3 
34; 3566;       3 
34; 3765;       1 
34; 3965;       2 
34; 4165;       4 
34; 4364;       5 
34; 4564;       5 
34; 4763;       2 
34; 4963;       2 
34; 5163;       3 
34; 5362;       2 
34; 5562;       5 
34; 5762;       2 
34; 5961;       1 
34; 6161;       1 
34; 6360;       0 
34; 6560;       2 
34; 6760;       0 
34; 6959;       1 
34; 7159;       1 
34; 7359;       3 
34; 7558;       1 
34; 7758;       2 
34; 7958;       1 
34; 8157;       3 
34; 8357;       1 
34; 8556;       0 
34; 8756;       1 
34; 8956;       1 
34; 9155;       2 
34; 9355;       3 
34; 9555;       2 
34; 9754;       1 
34; 9954;       1 
35; 0153;       0 
35; 0353;       7 
35; 0553;       1 
35; 0752;       3 
35; 0952;       1 
35; 1152;       1 
35; 1351;       3 
35; 1551;       1 
35; 1751;       0 
35; 1950;       2 
35; 2150;       2 
35; 2349;       0 
35; 2549;       1 
35; 2749;       2 
35; 2948;       1 
35; 3148;       0 
35; 3348;       0 
35; 3547;       0 
35; 3747;       2 
35; 3946;       2 
35; 4146;       0 
35; 4346;       0 
35; 4545;       3 
35; 4745;       1 
35; 4945;       0 
35; 5144;       1 
35; 5344;       1 
35; 5544;       2 
35; 5743;       1 
35; 5943;       3 
35; 6142;       1 
35; 6342;       2 
35; 6542;       1 
35; 6741;       1 
35; 6941;       2 
35; 7141;       3 
35; 7340;       3 
35; 7540;       2 
35; 7739;       1 
35; 7939;       0 
35; 8139;       1 
35; 8338;       1 
35; 8538;       1 
35; 8738;       0 
35; 8937;       1 
35; 9137;       1 
35; 9337;       3 
35; 9536;       1 
35; 9736;       1 
35; 9935;       2 
36; 0135;       2 
36; 0335;       1 
36; 0534;       1 
36; 0734;       1 
36; 0934;       1 
36; 1133;       0 
36; 1333;       1 
36; 1532;       2 
36; 1732;       2 
36; 1932;       1 
36; 2131;       0 
36; 2331;       0 
36; 2531;       1 
36; 2730;       2 
36; 2930;       1 
36; 3130;       1 
36; 3329;       0 
36; 3529;       1 
36; 3728;       1 
36; 3928;       0 
36; 4128;       1 
36; 4327;       1 
36; 4527;       2 
36; 4727;       2 
36; 4926;       5 
36; 5126;       1 
36; 5325;       0 
36; 5525;       0 
36; 5725;       1 
36; 5924;       0 
36; 6124;       0 
36; 6324;       0 
36; 6523;       2 
36; 6723;       2 
36; 6923;       3 
36; 7122;       1 
36; 7322;       1 
36; 7521;       1 
36; 7721;       0 
36; 7921;       2 
36; 8120;       1 
36; 8320;       0 
36; 8520;       2 
36; 8719;       2 
36; 8919;       5 
36; 9118;       1 
36; 9318;       1 
36; 9518;       2 
36; 9717;       0 
36; 9917;       0 
37; 0117;       0 
37; 0316;       0 
37; 0516;       1 
37; 0716;       0 
37; 0915;       0 
37; 1115;       3 
37; 1314;       1 
37; 1514;       2 
37; 1714;       1 
37; 1913;       1 
37; 2113;       0 
37; 2313;       0 
37; 2512;       2 
37; 2712;       0 
37; 2911;       0 
37; 3111;       3 
37; 3311;       0 
37; 3510;       0 
37; 3710;       0 
37; 3910;       0 
37; 4109;       0 
37; 4309;       0 
37; 4509;       0 
37; 4708;       1 
37; 4908;       0 
37; 5107;       0 
37; 5307;       1 
37; 5507;       0 
37; 5706;       1 
37; 5906;       0 
37; 6106;       1 
37; 6305;       1 
37; 6505;       1 
37; 6704;       1 
37; 6904;       2 
37; 7104;       0 
37; 7303;       0 
37; 7503;       1 
37; 7703;       0 
37; 7902;       0 
37; 8102;       0 
37; 8302;       0 
37; 8501;       2 
37; 8701;       0 
37; 8900;       0 
37; 9100;       0 
37; 9300;       1 
37; 9499;       0 
37; 9699;       0 
37; 9899;       0 
38; 0098;       1 
38; 0298;       0 
38; 0497;       0 
38; 0697;       0 
38; 0897;       0 
38; 1096;       1 
38; 1296;       1 
38; 1496;       0 
38; 1695;       0 
38; 1895;       0 
38; 2095;       1 
38; 2294;       0 
38; 2494;       0 
38; 2693;       1 
38; 2893;       0 
38; 3093;       0 
38; 3292;       0 
38; 3492;       0 
38; 3692;       0 
38; 3891;       1 
38; 4091;       0 
38; 4290;       1 
38; 4490;       1 
38; 4690;       0 
38; 4889;       0 
38; 5089;       1 
38; 5289;       0 
38; 5488;       0 
38; 5688;       0 
38; 5888;       0 
38; 6087;       0 
38; 6287;       2 
38; 6486;       0 
38; 6686;       1 
38; 6886;       0 
38; 7085;       1 
38; 7285;       0 
38; 7485;       1 
38; 7684;       0 
38; 7884;       0 
38; 8083;       0 
38; 8283;       0 
38; 8483;       1 
38; 8682;       0 
38; 8882;       0 
38; 9082;       1 
38; 9281;       0 
38; 9481;       0 
38; 9681;       0 
38; 9880;       1 
39; 0080;       1 
39; 0279;       0 
39; 0479;       0 
39; 0679;       0 
39; 0878;       0 
39; 1078;       0 
39; 1278;       0 
39; 1477;       0 
39; 1677;       0 
39; 1876;       1 
39; 2076;       0 
39; 2276;       0 
39; 2475;       1 
39; 2675;       1 
39; 2875;       0 
39; 3074;       0 
39; 3274;       0 
39; 3474;       0 
39; 3673;       1 
39; 3873;       1 
39; 4072;       0 
39; 4272;       0 
39; 4472;       0 
39; 4671;       0 
39; 4871;       1 
39; 5071;       0 
39; 5270;       0 
39; 5470;       0 
39; 5669;       0 
39; 5869;       0 
39; 6069;       0 
39; 6268;       0 
39; 6468;       0 
39; 6668;       2 
39; 6867;       0 
39; 7067;       2 
39; 7267;       1 
39; 7466;       0 
39; 7666;       0 
39; 7865;       0 
39; 8065;       0 
39; 8265;       0 
39; 8464;       0 
39; 8664;       0 
39; 8864;       0 
39; 9063;       0 
39; 9263;       0 
39; 9462;       0 
39; 9662;       0 
39; 9862;       0 
40; 0061;       0 
40; 0261;       1 
40; 0461;       0 
40; 0660;       0 
40; 0860;       1 
40; 1060;       0 
40; 1259;       0 
40; 1459;       0 
40; 1658;       0 
40; 1858;       0 
40; 2058;       1 
40; 2257;       0 
40; 2457;       0 
40; 2657;       0 
40; 2856;       0 
40; 3056;       0 
40; 3255;       1 
40; 3455;       0 
40; 3655;       0 
40; 3854;       0 
40; 4054;       0 
40; 4254;       0 
40; 4453;       0 
40; 4653;       0 
40; 4853;       0 
40; 5052;       0 
40; 5252;       0 
40; 5451;       0 
40; 5651;       1 
40; 5851;       0 
40; 6050;       1 
40; 6250;       0 
40; 6450;       0 
40; 6649;       0 
40; 6849;       1 
40; 7048;       1 
40; 7248;       1 
40; 7448;       0 
40; 7647;       0 
40; 7847;       0 
40; 8047;       0 
40; 8246;       1 
40; 8446;       0 
40; 8646;       0 
