0; 0000;     300 
0; 0200;     230 
0; 0400;     209 
0; 0600;     114 
0; 0800;      58 
0; 0999;      45 
0; 1199;      18 
0; 1399;       6 
0; 1599;       1 
0; 1799;       0 
0; 1999;       0 
0; 2199;       1 
0; 2399;       0 
0; 2599;       0 
0; 2798;       0 
0; 2998;       1 
0; 3198;       1 
0; 3398;       0 
0; 3598;       0 
0; 3798;       1 
0; 3998;       0 
0; 4198;       1 
0; 4398;       0 
0; 4597;       0 
0; 4797;       0 
0; 4997;       0 
0; 5197;       0 
0; 5397;       1 
0; 5597;       2 
0; 5797;      31 
0; 5997;      84 
0; 6197;     128 
0; 6396;     186 
0; 6596;     229 
0; 6796;     250 
0; 6996;     235 
0; 7196;     244 
0; 7396;     237 
0; 7596;     195 
0; 7796;     224 
0; 7996;     240 
0; 8195;     251 
0; 8395;     207 
0; 8595;     237 
0; 8795;     213 
0; 8995;     185 
0; 9195;     243 
0; 9395;     212 
0; 9595;     215 
0; 9795;     203 
0; 9994;     186 
1; 0194;     197 
1; 0394;     218 
1; 0594;     192 
1; 0794;     197 
1; 0994;     203 
1; 1194;     183 
1; 1394;     191 
1; 1594;     175 
1; 1793;     208 
1; 1993;     188 
1; 2193;     183 
1; 2393;     192 
1; 2593;     189 
1; 2793;     180 
1; 2993;     157 
1; 3193;     172 
1; 3393;     187 
1; 3592;     158 
1; 3792;     184 
1; 3992;     167 
1; 4192;     177 
1; 4392;     196 
1; 4592;     173 
1; 4792;     179 
1; 4992;     179 
1; 5192;     177 
1; 5392;     178 
1; 5591;     164 
1; 5791;     156 
1; 5991;     169 
1; 6191;     167 
1; 6391;     164 
1; 6591;     151 
1; 6791;     180 
1; 6991;     169 
1; 7191;     176 
1; 7390;     155 
1; 7590;     159 
1; 7790;     178 
1; 7990;     176 
1; 8190;     177 
1; 8390;     166 
1; 8590;     165 
1; 8790;     186 
1; 8990;     165 
1; 9189;     164 
1; 9389;     170 
1; 9589;     183 
1; 9789;     197 
1; 9989;     178 
2; 0189;     179 
2; 0389;     194 
2; 0589;     185 
2; 0789;     201 
2; 0988;     191 
2; 1188;     207 
2; 1388;     190 
2; 1588;     190 
2; 1788;     201 
2; 1988;     217 
2; 2188;     248 
2; 2388;     245 
2; 2588;     249 
2; 2787;     301 
2; 2987;     304 
2; 3187;     311 
2; 3387;     330 
2; 3587;     301 
2; 3787;     291 
2; 3987;     277 
2; 4187;     291 
2; 4387;     302 
2; 4586;     331 
2; 4786;     377 
2; 4986;     498 
2; 5186;     630 
2; 5386;     835 
2; 5586;    1069 
2; 5786;    1333 
2; 5986;    1534 
2; 6186;    1800 
2; 6385;    1766 
2; 6585;    1760 
2; 6785;    1647 
2; 6985;    1503 
2; 7185;    1301 
2; 7385;    1203 
2; 7585;    1046 
2; 7785;     990 
2; 7985;     938 
2; 8184;     960 
2; 8384;     904 
2; 8584;     906 
2; 8784;     892 
2; 8984;     879 
2; 9184;     831 
2; 9384;     841 
2; 9584;     783 
2; 9784;     721 
2; 9983;     670 
3; 0183;     572 
3; 0383;     522 
3; 0583;     406 
3; 0783;     373 
3; 0983;     316 
3; 1183;     319 
3; 1383;     289 
3; 1583;     270 
3; 1782;     276 
3; 1982;     310 
3; 2182;     284 
3; 2382;     303 
3; 2582;     333 
3; 2782;     332 
3; 2982;     301 
3; 3182;     342 
3; 3382;     341 
3; 3581;     369 
3; 3781;     375 
3; 3981;     386 
3; 4181;     392 
3; 4381;     373 
3; 4581;     412 
3; 4781;     346 
3; 4981;     381 
3; 5181;     339 
3; 5380;     331 
3; 5580;     411 
3; 5780;     484 
3; 5980;     569 
3; 6180;     682 
3; 6380;     737 
3; 6580;     805 
3; 6780;     929 
3; 6980;     957 
3; 7179;     920 
3; 7379;     752 
3; 7579;     602 
3; 7779;     549 
3; 7979;     473 
3; 8179;     391 
3; 8379;     347 
3; 8579;     356 
3; 8779;     331 
3; 8978;     315 
3; 9178;     320 
3; 9378;     317 
3; 9578;     361 
3; 9778;     380 
3; 9978;     353 
4; 0178;     338 
4; 0378;     373 
4; 0578;     345 
4; 0777;     301 
4; 0977;     296 
4; 1177;     282 
4; 1377;     286 
4; 1577;     307 
4; 1777;     256 
4; 1977;     299 
4; 2177;     249 
4; 2377;     295 
4; 2577;     275 
4; 2776;     260 
4; 2976;     290 
4; 3176;     274 
4; 3376;     280 
4; 3576;     315 
4; 3776;     320 
4; 3976;     346 
4; 4176;     320 
4; 4376;     351 
4; 4575;     358 
4; 4775;     356 
4; 4975;     371 
4; 5175;     385 
4; 5375;     354 
4; 5575;     340 
4; 5775;     388 
4; 5975;     323 
4; 6175;     341 
4; 6374;     271 
4; 6574;     305 
4; 6774;     330 
4; 6974;     249 
4; 7174;     328 
4; 7374;     295 
4; 7574;     298 
4; 7774;     329 
4; 7974;     311 
4; 8173;     346 
4; 8373;     341 
4; 8573;     348 
4; 8773;     336 
4; 8973;     368 
4; 9173;     332 
4; 9373;     332 
4; 9573;     382 
4; 9773;     374 
4; 9972;     336 
5; 0172;     359 
5; 0372;     323 
5; 0572;     343 
5; 0772;     355 
5; 0972;     350 
5; 1172;     343 
5; 1372;     348 
5; 1572;     352 
5; 1771;     374 
5; 1971;     347 
5; 2171;     339 
5; 2371;     396 
5; 2571;     395 
5; 2771;     327 
5; 2971;     383 
5; 3171;     374 
5; 3371;     403 
5; 3570;     435 
5; 3770;     383 
5; 3970;     415 
5; 4170;     404 
5; 4370;     443 
5; 4570;     399 
5; 4770;     447 
5; 4970;     401 
5; 5170;     406 
5; 5369;     461 
5; 5569;     423 
5; 5769;     397 
5; 5969;     404 
5; 6169;     437 
5; 6369;     409 
5; 6569;     431 
5; 6769;     419 
5; 6969;     433 
5; 7168;     434 
5; 7368;     443 
5; 7568;     412 
5; 7768;     469 
5; 7968;     414 
5; 8168;     442 
5; 8368;     444 
5; 8568;     495 
5; 8768;     499 
5; 8967;     473 
5; 9167;     476 
5; 9367;     453 
5; 9567;     487 
5; 9767;     477 
5; 9967;     465 
6; 0167;     463 
6; 0367;     462 
6; 0567;     495 
6; 0766;     505 
6; 0966;     503 
6; 1166;     508 
6; 1366;     573 
6; 1566;     583 
6; 1766;     621 
6; 1966;     703 
6; 2166;     834 
6; 2366;     959 
6; 2565;    1075 
6; 2765;    1243 
6; 2965;    1322 
6; 3165;    1506 
6; 3365;    1615 
6; 3565;    1740 
6; 3765;    1864 
6; 3965;    1953 
6; 4165;    1767 
6; 4364;    1623 
6; 4564;    1456 
6; 4764;    1275 
6; 4964;    1106 
6; 5164;     871 
6; 5364;     809 
6; 5564;     705 
6; 5764;     647 
6; 5964;     665 
6; 6163;     615 
6; 6363;     593 
6; 6563;     596 
6; 6763;     578 
6; 6963;     616 
6; 7163;     667 
6; 7363;     610 
6; 7563;     609 
6; 7763;     609 
6; 7962;     666 
6; 8162;     653 
6; 8362;     678 
6; 8562;     693 
6; 8762;     666 
6; 8962;     729 
6; 9162;     764 
6; 9362;     778 
6; 9562;     797 
6; 9762;     823 
6; 9961;     805 
7; 0161;     868 
7; 0361;     868 
7; 0561;     870 
7; 0761;     874 
7; 0961;     883 
7; 1161;     866 
7; 1361;     866 
7; 1561;     848 
7; 1760;     913 
7; 1960;     870 
7; 2160;     897 
7; 2360;     920 
7; 2560;     857 
7; 2760;     932 
7; 2960;     986 
7; 3160;     976 
7; 3360;    1073 
7; 3559;    1017 
7; 3759;    1298 
7; 3959;    1286 
7; 4159;    1382 
7; 4359;    1472 
7; 4559;    1451 
7; 4759;    1543 
7; 4959;    1480 
7; 5159;    1500 
7; 5358;    1395 
7; 5558;    1362 
7; 5758;    1248 
7; 5958;    1330 
7; 6158;    1270 
7; 6358;    1272 
7; 6558;    1291 
7; 6758;    1315 
7; 6958;    1499 
7; 7157;    1549 
7; 7357;    1780 
7; 7557;    2006 
7; 7757;    2490 
7; 7957;    3536 
7; 8157;    5356 
7; 8357;    8495 
7; 8557;   13831 
7; 8757;   22422 
7; 8956;   35164 
7; 9156;   53104 
7; 9356;   74853 
7; 9556;  100466 
7; 9756;  127420 
7; 9956;  153632 
8; 0156;  172214 
8; 0356;  182804 
8; 0556;  184014 
8; 0755;  173478 
8; 0955;  153330 
8; 1155;  128518 
8; 1355;  101639 
8; 1555;   75461 
8; 1755;   53168 
8; 1955;   35114 
8; 2155;   22224 
8; 2355;   13583 
8; 2554;    8039 
8; 2754;    4862 
8; 2954;    2983 
8; 3154;    2134 
8; 3354;    1512 
8; 3554;    1274 
8; 3754;    1117 
8; 3954;    1036 
8; 4154;    1027 
8; 4353;    1016 
8; 4553;    1066 
8; 4753;    1144 
8; 4953;    1255 
8; 5153;    1461 
8; 5353;    1630 
8; 5553;    1914 
8; 5753;    2220 
8; 5953;    2477 
8; 6152;    2579 
8; 6352;    2874 
8; 6552;    3004 
8; 6752;    3231 
8; 6952;    3573 
8; 7152;    4229 
8; 7352;    5181 
8; 7552;    7046 
8; 7752;    9186 
8; 7951;   12296 
8; 8151;   15655 
8; 8351;   19562 
8; 8551;   23153 
8; 8751;   26088 
8; 8951;   27675 
8; 9151;   28475 
8; 9351;   27180 
8; 9551;   24396 
8; 9750;   20970 
8; 9950;   17133 
9; 0150;   13215 
9; 0350;    9623 
9; 0550;    6729 
9; 0750;    4443 
9; 0950;    2806 
9; 1150;    1796 
9; 1350;    1165 
9; 1549;     747 
9; 1749;     548 
9; 1949;     424 
9; 2149;     369 
9; 2349;     321 
9; 2549;     322 
9; 2749;     287 
9; 2949;     265 
9; 3149;     262 
9; 3348;     287 
9; 3548;     259 
9; 3748;     280 
9; 3948;     266 
9; 4148;     254 
9; 4348;     305 
9; 4548;     307 
9; 4748;     278 
9; 4948;     323 
9; 5147;     332 
9; 5347;     366 
9; 5547;     356 
9; 5747;     349 
9; 5947;     321 
9; 6147;     317 
9; 6347;     310 
9; 6547;     284 
9; 6747;     260 
9; 6947;     268 
9; 7146;     255 
9; 7346;     234 
9; 7546;     227 
9; 7746;     252 
9; 7946;     270 
9; 8146;     225 
9; 8346;     248 
9; 8546;     244 
9; 8746;     218 
9; 8945;     285 
9; 9145;     259 
9; 9345;     268 
9; 9545;     273 
9; 9745;     287 
9; 9945;     283 
10; 0145;     311 
10; 0345;     252 
10; 0545;     237 
10; 0744;     282 
10; 0944;     239 
10; 1144;     207 
10; 1344;     229 
10; 1544;     215 
10; 1744;     225 
10; 1944;     224 
10; 2144;     229 
10; 2344;     201 
10; 2543;     199 
10; 2743;     207 
10; 2943;     249 
10; 3143;     258 
10; 3343;     309 
10; 3543;     369 
10; 3743;     464 
10; 3943;     514 
10; 4143;     684 
10; 4342;     796 
10; 4542;    1025 
10; 4742;    1233 
10; 4942;    1351 
10; 5142;    1561 
10; 5342;    1612 
10; 5542;    1644 
10; 5742;    1559 
10; 5942;    1505 
10; 6141;    1365 
10; 6341;    1174 
10; 6541;     984 
10; 6741;     825 
10; 6941;     680 
10; 7141;     533 
10; 7341;     378 
10; 7541;     374 
10; 7741;     290 
10; 7940;     270 
10; 8140;     228 
10; 8340;     249 
10; 8540;     228 
10; 8740;     222 
10; 8940;     193 
10; 9140;     231 
10; 9340;     205 
10; 9540;     204 
10; 9739;     195 
10; 9939;     199 
11; 0139;     196 
11; 0339;     197 
11; 0539;     199 
11; 0739;     191 
11; 0939;     180 
11; 1139;     217 
11; 1339;     193 
11; 1538;     202 
11; 1738;     177 
11; 1938;     160 
11; 2138;     163 
11; 2338;     162 
11; 2538;     197 
11; 2738;     171 
11; 2938;     150 
11; 3138;     204 
11; 3337;     190 
11; 3537;     173 
11; 3737;     184 
11; 3937;     187 
11; 4137;     171 
11; 4337;     185 
11; 4537;     207 
11; 4737;     186 
11; 4937;     155 
11; 5136;     165 
11; 5336;     217 
11; 5536;     208 
11; 5736;     220 
11; 5936;     215 
11; 6136;     235 
11; 6336;     266 
11; 6536;     248 
11; 6736;     270 
11; 6935;     303 
11; 7135;     274 
11; 7335;     330 
11; 7535;     309 
11; 7735;     332 
11; 7935;     334 
11; 8135;     293 
11; 8335;     293 
11; 8535;     268 
11; 8734;     248 
11; 8934;     264 
11; 9134;     228 
11; 9334;     258 
11; 9534;     241 
11; 9734;     201 
11; 9934;     203 
12; 0134;     202 
12; 0334;     158 
12; 0533;     157 
12; 0733;     169 
12; 0933;     178 
12; 1133;     178 
12; 1333;     174 
12; 1533;     198 
12; 1733;     194 
12; 1933;     198 
12; 2133;     209 
12; 2332;     193 
12; 2532;     219 
12; 2732;     202 
12; 2932;     233 
12; 3132;     209 
12; 3332;     202 
12; 3532;     215 
12; 3732;     231 
12; 3932;     203 
12; 4132;     231 
12; 4331;     271 
12; 4531;     318 
12; 4731;     364 
12; 4931;     424 
12; 5131;     538 
12; 5331;     648 
12; 5531;     713 
12; 5731;     860 
12; 5931;     807 
12; 6130;     949 
12; 6330;     945 
12; 6530;     914 
12; 6730;     872 
12; 6930;     834 
12; 7130;     678 
12; 7330;     538 
12; 7530;     491 
12; 7730;     424 
12; 7929;     401 
12; 8129;     319 
12; 8329;     282 
12; 8529;     251 
12; 8729;     233 
12; 8929;     181 
12; 9129;     214 
12; 9329;     199 
12; 9529;     176 
12; 9728;     199 
12; 9928;     194 
13; 0128;     176 
13; 0328;     195 
13; 0528;     175 
13; 0728;     174 
13; 0928;     170 
13; 1128;     146 
13; 1328;     149 
13; 1527;     159 
13; 1727;     153 
13; 1927;     137 
13; 2127;     165 
13; 2327;     141 
13; 2527;     147 
13; 2727;     145 
13; 2927;     147 
13; 3127;     147 
13; 3326;     120 
13; 3526;     132 
13; 3726;     143 
13; 3926;     120 
13; 4126;     136 
13; 4326;     124 
13; 4526;     153 
13; 4726;     141 
13; 4926;     139 
13; 5125;     151 
13; 5325;     100 
13; 5525;     126 
13; 5725;     120 
13; 5925;     128 
13; 6125;     136 
13; 6325;     131 
13; 6525;     111 
13; 6725;     129 
13; 6924;     140 
13; 7124;     116 
13; 7324;     114 
13; 7524;     144 
13; 7724;     150 
13; 7924;     129 
13; 8124;     129 
13; 8324;     129 
13; 8524;     138 
13; 8723;     155 
13; 8923;     144 
13; 9123;     135 
13; 9323;     128 
13; 9523;     112 
13; 9723;     128 
13; 9923;     147 
14; 0123;     129 
14; 0323;     159 
14; 0522;     120 
14; 0722;     128 
14; 0922;     126 
14; 1122;     135 
14; 1322;     112 
14; 1522;     125 
14; 1722;     149 
14; 1922;     141 
14; 2122;     142 
14; 2321;     129 
14; 2521;     129 
14; 2721;     154 
14; 2921;     140 
14; 3121;     145 
14; 3321;     150 
14; 3521;     155 
14; 3721;     145 
14; 3921;     139 
14; 4120;     162 
14; 4320;     162 
14; 4520;     157 
14; 4720;     153 
14; 4920;     142 
14; 5120;     144 
14; 5320;     133 
14; 5520;     147 
14; 5720;     152 
14; 5919;     153 
14; 6119;     157 
14; 6319;     168 
14; 6519;     183 
14; 6719;     178 
14; 6919;     205 
14; 7119;     205 
14; 7319;     227 
14; 7519;     252 
14; 7718;     246 
14; 7918;     252 
14; 8118;     259 
14; 8318;     215 
14; 8518;     210 
14; 8718;     191 
14; 8918;     180 
14; 9118;     176 
14; 9318;     158 
14; 9517;     163 
14; 9717;     157 
14; 9917;     139 
15; 0117;     149 
15; 0317;     142 
15; 0517;     140 
15; 0717;     140 
15; 0917;     147 
15; 1117;     147 
15; 1317;     147 
15; 1516;     157 
15; 1716;     162 
15; 1916;     169 
15; 2116;     168 
15; 2316;     164 
15; 2516;     166 
15; 2716;     152 
15; 2916;     143 
15; 3116;     150 
15; 3315;     133 
15; 3515;     146 
15; 3715;     122 
15; 3915;     146 
15; 4115;     133 
15; 4315;     120 
15; 4515;     127 
15; 4715;     122 
15; 4915;     130 
15; 5114;     147 
15; 5314;     116 
15; 5514;     125 
15; 5714;     135 
15; 5914;     123 
15; 6114;     138 
15; 6314;     121 
15; 6514;     128 
15; 6714;     112 
15; 6913;     104 
15; 7113;     131 
15; 7313;     127 
15; 7513;     159 
15; 7713;     135 
15; 7913;     161 
15; 8113;     141 
15; 8313;     159 
15; 8513;     208 
15; 8712;     226 
15; 8912;     343 
15; 9112;     415 
15; 9312;     521 
15; 9512;     707 
15; 9712;     950 
15; 9912;    1084 
16; 0112;    1378 
16; 0312;    1628 
16; 0511;    1868 
16; 0711;    1997 
16; 0911;    2154 
16; 1111;    2243 
16; 1311;    2258 
16; 1511;    2084 
16; 1711;    1975 
16; 1911;    1652 
16; 2111;    1459 
16; 2310;    1302 
16; 2510;    1029 
16; 2710;     776 
16; 2910;     610 
16; 3110;     472 
16; 3310;     316 
16; 3510;     258 
16; 3710;     178 
16; 3910;     149 
16; 4109;     137 
16; 4309;     136 
16; 4509;     119 
16; 4709;     117 
16; 4909;     113 
16; 5109;     109 
16; 5309;     105 
16; 5509;     105 
16; 5709;     133 
16; 5908;     131 
16; 6108;     136 
16; 6308;     125 
16; 6508;     153 
16; 6708;     129 
16; 6908;     192 
16; 7108;     168 
16; 7308;     183 
16; 7508;     209 
16; 7707;     216 
16; 7907;     277 
16; 8107;     305 
16; 8307;     373 
16; 8507;     390 
16; 8707;     478 
16; 8907;     519 
16; 9107;     639 
16; 9307;     703 
16; 9506;     742 
16; 9706;     775 
16; 9906;     737 
17; 0106;     724 
17; 0306;     658 
17; 0506;     607 
17; 0706;     514 
17; 0906;     427 
17; 1106;     356 
17; 1305;     271 
17; 1505;     262 
17; 1705;     219 
17; 1905;     170 
17; 2105;     143 
17; 2305;     120 
17; 2505;     105 
17; 2705;      90 
17; 2905;      79 
17; 3104;      93 
17; 3304;      82 
17; 3504;      79 
17; 3704;      81 
17; 3904;      74 
17; 4104;      82 
17; 4304;      82 
17; 4504;      75 
17; 4704;      84 
17; 4903;      77 
17; 5103;      97 
17; 5303;      82 
17; 5503;      79 
17; 5703;      78 
17; 5903;     106 
17; 6103;      78 
17; 6303;     105 
17; 6503;     103 
17; 6702;     107 
17; 6902;     114 
17; 7102;     104 
17; 7302;     111 
17; 7502;     127 
17; 7702;     143 
17; 7902;     116 
17; 8102;      97 
17; 8302;     125 
17; 8502;     125 
17; 8701;     125 
17; 8901;     105 
17; 9101;     132 
17; 9301;     113 
17; 9501;      98 
17; 9701;     124 
17; 9901;      97 
18; 0101;      84 
18; 0301;      91 
18; 0500;      76 
18; 0700;      87 
18; 0900;      92 
18; 1100;      88 
18; 1300;      80 
18; 1500;      76 
18; 1700;      88 
18; 1900;      81 
18; 2100;      64 
18; 2299;      85 
18; 2499;      81 
18; 2699;      82 
18; 2899;      83 
18; 3099;      86 
18; 3299;      78 
18; 3499;      79 
18; 3699;      89 
18; 3899;     102 
18; 4098;      95 
18; 4298;      82 
18; 4498;     106 
18; 4698;     108 
18; 4898;      97 
18; 5098;     131 
18; 5298;     127 
18; 5498;     132 
18; 5698;     145 
18; 5897;     134 
18; 6097;     162 
18; 6297;     132 
18; 6497;     145 
18; 6697;     148 
18; 6897;     143 
18; 7097;     169 
18; 7297;     145 
18; 7497;     148 
18; 7696;     162 
18; 7896;     177 
18; 8096;     159 
18; 8296;     161 
18; 8496;     146 
18; 8696;     147 
18; 8896;     161 
18; 9096;     185 
18; 9296;     178 
18; 9495;     169 
18; 9695;     189 
18; 9895;     193 
19; 0095;     162 
19; 0295;     177 
19; 0495;     182 
19; 0695;     189 
19; 0895;     179 
19; 1095;     184 
19; 1294;     184 
19; 1494;     186 
19; 1694;     167 
19; 1894;     170 
19; 2094;     170 
19; 2294;     164 
19; 2494;     167 
19; 2694;     164 
19; 2894;     167 
19; 3093;     148 
19; 3293;     130 
19; 3493;     138 
19; 3693;     129 
19; 3893;     110 
19; 4093;     115 
19; 4293;     112 
19; 4493;      89 
19; 4693;      99 
19; 4892;     107 
19; 5092;      94 
19; 5292;      81 
19; 5492;      80 
19; 5692;      88 
19; 5892;      82 
19; 6092;      87 
19; 6292;      80 
19; 6492;      81 
19; 6691;      78 
19; 6891;      80 
19; 7091;      83 
19; 7291;      85 
19; 7491;      75 
19; 7691;      82 
19; 7891;      73 
19; 8091;      72 
19; 8291;      69 
19; 8490;      65 
19; 8690;      83 
19; 8890;      80 
19; 9090;      93 
19; 9290;      96 
19; 9490;     103 
19; 9690;     108 
19; 9890;     133 
20; 0090;     138 
20; 0289;     156 
20; 0489;     186 
20; 0689;     195 
20; 0889;     216 
20; 1089;     238 
20; 1289;     245 
20; 1489;     233 
20; 1689;     248 
20; 1889;     255 
20; 2088;     259 
20; 2288;     269 
20; 2488;     221 
20; 2688;     219 
20; 2888;     215 
20; 3088;     187 
20; 3288;     170 
20; 3488;     154 
20; 3688;     130 
20; 3887;     106 
20; 4087;      71 
20; 4287;      83 
20; 4487;      96 
20; 4687;      78 
20; 4887;      68 
20; 5087;      71 
20; 5287;      59 
20; 5487;      52 
20; 5687;      72 
20; 5886;      60 
20; 6086;      70 
20; 6286;      62 
20; 6486;      70 
20; 6686;      65 
20; 6886;      63 
20; 7086;      71 
20; 7286;      73 
20; 7486;      75 
20; 7685;      71 
20; 7885;      73 
20; 8085;      77 
20; 8285;      62 
20; 8485;      61 
20; 8685;      75 
20; 8885;      90 
20; 9085;      90 
20; 9285;      83 
20; 9484;      86 
20; 9684;     109 
20; 9884;      76 
21; 0084;     120 
21; 0284;     125 
21; 0484;     123 
21; 0684;     108 
21; 0884;     133 
21; 1084;     150 
21; 1283;     139 
21; 1483;     162 
21; 1683;     171 
21; 1883;     149 
21; 2083;     170 
21; 2283;     160 
21; 2483;     129 
21; 2683;     120 
21; 2883;     101 
21; 3082;      98 
21; 3282;      95 
21; 3482;      82 
21; 3682;      60 
21; 3882;      81 
21; 4082;      55 
21; 4282;      67 
21; 4482;      76 
21; 4682;      84 
21; 4881;      64 
21; 5081;      55 
21; 5281;      44 
21; 5481;      60 
21; 5681;      65 
21; 5881;      47 
21; 6081;      45 
21; 6281;      61 
21; 6481;      68 
21; 6680;      52 
21; 6880;      52 
21; 7080;      55 
21; 7280;      73 
21; 7480;      42 
21; 7680;      55 
21; 7880;      55 
21; 8080;      38 
21; 8280;      52 
21; 8479;      49 
21; 8679;      51 
21; 8879;      55 
21; 9079;      58 
21; 9279;      68 
21; 9479;      47 
21; 9679;      59 
21; 9879;      63 
22; 0079;      53 
22; 0278;      65 
22; 0478;      44 
22; 0678;      49 
22; 0878;      64 
22; 1078;      68 
22; 1278;      59 
22; 1478;      55 
22; 1678;      60 
22; 1878;      62 
22; 2077;      60 
22; 2277;      56 
22; 2477;      50 
22; 2677;      51 
22; 2877;      59 
22; 3077;      54 
22; 3277;      39 
22; 3477;      44 
22; 3677;      44 
22; 3876;      41 
22; 4076;      36 
22; 4276;      43 
22; 4476;      36 
22; 4676;      45 
22; 4876;      57 
22; 5076;      51 
22; 5276;      56 
22; 5476;      40 
22; 5675;      54 
22; 5875;      53 
22; 6075;      59 
22; 6275;      54 
22; 6475;      70 
22; 6675;      69 
22; 6875;      83 
22; 7075;      71 
22; 7275;      76 
22; 7474;      69 
22; 7674;      85 
22; 7874;      61 
22; 8074;      58 
22; 8274;      57 
22; 8474;      59 
22; 8674;      44 
22; 8874;      48 
22; 9074;      59 
22; 9273;      49 
22; 9473;      44 
22; 9673;      53 
22; 9873;      39 
23; 0073;      47 
23; 0273;      39 
23; 0473;      40 
23; 0673;      35 
23; 0873;      36 
23; 1072;      43 
23; 1272;      51 
23; 1472;      39 
23; 1672;      35 
23; 1872;      34 
23; 2072;      41 
23; 2272;      39 
23; 2472;      40 
23; 2672;      41 
23; 2872;      45 
23; 3071;      28 
23; 3271;      44 
23; 3471;      39 
23; 3671;      40 
23; 3871;      34 
23; 4071;      32 
23; 4271;      39 
23; 4471;      37 
23; 4671;      51 
23; 4870;      34 
23; 5070;      44 
23; 5270;      37 
23; 5470;      28 
23; 5670;      33 
23; 5870;      38 
23; 6070;      38 
23; 6270;      40 
23; 6470;      38 
23; 6669;      47 
23; 6869;      44 
23; 7069;      37 
23; 7269;      39 
23; 7469;      44 
23; 7669;      45 
23; 7869;      54 
23; 8069;      36 
23; 8269;      41 
23; 8468;      44 
23; 8668;      55 
23; 8868;      41 
23; 9068;      39 
23; 9268;      38 
23; 9468;      34 
23; 9668;      49 
23; 9868;      44 
24; 0068;      35 
24; 0267;      47 
24; 0467;      43 
24; 0667;      63 
24; 0867;      42 
24; 1067;      49 
24; 1267;      46 
24; 1467;      47 
24; 1667;      51 
24; 1867;      41 
24; 2066;      50 
24; 2266;      49 
24; 2466;      43 
24; 2666;      34 
24; 2866;      50 
24; 3066;      39 
24; 3266;      35 
24; 3466;      36 
24; 3666;      39 
24; 3865;      38 
24; 4065;      34 
24; 4265;      41 
24; 4465;      34 
24; 4665;      34 
24; 4865;      29 
24; 5065;      31 
24; 5265;      39 
24; 5465;      39 
24; 5664;      43 
24; 5864;      34 
24; 6064;      30 
24; 6264;      45 
24; 6464;      33 
24; 6664;      37 
24; 6864;      37 
24; 7064;      34 
24; 7264;      49 
24; 7463;      40 
24; 7663;      67 
24; 7863;      53 
24; 8063;      81 
24; 8263;      97 
24; 8463;     115 
24; 8663;     147 
24; 8863;     199 
24; 9063;     235 
24; 9262;     278 
24; 9462;     326 
24; 9662;     394 
24; 9862;     444 
25; 0062;     502 
25; 0262;     544 
25; 0462;     626 
25; 0662;     710 
25; 0862;     727 
25; 1061;     723 
25; 1261;     790 
25; 1461;     781 
25; 1661;     849 
25; 1861;     916 
25; 2061;     941 
25; 2261;     870 
25; 2461;     885 
25; 2661;     975 
25; 2860;     916 
25; 3060;    1011 
25; 3260;     930 
25; 3460;     836 
25; 3660;     850 
25; 3860;     672 
25; 4060;     646 
25; 4260;     525 
25; 4460;     482 
25; 4659;     347 
25; 4859;     271 
25; 5059;     235 
25; 5259;     167 
25; 5459;     121 
25; 5659;      94 
25; 5859;      66 
25; 6059;      71 
25; 6259;      62 
25; 6458;      40 
25; 6658;      33 
25; 6858;      42 
25; 7058;      36 
25; 7258;      32 
25; 7458;      30 
25; 7658;      24 
25; 7858;      21 
25; 8058;      33 
25; 8257;      27 
25; 8457;      24 
25; 8657;      23 
25; 8857;      28 
25; 9057;      26 
25; 9257;      35 
25; 9457;      30 
25; 9657;      21 
25; 9857;      33 
26; 0057;      33 
26; 0256;      36 
26; 0456;      35 
26; 0656;      26 
26; 0856;      33 
26; 1056;      40 
26; 1256;      43 
26; 1456;      53 
26; 1656;      41 
26; 1856;      40 
26; 2055;      46 
26; 2255;      51 
26; 2455;      44 
26; 2655;      48 
26; 2855;      56 
26; 3055;      44 
26; 3255;      52 
26; 3455;      62 
26; 3655;      47 
26; 3854;      54 
26; 4054;      42 
26; 4254;      48 
26; 4454;      44 
26; 4654;      48 
26; 4854;      42 
26; 5054;      43 
26; 5254;      38 
26; 5454;      32 
26; 5653;      27 
26; 5853;      22 
26; 6053;      23 
26; 6253;      24 
26; 6453;      23 
26; 6653;      24 
26; 6853;      17 
26; 7053;      14 
26; 7253;      21 
26; 7452;      21 
26; 7652;      23 
26; 7852;      19 
26; 8052;      23 
26; 8252;      21 
26; 8452;      15 
26; 8652;      25 
26; 8852;      15 
26; 9052;      25 
26; 9251;      19 
26; 9451;      22 
26; 9651;      25 
26; 9851;      18 
27; 0051;      12 
27; 0251;      26 
27; 0451;      20 
27; 0651;      18 
27; 0851;      33 
27; 1050;      21 
27; 1250;      20 
27; 1450;      18 
27; 1650;      21 
27; 1850;      16 
27; 2050;      23 
27; 2250;      23 
27; 2450;      20 
27; 2650;      18 
27; 2849;       7 
27; 3049;      19 
27; 3249;      28 
27; 3449;      18 
27; 3649;      25 
27; 3849;      13 
27; 4049;      13 
27; 4249;      23 
27; 4449;      20 
27; 4648;      12 
27; 4848;      20 
27; 5048;      14 
27; 5248;      18 
27; 5448;      19 
27; 5648;      10 
27; 5848;      14 
27; 6048;      19 
27; 6248;      20 
27; 6447;      17 
27; 6647;      12 
27; 6847;      17 
27; 7047;      18 
27; 7247;      20 
27; 7447;       8 
27; 7647;      18 
27; 7847;      17 
27; 8047;      15 
27; 8246;      10 
27; 8446;      13 
27; 8646;      25 
27; 8846;      21 
27; 9046;      16 
27; 9246;      14 
27; 9446;      14 
27; 9646;      17 
27; 9846;      11 
28; 0045;      19 
28; 0245;      25 
28; 0445;      19 
28; 0645;      17 
28; 0845;      22 
28; 1045;      20 
28; 1245;      15 
28; 1445;      18 
28; 1645;      21 
28; 1844;      36 
28; 2044;      28 
28; 2244;      26 
28; 2444;      46 
28; 2644;      56 
28; 2844;      58 
28; 3044;      77 
28; 3244;      84 
28; 3444;     115 
28; 3643;     127 
28; 3843;     145 
28; 4043;     175 
28; 4243;     156 
28; 4443;     184 
28; 4643;     187 
28; 4843;     214 
28; 5043;     212 
28; 5243;     202 
28; 5442;     185 
28; 5642;     183 
28; 5842;     160 
28; 6042;     162 
28; 6242;     133 
28; 6442;     109 
28; 6642;      97 
28; 6842;      82 
28; 7042;      70 
28; 7242;      59 
28; 7441;      56 
28; 7641;      43 
28; 7841;      35 
28; 8041;      34 
28; 8241;      25 
28; 8441;      32 
28; 8641;      21 
28; 8841;      20 
28; 9041;      27 
28; 9240;      28 
28; 9440;      30 
28; 9640;      35 
28; 9840;      28 
29; 0040;      38 
29; 0240;      36 
29; 0440;      51 
29; 0640;      39 
29; 0840;      50 
29; 1039;      60 
29; 1239;      51 
29; 1439;      46 
29; 1639;      58 
29; 1839;      46 
29; 2039;      43 
29; 2239;      37 
29; 2439;      46 
29; 2639;      22 
29; 2838;      43 
29; 3038;      29 
29; 3238;      27 
29; 3438;      18 
29; 3638;       5 
29; 3838;      25 
29; 4038;      21 
29; 4238;      12 
29; 4438;      12 
29; 4637;       9 
29; 4837;       9 
29; 5037;      17 
29; 5237;      16 
29; 5437;      12 
29; 5637;       8 
29; 5837;      12 
29; 6037;      16 
29; 6237;      18 
29; 6436;      14 
29; 6636;      15 
29; 6836;      18 
29; 7036;      24 
29; 7236;      16 
29; 7436;      14 
29; 7636;      21 
29; 7836;      16 
29; 8036;       8 
29; 8235;       9 
29; 8435;      14 
29; 8635;      11 
29; 8835;      14 
29; 9035;      14 
29; 9235;      10 
29; 9435;       7 
29; 9635;      16 
29; 9835;       8 
30; 0034;       7 
30; 0234;      11 
30; 0434;      16 
30; 0634;       7 
30; 0834;      10 
30; 1034;      15 
30; 1234;      12 
30; 1434;      16 
30; 1634;       8 
30; 1833;       7 
30; 2033;       9 
30; 2233;      11 
30; 2433;      14 
30; 2633;      12 
30; 2833;       7 
30; 3033;       9 
30; 3233;      11 
30; 3433;      11 
30; 3632;       5 
30; 3832;       8 
30; 4032;       7 
30; 4232;       5 
30; 4432;       8 
30; 4632;      10 
30; 4832;       9 
30; 5032;       7 
30; 5232;      12 
30; 5431;       9 
30; 5631;       8 
30; 5831;       9 
30; 6031;       7 
30; 6231;       7 
30; 6431;      11 
30; 6631;       6 
30; 6831;       6 
30; 7031;      11 
30; 7230;       5 
30; 7430;      12 
30; 7630;      10 
30; 7830;       9 
30; 8030;       6 
30; 8230;       9 
30; 8430;      15 
30; 8630;      14 
30; 8830;      11 
30; 9029;       9 
30; 9229;       7 
30; 9429;       9 
30; 9629;      11 
30; 9829;       9 
31; 0029;      10 
31; 0229;       6 
31; 0429;       8 
31; 0629;       7 
31; 0828;       3 
31; 1028;       9 
31; 1228;      12 
31; 1428;       7 
31; 1628;      10 
31; 1828;       8 
31; 2028;      11 
31; 2228;      12 
31; 2428;       2 
31; 2627;       3 
31; 2827;       6 
31; 3027;       4 
31; 3227;      14 
31; 3427;       7 
31; 3627;       6 
31; 3827;       5 
31; 4027;       9 
31; 4227;       5 
31; 4427;       8 
31; 4626;       7 
31; 4826;       4 
31; 5026;       7 
31; 5226;       7 
31; 5426;       8 
31; 5626;       3 
31; 5826;       4 
31; 6026;       8 
31; 6226;       6 
31; 6425;       6 
31; 6625;       4 
31; 6825;       9 
31; 7025;       1 
31; 7225;       7 
31; 7425;       5 
31; 7625;       5 
31; 7825;       7 
31; 8025;       5 
31; 8224;       6 
31; 8424;       6 
31; 8624;       7 
31; 8824;       6 
31; 9024;       6 
31; 9224;       4 
31; 9424;       4 
31; 9624;       2 
31; 9824;       9 
32; 0023;       4 
32; 0223;       5 
32; 0423;       4 
32; 0623;       7 
32; 0823;       4 
32; 1023;       8 
32; 1223;       6 
32; 1423;       1 
32; 1623;       4 
32; 1822;       5 
32; 2022;       7 
32; 2222;       3 
32; 2422;       8 
32; 2622;       2 
32; 2822;       9 
32; 3022;       4 
32; 3222;       3 
32; 3422;       2 
32; 3621;       6 
32; 3821;       3 
32; 4021;      12 
32; 4221;       3 
32; 4421;       8 
32; 4621;       1 
32; 4821;       7 
32; 5021;       7 
32; 5221;       3 
32; 5420;       4 
32; 5620;       4 
32; 5820;       5 
32; 6020;      11 
32; 6220;       7 
32; 6420;       7 
32; 6620;       5 
32; 6820;       2 
32; 7020;       3 
32; 7219;       6 
32; 7419;      10 
32; 7619;       3 
32; 7819;       6 
32; 8019;       5 
32; 8219;      10 
32; 8419;       4 
32; 8619;      11 
32; 8819;       5 
32; 9018;       3 
32; 9218;      11 
32; 9418;       7 
32; 9618;      10 
32; 9818;      12 
33; 0018;      11 
33; 0218;      11 
33; 0418;      19 
33; 0618;      11 
33; 0817;      18 
33; 1017;      12 
33; 1217;      15 
33; 1417;      19 
33; 1617;      16 
33; 1817;      19 
33; 2017;      20 
33; 2217;      16 
33; 2417;      20 
33; 2616;      25 
33; 2816;      18 
33; 3016;      23 
33; 3216;      23 
33; 3416;      18 
33; 3616;      20 
33; 3816;      28 
33; 4016;      16 
33; 4216;      19 
33; 4415;      27 
33; 4615;      13 
33; 4815;      11 
33; 5015;      11 
33; 5215;      14 
33; 5415;      19 
33; 5615;      10 
33; 5815;       7 
33; 6015;       7 
33; 6214;       8 
33; 6414;       4 
33; 6614;       7 
33; 6814;       5 
33; 7014;       4 
33; 7214;       2 
33; 7414;       6 
33; 7614;       7 
33; 7814;       3 
33; 8013;       2 
33; 8213;       6 
33; 8413;       4 
33; 8613;       4 
33; 8813;      11 
33; 9013;      10 
33; 9213;       1 
33; 9413;       7 
33; 9613;       5 
33; 9812;       8 
34; 0012;       9 
34; 0212;       8 
34; 0412;      12 
34; 0612;       8 
34; 0812;       5 
34; 1012;       7 
34; 1212;       6 
34; 1412;      10 
34; 1612;       8 
34; 1811;       6 
34; 2011;       7 
34; 2211;       7 
34; 2411;       8 
34; 2611;       9 
34; 2811;       4 
34; 3011;       4 
34; 3211;       7 
34; 3411;       4 
34; 3610;       5 
34; 3810;       1 
34; 4010;       4 
34; 4210;       2 
34; 4410;       2 
34; 4610;       4 
34; 4810;       4 
34; 5010;       3 
34; 5210;       4 
34; 5409;       5 
34; 5609;       5 
34; 5809;       2 
34; 6009;       2 
34; 6209;       5 
34; 6409;       2 
34; 6609;       2 
34; 6809;       3 
34; 7009;       1 
34; 7208;       1 
34; 7408;       2 
34; 7608;       2 
34; 7808;       4 
34; 8008;       0 
34; 8208;       2 
34; 8408;       3 
34; 8608;       2 
34; 8808;       1 
34; 9007;       3 
34; 9207;       1 
34; 9407;       2 
34; 9607;       3 
34; 9807;       2 
35; 0007;       2 
35; 0207;       2 
35; 0407;       1 
35; 0607;       5 
35; 0806;       2 
35; 1006;       0 
35; 1206;       3 
35; 1406;       2 
35; 1606;       3 
35; 1806;       1 
35; 2006;       1 
35; 2206;       1 
35; 2406;       5 
35; 2605;       3 
35; 2805;       3 
35; 3005;       2 
35; 3205;       3 
35; 3405;       3 
35; 3605;       5 
35; 3805;       2 
35; 4005;       2 
35; 4205;       3 
35; 4404;       0 
35; 4604;       1 
35; 4804;       3 
35; 5004;       4 
35; 5204;       0 
35; 5404;       1 
35; 5604;       1 
35; 5804;       2 
35; 6004;       1 
35; 6203;       2 
35; 6403;       1 
35; 6603;       2 
35; 6803;       1 
35; 7003;       1 
35; 7203;       1 
35; 7403;       0 
35; 7603;       0 
35; 7803;       2 
35; 8002;       3 
35; 8202;       0 
35; 8402;       2 
35; 8602;       1 
35; 8802;       3 
35; 9002;       1 
35; 9202;       1 
35; 9402;       1 
35; 9602;       2 
35; 9801;       1 
36; 0001;       1 
36; 0201;       0 
36; 0401;       2 
36; 0601;       3 
36; 0801;       2 
36; 1001;       1 
36; 1201;       1 
36; 1401;       2 
36; 1600;       2 
36; 1800;       3 
36; 2000;       0 
36; 2200;       1 
36; 2400;       1 
36; 2600;       0 
36; 2800;       2 
36; 3000;       0 
36; 3200;       3 
36; 3399;       7 
36; 3599;       2 
36; 3799;       2 
36; 3999;       1 
36; 4199;       2 
36; 4399;       2 
36; 4599;       3 
36; 4799;       4 
36; 4999;       2 
36; 5198;       2 
36; 5398;       5 
36; 5598;       5 
36; 5798;       5 
36; 5998;       5 
36; 6198;       5 
36; 6398;       3 
36; 6598;       6 
36; 6798;       3 
36; 6997;       2 
36; 7197;       4 
36; 7397;       3 
36; 7597;       2 
36; 7797;       2 
36; 7997;       0 
36; 8197;       1 
36; 8397;       0 
36; 8597;       1 
36; 8797;       2 
36; 8996;       1 
36; 9196;       0 
36; 9396;       2 
36; 9596;       2 
36; 9796;       1 
36; 9996;       0 
37; 0196;       4 
37; 0396;       0 
37; 0596;       4 
37; 0795;       1 
37; 0995;       1 
37; 1195;       2 
37; 1395;       2 
37; 1595;       4 
37; 1795;       1 
37; 1995;       1 
37; 2195;       1 
37; 2395;       2 
37; 2594;       0 
37; 2794;       0 
37; 2994;       0 
37; 3194;       3 
37; 3394;       1 
37; 3594;       2 
37; 3794;       0 
37; 3994;       2 
37; 4194;       1 
37; 4393;       0 
37; 4593;       0 
37; 4793;       2 
37; 4993;       1 
37; 5193;       1 
37; 5393;       0 
37; 5593;       0 
37; 5793;       0 
37; 5993;       1 
37; 6192;       2 
37; 6392;       2 
37; 6592;       1 
37; 6792;       0 
37; 6992;       0 
37; 7192;       2 
37; 7392;       0 
37; 7592;       1 
37; 7792;       1 
37; 7991;       2 
37; 8191;       1 
37; 8391;       0 
37; 8591;       2 
37; 8791;       0 
37; 8991;       0 
37; 9191;       1 
37; 9391;       0 
37; 9591;       2 
37; 9790;       1 
37; 9990;       2 
38; 0190;       5 
38; 0390;       3 
38; 0590;       0 
38; 0790;       2 
38; 0990;       2 
38; 1190;       0 
38; 1390;       1 
38; 1589;       0 
38; 1789;       1 
38; 1989;       2 
38; 2189;       0 
38; 2389;       0 
38; 2589;       0 
38; 2789;       0 
38; 2989;       1 
38; 3189;       0 
38; 3388;       0 
38; 3588;       0 
38; 3788;       0 
38; 3988;       0 
38; 4188;       1 
38; 4388;       1 
38; 4588;       0 
38; 4788;       1 
38; 4988;       1 
38; 5187;       0 
38; 5387;       1 
38; 5587;       0 
38; 5787;       0 
38; 5987;       0 
38; 6187;       0 
38; 6387;       0 
38; 6587;       1 
38; 6787;       0 
38; 6986;       0 
38; 7186;       0 
38; 7386;       1 
38; 7586;       1 
38; 7786;       0 
38; 7986;       0 
38; 8186;       1 
38; 8386;       0 
38; 8586;       2 
38; 8785;       0 
38; 8985;       0 
38; 9185;       0 
38; 9385;       1 
38; 9585;       0 
38; 9785;       0 
38; 9985;       0 
39; 0185;       0 
39; 0385;       0 
39; 0584;       0 
39; 0784;       1 
39; 0984;       0 
39; 1184;       1 
39; 1384;       0 
39; 1584;       0 
39; 1784;       1 
39; 1984;       0 
39; 2184;       0 
39; 2383;       0 
39; 2583;       0 
39; 2783;       0 
39; 2983;       1 
39; 3183;       1 
39; 3383;       1 
39; 3583;       0 
39; 3783;       0 
39; 3983;       0 
39; 4182;       1 
39; 4382;       0 
39; 4582;       0 
39; 4782;       0 
39; 4982;       1 
39; 5182;       0 
39; 5382;       0 
39; 5582;       0 
39; 5782;       0 
39; 5982;       1 
39; 6181;       0 
39; 6381;       1 
39; 6581;       0 
39; 6781;       0 
39; 6981;       0 
39; 7181;       0 
39; 7381;       2 
39; 7581;       1 
39; 7781;       1 
39; 7980;       0 
39; 8180;       1 
39; 8380;       0 
39; 8580;       1 
39; 8780;       0 
39; 8980;       0 
39; 9180;       0 
39; 9380;       0 
39; 9580;       0 
39; 9779;       1 
39; 9979;       0 
40; 0179;       0 
40; 0379;       0 
40; 0579;       0 
40; 0779;       0 
40; 0979;       0 
40; 1179;       0 
40; 1379;       1 
40; 1578;       0 
40; 1778;       0 
40; 1978;       0 
40; 2178;       1 
40; 2378;       0 
40; 2578;       0 
40; 2778;       0 
40; 2978;       1 
40; 3178;       0 
40; 3377;       0 
40; 3577;       0 
40; 3777;       0 
40; 3977;       0 
40; 4177;       0 
40; 4377;       0 
40; 4577;       0 
40; 4777;       0 
40; 4977;       0 
40; 5176;       0 
40; 5376;       0 
40; 5576;       0 
40; 5776;       0 
40; 5976;       0 
40; 6176;       0 
40; 6376;       1 
40; 6576;       0 
40; 6776;       0 
40; 6975;       0 
40; 7175;       0 
40; 7375;       0 
40; 7575;       0 
40; 7775;       0 
40; 7975;       0 
40; 8175;       0 
40; 8375;       0 
40; 8575;       0 
40; 8774;       0 
40; 8974;       1 
40; 9174;       0 
