0; 0000;     228 
0; 0200;     186 
0; 0400;     136 
0; 0600;      89 
0; 0799;      53 
0; 0999;      49 
0; 1199;      13 
0; 1399;       6 
0; 1599;       2 
0; 1799;       1 
0; 1998;       1 
0; 2198;       0 
0; 2398;       1 
0; 2598;       1 
0; 2798;       0 
0; 2998;       0 
0; 3198;       0 
0; 3397;       0 
0; 3597;       0 
0; 3797;       0 
0; 3997;       0 
0; 4197;       1 
0; 4397;       0 
0; 4597;       1 
0; 4796;       0 
0; 4996;       1 
0; 5196;       0 
0; 5396;       3 
0; 5596;       9 
0; 5796;      26 
0; 5995;      64 
0; 6195;     140 
0; 6395;     187 
0; 6595;     202 
0; 6795;     217 
0; 6995;     228 
0; 7195;     237 
0; 7394;     209 
0; 7594;     182 
0; 7794;     198 
0; 7994;     192 
0; 8194;     175 
0; 8394;     176 
0; 8594;     176 
0; 8793;     189 
0; 8993;     174 
0; 9193;     184 
0; 9393;     183 
0; 9593;     175 
0; 9793;     171 
0; 9992;     164 
1; 0192;     176 
1; 0392;     164 
1; 0592;     169 
1; 0792;     154 
1; 0992;     173 
1; 1192;     150 
1; 1391;     171 
1; 1591;     162 
1; 1791;     163 
1; 1991;     154 
1; 2191;     133 
1; 2391;     163 
1; 2591;     136 
1; 2790;     137 
1; 2990;     177 
1; 3190;     137 
1; 3390;     143 
1; 3590;     144 
1; 3790;     138 
1; 3989;     145 
1; 4189;     169 
1; 4389;     168 
1; 4589;     149 
1; 4789;     138 
1; 4989;     158 
1; 5189;     149 
1; 5388;     140 
1; 5588;     140 
1; 5788;     141 
1; 5988;     137 
1; 6188;     143 
1; 6388;     144 
1; 6588;     146 
1; 6787;     160 
1; 6987;     163 
1; 7187;     157 
1; 7387;     167 
1; 7587;     150 
1; 7787;     174 
1; 7986;     140 
1; 8186;     158 
1; 8386;     128 
1; 8586;     142 
1; 8786;     149 
1; 8986;     152 
1; 9186;     172 
1; 9385;     156 
1; 9585;     162 
1; 9785;     158 
1; 9985;     155 
2; 0185;     142 
2; 0385;     148 
2; 0585;     149 
2; 0784;     154 
2; 0984;     143 
2; 1184;     149 
2; 1384;     156 
2; 1584;     154 
2; 1784;     168 
2; 1983;     180 
2; 2183;     157 
2; 2383;     183 
2; 2583;     184 
2; 2783;     195 
2; 2983;     215 
2; 3183;     222 
2; 3382;     218 
2; 3582;     186 
2; 3782;     193 
2; 3982;     200 
2; 4182;     176 
2; 4382;     191 
2; 4582;     205 
2; 4781;     196 
2; 4981;     234 
2; 5181;     262 
2; 5381;     286 
2; 5581;     311 
2; 5781;     407 
2; 5980;     479 
2; 6180;     559 
2; 6380;     680 
2; 6580;     664 
2; 6780;     791 
2; 6980;     799 
2; 7180;     799 
2; 7379;     741 
2; 7579;     758 
2; 7779;     731 
2; 7979;     738 
2; 8179;     754 
2; 8379;     720 
2; 8579;     752 
2; 8778;     748 
2; 8978;     696 
2; 9178;     709 
2; 9378;     668 
2; 9578;     608 
2; 9778;     630 
2; 9977;     529 
3; 0177;     520 
3; 0377;     430 
3; 0577;     354 
3; 0777;     317 
3; 0977;     307 
3; 1177;     261 
3; 1376;     275 
3; 1576;     278 
3; 1776;     277 
3; 1976;     297 
3; 2176;     275 
3; 2376;     289 
3; 2576;     285 
3; 2775;     300 
3; 2975;     309 
3; 3175;     349 
3; 3375;     351 
3; 3575;     292 
3; 3775;     292 
3; 3974;     277 
3; 4174;     243 
3; 4374;     243 
3; 4574;     232 
3; 4774;     206 
3; 4974;     215 
3; 5174;     249 
3; 5373;     272 
3; 5573;     279 
3; 5773;     336 
3; 5973;     346 
3; 6173;     429 
3; 6373;     494 
3; 6573;     502 
3; 6772;     578 
3; 6972;     564 
3; 7172;     573 
3; 7372;     512 
3; 7572;     427 
3; 7772;     390 
3; 7971;     304 
3; 8171;     297 
3; 8371;     262 
3; 8571;     232 
3; 8771;     250 
3; 8971;     252 
3; 9171;     259 
3; 9370;     243 
3; 9570;     328 
3; 9770;     288 
3; 9970;     283 
4; 0170;     295 
4; 0370;     329 
4; 0570;     261 
4; 0769;     263 
4; 0969;     262 
4; 1169;     247 
4; 1369;     231 
4; 1569;     241 
4; 1769;     234 
4; 1968;     239 
4; 2168;     253 
4; 2368;     266 
4; 2568;     252 
4; 2768;     250 
4; 2968;     231 
4; 3168;     285 
4; 3367;     280 
4; 3567;     302 
4; 3767;     288 
4; 3967;     320 
4; 4167;     321 
4; 4367;     321 
4; 4567;     363 
4; 4766;     338 
4; 4966;     384 
4; 5166;     414 
4; 5366;     421 
4; 5566;     382 
4; 5766;     368 
4; 5965;     370 
4; 6165;     311 
4; 6365;     324 
4; 6565;     349 
4; 6765;     324 
4; 6965;     318 
4; 7165;     322 
4; 7364;     320 
4; 7564;     298 
4; 7764;     323 
4; 7964;     328 
4; 8164;     334 
4; 8364;     325 
4; 8564;     324 
4; 8763;     337 
4; 8963;     337 
4; 9163;     347 
4; 9363;     317 
4; 9563;     345 
4; 9763;     334 
4; 9962;     313 
5; 0162;     334 
5; 0362;     299 
5; 0562;     332 
5; 0762;     385 
5; 0962;     344 
5; 1162;     309 
5; 1361;     339 
5; 1561;     348 
5; 1761;     332 
5; 1961;     367 
5; 2161;     340 
5; 2361;     358 
5; 2561;     369 
5; 2760;     396 
5; 2960;     391 
5; 3160;     363 
5; 3360;     381 
5; 3560;     407 
5; 3760;     405 
5; 3959;     410 
5; 4159;     398 
5; 4359;     420 
5; 4559;     397 
5; 4759;     407 
5; 4959;     405 
5; 5159;     444 
5; 5358;     418 
5; 5558;     408 
5; 5758;     401 
5; 5958;     400 
5; 6158;     413 
5; 6358;     400 
5; 6558;     421 
5; 6757;     439 
5; 6957;     434 
5; 7157;     459 
5; 7357;     436 
5; 7557;     404 
5; 7757;     448 
5; 7956;     421 
5; 8156;     435 
5; 8356;     468 
5; 8556;     441 
5; 8756;     508 
5; 8956;     453 
5; 9156;     529 
5; 9355;     490 
5; 9555;     444 
5; 9755;     462 
5; 9955;     477 
6; 0155;     497 
6; 0355;     426 
6; 0555;     491 
6; 0754;     508 
6; 0954;     503 
6; 1154;     476 
6; 1354;     574 
6; 1554;     623 
6; 1754;     657 
6; 1953;     779 
6; 2153;     861 
6; 2353;    1056 
6; 2553;    1259 
6; 2753;    1600 
6; 2953;    1924 
6; 3153;    2294 
6; 3352;    2629 
6; 3552;    2957 
6; 3752;    3102 
6; 3952;    3259 
6; 4152;    3171 
6; 4352;    2991 
6; 4552;    2601 
6; 4751;    2130 
6; 4951;    1773 
6; 5151;    1382 
6; 5351;    1143 
6; 5551;    1004 
6; 5751;     807 
6; 5950;     700 
6; 6150;     664 
6; 6350;     668 
6; 6550;     588 
6; 6750;     616 
6; 6950;     636 
6; 7150;     621 
6; 7349;     600 
6; 7549;     624 
6; 7749;     659 
6; 7949;     680 
6; 8149;     709 
6; 8349;     694 
6; 8549;     700 
6; 8748;     787 
6; 8948;     778 
6; 9148;     832 
6; 9348;     845 
6; 9548;     913 
6; 9748;    1003 
6; 9947;    1034 
7; 0147;    1061 
7; 0347;    1095 
7; 0547;    1088 
7; 0747;    1063 
7; 0947;    1034 
7; 1147;    1089 
7; 1346;    1024 
7; 1546;     973 
7; 1746;     978 
7; 1946;     842 
7; 2146;     870 
7; 2346;     884 
7; 2546;     906 
7; 2745;     905 
7; 2945;     906 
7; 3145;     996 
7; 3345;    1040 
7; 3545;    1057 
7; 3745;    1214 
7; 3944;    1244 
7; 4144;    1338 
7; 4344;    1497 
7; 4544;    1644 
7; 4744;    1624 
7; 4944;    1662 
7; 5144;    1616 
7; 5343;    1520 
7; 5543;    1418 
7; 5743;    1410 
7; 5943;    1322 
7; 6143;    1383 
7; 6343;    1329 
7; 6543;    1394 
7; 6742;    1448 
7; 6942;    1590 
7; 7142;    1658 
7; 7342;    1801 
7; 7542;    2113 
7; 7742;    2681 
7; 7941;    3837 
7; 8141;    5869 
7; 8341;    9133 
7; 8541;   14809 
7; 8741;   24165 
7; 8941;   37808 
7; 9141;   56340 
7; 9340;   80425 
7; 9540;  107424 
7; 9740;  135983 
7; 9940;  163763 
8; 0140;  185069 
8; 0340;  196999 
8; 0540;  198626 
8; 0739;  188238 
8; 0939;  168112 
8; 1139;  142250 
8; 1339;  112852 
8; 1539;   84596 
8; 1739;   60475 
8; 1938;   40159 
8; 2138;   26356 
8; 2338;   16167 
8; 2538;    9786 
8; 2738;    5803 
8; 2938;    3673 
8; 3138;    2339 
8; 3337;    1792 
8; 3537;    1447 
8; 3737;    1234 
8; 3937;    1138 
8; 4137;    1015 
8; 4337;     998 
8; 4537;     981 
8; 4736;    1021 
8; 4936;    1017 
8; 5136;    1095 
8; 5336;    1190 
8; 5536;    1252 
8; 5736;    1216 
8; 5935;    1366 
8; 6135;    1450 
8; 6335;    1613 
8; 6535;    1842 
8; 6735;    2213 
8; 6935;    2658 
8; 7135;    3595 
8; 7334;    4770 
8; 7534;    6773 
8; 7734;    9357 
8; 7934;   12559 
8; 8134;   16257 
8; 8334;   20705 
8; 8534;   24493 
8; 8733;   27553 
8; 8933;   29378 
8; 9133;   29859 
8; 9333;   28948 
8; 9533;   26378 
8; 9733;   22810 
8; 9932;   18709 
9; 0132;   14333 
9; 0332;   10608 
9; 0532;    7319 
9; 0732;    4814 
9; 0932;    3271 
9; 1132;    2056 
9; 1331;    1250 
9; 1531;     846 
9; 1731;     570 
9; 1931;     441 
9; 2131;     315 
9; 2331;     300 
9; 2531;     256 
9; 2730;     261 
9; 2930;     252 
9; 3130;     262 
9; 3330;     221 
9; 3530;     218 
9; 3730;     205 
9; 3929;     219 
9; 4129;     203 
9; 4329;     213 
9; 4529;     212 
9; 4729;     230 
9; 4929;     233 
9; 5129;     247 
9; 5328;     233 
9; 5528;     257 
9; 5728;     225 
9; 5928;     246 
9; 6128;     199 
9; 6328;     224 
9; 6528;     212 
9; 6727;     198 
9; 6927;     225 
9; 7127;     167 
9; 7327;     213 
9; 7527;     208 
9; 7727;     196 
9; 7926;     166 
9; 8126;     188 
9; 8326;     186 
9; 8526;     172 
9; 8726;     162 
9; 8926;     163 
9; 9126;     172 
9; 9325;     147 
9; 9525;     198 
9; 9725;     208 
9; 9925;     168 
10; 0125;     169 
10; 0325;     158 
10; 0525;     148 
10; 0724;     149 
10; 0924;     167 
10; 1124;     166 
10; 1324;     175 
10; 1524;     151 
10; 1724;     181 
10; 1923;     160 
10; 2123;     164 
10; 2323;     166 
10; 2523;     137 
10; 2723;     164 
10; 2923;     171 
10; 3123;     124 
10; 3322;     155 
10; 3522;     158 
10; 3722;     156 
10; 3922;     142 
10; 4122;     164 
10; 4322;     147 
10; 4522;     176 
10; 4721;     143 
10; 4921;     181 
10; 5121;     153 
10; 5321;     143 
10; 5521;     170 
10; 5721;     147 
10; 5920;     183 
10; 6120;     148 
10; 6320;     163 
10; 6520;     171 
10; 6720;     154 
10; 6920;     163 
10; 7120;     167 
10; 7319;     148 
10; 7519;     176 
10; 7719;     187 
10; 7919;     154 
10; 8119;     186 
10; 8319;     168 
10; 8519;     190 
10; 8718;     179 
10; 8918;     178 
10; 9118;     152 
10; 9318;     179 
10; 9518;     174 
10; 9718;     168 
10; 9917;     177 
11; 0117;     156 
11; 0317;     148 
11; 0517;     143 
11; 0717;     147 
11; 0917;     155 
11; 1117;     151 
11; 1316;     189 
11; 1516;     149 
11; 1716;     165 
11; 1916;     153 
11; 2116;     183 
11; 2316;     167 
11; 2516;     142 
11; 2715;     144 
11; 2915;     160 
11; 3115;     140 
11; 3315;     143 
11; 3515;     116 
11; 3715;     142 
11; 3914;     138 
11; 4114;     134 
11; 4314;     118 
11; 4514;     115 
11; 4714;     154 
11; 4914;     133 
11; 5114;     143 
11; 5313;     127 
11; 5513;     136 
11; 5713;     132 
11; 5913;     144 
11; 6113;     126 
11; 6313;     134 
11; 6513;     145 
11; 6712;     128 
11; 6912;     128 
11; 7112;     149 
11; 7312;     142 
11; 7512;     143 
11; 7712;     150 
11; 7911;     148 
11; 8111;     149 
11; 8311;     142 
11; 8511;     132 
11; 8711;     148 
11; 8911;     153 
11; 9111;     136 
11; 9310;     140 
11; 9510;     119 
11; 9710;     134 
11; 9910;     107 
12; 0110;     120 
12; 0310;     100 
12; 0510;     136 
12; 0709;     117 
12; 0909;     103 
12; 1109;     114 
12; 1309;     108 
12; 1509;     133 
12; 1709;     120 
12; 1908;     121 
12; 2108;     119 
12; 2308;      98 
12; 2508;     117 
12; 2708;     102 
12; 2908;     123 
12; 3108;     114 
12; 3307;     101 
12; 3507;     125 
12; 3707;     117 
12; 3907;     104 
12; 4107;     113 
12; 4307;     125 
12; 4507;     120 
12; 4706;     108 
12; 4906;     113 
12; 5106;     119 
12; 5306;     121 
12; 5506;     142 
12; 5706;     140 
12; 5905;     126 
12; 6105;     130 
12; 6305;     127 
12; 6505;     134 
12; 6705;     112 
12; 6905;     113 
12; 7105;     134 
12; 7304;     113 
12; 7504;     114 
12; 7704;     115 
12; 7904;      94 
12; 8104;     106 
12; 8304;     110 
12; 8504;     117 
12; 8703;     116 
12; 8903;     108 
12; 9103;     106 
12; 9303;     104 
12; 9503;     126 
12; 9703;     115 
12; 9902;     108 
13; 0102;     101 
13; 0302;     106 
13; 0502;     103 
13; 0702;      97 
13; 0902;     102 
13; 1102;     115 
13; 1301;     104 
13; 1501;     102 
13; 1701;     114 
13; 1901;     106 
13; 2101;     117 
13; 2301;      97 
13; 2501;     105 
13; 2700;     114 
13; 2900;     105 
13; 3100;     105 
13; 3300;      99 
13; 3500;     112 
13; 3700;     113 
13; 3899;     112 
13; 4099;     113 
13; 4299;     105 
13; 4499;     110 
13; 4699;      90 
13; 4899;     104 
13; 5099;     124 
13; 5298;     117 
13; 5498;     104 
13; 5698;      98 
13; 5898;     101 
13; 6098;      89 
13; 6298;      94 
13; 6498;     112 
13; 6697;     100 
13; 6897;     109 
13; 7097;      91 
13; 7297;     110 
13; 7497;     106 
13; 7697;     103 
13; 7896;      80 
13; 8096;      84 
13; 8296;     106 
13; 8496;     112 
13; 8696;      92 
13; 8896;     104 
13; 9096;     119 
13; 9295;     105 
13; 9495;     110 
13; 9695;     116 
13; 9895;     101 
14; 0095;     104 
14; 0295;     102 
14; 0495;      85 
14; 0694;     101 
14; 0894;      94 
14; 1094;     120 
14; 1294;      96 
14; 1494;     112 
14; 1694;      79 
14; 1893;     122 
14; 2093;     104 
14; 2293;     119 
14; 2493;     120 
14; 2693;     117 
14; 2893;     121 
14; 3093;     134 
14; 3292;     148 
14; 3492;     137 
14; 3692;     148 
14; 3892;     183 
14; 4092;     190 
14; 4292;     181 
14; 4492;     181 
14; 4691;     193 
14; 4891;     185 
14; 5091;     191 
14; 5291;     171 
14; 5491;     167 
14; 5691;     141 
14; 5890;     141 
14; 6090;     124 
14; 6290;     127 
14; 6490;     122 
14; 6690;     100 
14; 6890;      86 
14; 7090;     107 
14; 7289;      91 
14; 7489;      89 
14; 7689;     101 
14; 7889;      90 
14; 8089;      89 
14; 8289;     104 
14; 8489;      98 
14; 8688;      92 
14; 8888;     110 
14; 9088;      88 
14; 9288;      93 
14; 9488;     115 
14; 9688;     117 
14; 9887;     101 
15; 0087;     115 
15; 0287;     114 
15; 0487;     116 
15; 0687;     105 
15; 0887;      97 
15; 1087;     112 
15; 1286;     111 
15; 1486;     112 
15; 1686;     160 
15; 1886;     123 
15; 2086;     109 
15; 2286;     115 
15; 2486;     129 
15; 2685;     111 
15; 2885;     105 
15; 3085;     110 
15; 3285;     121 
15; 3485;     124 
15; 3685;     117 
15; 3884;     120 
15; 4084;     115 
15; 4284;     122 
15; 4484;     125 
15; 4684;     122 
15; 4884;     117 
15; 5084;     111 
15; 5283;     130 
15; 5483;     116 
15; 5683;     121 
15; 5883;     131 
15; 6083;     141 
15; 6283;     129 
15; 6483;     136 
15; 6682;     114 
15; 6882;     114 
15; 7082;     122 
15; 7282;     118 
15; 7482;     145 
15; 7682;     155 
15; 7881;     127 
15; 8081;     174 
15; 8281;     175 
15; 8481;     211 
15; 8681;     297 
15; 8881;     401 
15; 9081;     526 
15; 9280;     678 
15; 9480;     940 
15; 9680;    1195 
15; 9880;    1558 
16; 0080;    1877 
16; 0280;    2281 
16; 0480;    2587 
16; 0679;    2761 
16; 0879;    3042 
16; 1079;    3123 
16; 1279;    3157 
16; 1479;    3065 
16; 1679;    2779 
16; 1878;    2463 
16; 2078;    2141 
16; 2278;    1820 
16; 2478;    1459 
16; 2678;    1132 
16; 2878;     805 
16; 3078;     655 
16; 3277;     409 
16; 3477;     314 
16; 3677;     222 
16; 3877;     177 
16; 4077;     151 
16; 4277;     135 
16; 4477;     114 
16; 4676;     103 
16; 4876;     102 
16; 5076;     110 
16; 5276;     118 
16; 5476;      88 
16; 5676;     120 
16; 5875;      94 
16; 6075;     105 
16; 6275;      98 
16; 6475;     105 
16; 6675;     112 
16; 6875;     132 
16; 7075;     143 
16; 7274;     168 
16; 7474;     188 
16; 7674;     226 
16; 7874;     262 
16; 8074;     353 
16; 8274;     411 
16; 8474;     504 
16; 8673;     560 
16; 8873;     697 
16; 9073;     806 
16; 9273;     830 
16; 9473;     946 
16; 9673;     989 
16; 9872;     954 
17; 0072;     907 
17; 0272;     889 
17; 0472;     788 
17; 0672;     718 
17; 0872;     606 
17; 1072;     488 
17; 1271;     372 
17; 1471;     309 
17; 1671;     236 
17; 1871;     176 
17; 2071;     147 
17; 2271;     122 
17; 2471;     102 
17; 2670;      79 
17; 2870;      80 
17; 3070;      78 
17; 3270;      89 
17; 3470;      45 
17; 3670;      58 
17; 3869;      55 
17; 4069;      68 
17; 4269;      59 
17; 4469;      62 
17; 4669;      62 
17; 4869;      68 
17; 5069;      75 
17; 5268;      66 
17; 5468;      89 
17; 5668;      57 
17; 5868;      80 
17; 6068;      80 
17; 6268;      76 
17; 6468;      68 
17; 6667;      98 
17; 6867;      98 
17; 7067;     102 
17; 7267;     104 
17; 7467;      78 
17; 7667;     109 
17; 7866;     117 
17; 8066;     125 
17; 8266;     134 
17; 8466;     136 
17; 8666;     130 
17; 8866;     135 
17; 9066;     109 
17; 9265;      95 
17; 9465;      92 
17; 9665;      83 
17; 9865;      77 
18; 0065;      86 
18; 0265;      81 
18; 0465;      61 
18; 0664;      61 
18; 0864;      77 
18; 1064;      58 
18; 1264;      59 
18; 1464;      47 
18; 1664;      71 
18; 1863;      53 
18; 2063;      54 
18; 2263;      50 
18; 2463;      67 
18; 2663;      63 
18; 2863;      61 
18; 3063;      60 
18; 3262;      65 
18; 3462;      57 
18; 3662;      56 
18; 3862;      64 
18; 4062;      75 
18; 4262;      79 
18; 4462;      63 
18; 4661;      69 
18; 4861;      61 
18; 5061;      77 
18; 5261;      69 
18; 5461;      59 
18; 5661;      79 
18; 5860;      84 
18; 6060;      83 
18; 6260;      96 
18; 6460;      98 
18; 6660;      91 
18; 6860;      97 
18; 7060;      85 
18; 7259;     103 
18; 7459;      98 
18; 7659;     106 
18; 7859;     106 
18; 8059;     110 
18; 8259;     114 
18; 8459;     130 
18; 8658;     115 
18; 8858;     111 
18; 9058;     134 
18; 9258;     125 
18; 9458;     108 
18; 9658;     148 
18; 9857;     112 
19; 0057;     143 
19; 0257;     132 
19; 0457;     133 
19; 0657;     148 
19; 0857;     145 
19; 1057;     135 
19; 1256;     135 
19; 1456;     157 
19; 1656;     136 
19; 1856;     158 
19; 2056;     142 
19; 2256;     156 
19; 2456;     125 
19; 2655;     102 
19; 2855;     100 
19; 3055;     136 
19; 3255;     121 
19; 3455;      95 
19; 3655;     103 
19; 3854;     111 
19; 4054;      87 
19; 4254;      88 
19; 4454;     102 
19; 4654;      83 
19; 4854;      89 
19; 5054;      79 
19; 5253;      74 
19; 5453;      76 
19; 5653;      72 
19; 5853;      65 
19; 6053;      65 
19; 6253;      57 
19; 6453;      71 
19; 6652;      59 
19; 6852;      54 
19; 7052;      49 
19; 7252;      57 
19; 7452;      56 
19; 7652;      49 
19; 7851;      44 
19; 8051;      67 
19; 8251;      63 
19; 8451;      46 
19; 8651;      59 
19; 8851;      58 
19; 9051;      65 
19; 9250;      73 
19; 9450;      84 
19; 9650;      87 
19; 9850;      87 
20; 0050;     101 
20; 0250;     120 
20; 0450;     128 
20; 0649;     121 
20; 0849;     147 
20; 1049;     165 
20; 1249;     174 
20; 1449;     169 
20; 1649;     172 
20; 1848;     187 
20; 2048;     187 
20; 2248;     182 
20; 2448;     177 
20; 2648;     177 
20; 2848;     159 
20; 3048;     138 
20; 3247;     126 
20; 3447;     118 
20; 3647;     106 
20; 3847;      67 
20; 4047;      64 
20; 4247;      58 
20; 4447;      46 
20; 4646;      58 
20; 4846;      52 
20; 5046;      35 
20; 5246;      37 
20; 5446;      43 
20; 5646;      41 
20; 5845;      25 
20; 6045;      40 
20; 6245;      34 
20; 6445;      49 
20; 6645;      31 
20; 6845;      40 
20; 7045;      35 
20; 7244;      36 
20; 7444;      37 
20; 7644;      44 
20; 7844;      46 
20; 8044;      31 
20; 8244;      43 
20; 8444;      46 
20; 8643;      35 
20; 8843;      34 
20; 9043;      49 
20; 9243;      52 
20; 9443;      53 
20; 9643;      51 
20; 9842;      54 
21; 0042;      57 
21; 0242;      63 
21; 0442;      71 
21; 0642;      55 
21; 0842;      59 
21; 1042;      53 
21; 1241;      69 
21; 1441;      61 
21; 1641;      67 
21; 1841;      70 
21; 2041;      80 
21; 2241;      83 
21; 2441;      49 
21; 2640;      60 
21; 2840;      54 
21; 3040;      56 
21; 3240;      69 
21; 3440;      48 
21; 3640;      40 
21; 3839;      50 
21; 4039;      43 
21; 4239;      47 
21; 4439;      39 
21; 4639;      37 
21; 4839;      50 
21; 5039;      50 
21; 5238;      40 
21; 5438;      33 
21; 5638;      51 
21; 5838;      43 
21; 6038;      48 
21; 6238;      38 
21; 6438;      46 
21; 6637;      38 
21; 6837;      43 
21; 7037;      45 
21; 7237;      43 
21; 7437;      38 
21; 7637;      33 
21; 7836;      33 
21; 8036;      30 
21; 8236;      45 
21; 8436;      34 
21; 8636;      42 
21; 8836;      41 
21; 9036;      40 
21; 9235;      32 
21; 9435;      39 
21; 9635;      34 
21; 9835;      38 
22; 0035;      29 
22; 0235;      36 
22; 0435;      39 
22; 0634;      39 
22; 0834;      33 
22; 1034;      30 
22; 1234;      28 
22; 1434;      29 
22; 1634;      25 
22; 1833;      39 
22; 2033;      34 
22; 2233;      49 
22; 2433;      25 
22; 2633;      25 
22; 2833;      25 
22; 3033;      32 
22; 3232;      26 
22; 3432;      34 
22; 3632;      28 
22; 3832;      21 
22; 4032;      34 
22; 4232;      29 
22; 4432;      41 
22; 4631;      28 
22; 4831;      36 
22; 5031;      33 
22; 5231;      30 
22; 5431;      28 
22; 5631;      44 
22; 5830;      39 
22; 6030;      46 
22; 6230;      40 
22; 6430;      45 
22; 6630;      44 
22; 6830;      45 
22; 7030;      42 
22; 7229;      57 
22; 7429;      54 
22; 7629;      38 
22; 7829;      41 
22; 8029;      32 
22; 8229;      43 
22; 8429;      42 
22; 8628;      35 
22; 8828;      35 
22; 9028;      28 
22; 9228;      24 
22; 9428;      30 
22; 9628;      29 
22; 9827;      27 
23; 0027;      26 
23; 0227;      25 
23; 0427;      24 
23; 0627;      23 
23; 0827;      20 
23; 1027;      20 
23; 1226;      30 
23; 1426;      22 
23; 1626;      27 
23; 1826;      33 
23; 2026;      22 
23; 2226;      34 
23; 2426;      26 
23; 2625;      30 
23; 2825;      26 
23; 3025;      23 
23; 3225;      38 
23; 3425;      20 
23; 3625;      22 
23; 3824;      18 
23; 4024;      26 
23; 4224;      22 
23; 4424;      23 
23; 4624;      20 
23; 4824;      19 
23; 5024;      22 
23; 5223;      22 
23; 5423;      24 
23; 5623;      21 
23; 5823;      16 
23; 6023;      26 
23; 6223;      23 
23; 6423;      23 
23; 6622;      23 
23; 6822;      26 
23; 7022;      24 
23; 7222;      30 
23; 7422;      20 
23; 7622;      18 
23; 7821;      20 
23; 8021;      20 
23; 8221;      19 
23; 8421;      25 
23; 8621;      22 
23; 8821;      20 
23; 9021;      28 
23; 9220;      24 
23; 9420;      21 
23; 9620;      28 
23; 9820;      32 
24; 0020;      32 
24; 0220;      38 
24; 0420;      35 
24; 0619;      38 
24; 0819;      39 
24; 1019;      44 
24; 1219;      41 
24; 1419;      37 
24; 1619;      45 
24; 1818;      29 
24; 2018;      46 
24; 2218;      53 
24; 2418;      48 
24; 2618;      47 
24; 2818;      39 
24; 3018;      55 
24; 3217;      44 
24; 3417;      39 
24; 3617;      34 
24; 3817;      26 
24; 4017;      21 
24; 4217;      32 
24; 4417;      13 
24; 4616;      18 
24; 4816;      21 
24; 5016;      23 
24; 5216;      19 
24; 5416;      23 
24; 5616;      13 
24; 5815;      21 
24; 6015;      25 
24; 6215;      11 
24; 6415;      19 
24; 6615;      12 
24; 6815;      26 
24; 7015;      17 
24; 7214;      14 
24; 7414;      19 
24; 7614;      19 
24; 7814;      23 
24; 8014;      27 
24; 8214;      21 
24; 8414;      26 
24; 8613;      27 
24; 8813;      31 
24; 9013;      31 
24; 9213;      27 
24; 9413;      27 
24; 9613;      23 
24; 9812;      34 
25; 0012;      28 
25; 0212;      31 
25; 0412;      30 
25; 0612;      32 
25; 0812;      42 
25; 1012;      27 
25; 1211;      29 
25; 1411;      29 
25; 1611;      24 
25; 1811;      32 
25; 2011;      23 
25; 2211;      21 
25; 2411;      17 
25; 2610;      13 
25; 2810;      23 
25; 3010;      23 
25; 3210;      17 
25; 3410;      10 
25; 3610;      19 
25; 3809;      13 
25; 4009;      12 
25; 4209;      10 
25; 4409;      20 
25; 4609;      20 
25; 4809;      15 
25; 5009;      14 
25; 5208;      15 
25; 5408;      20 
25; 5608;      19 
25; 5808;      13 
25; 6008;      16 
25; 6208;      15 
25; 6408;      13 
25; 6607;      18 
25; 6807;      12 
25; 7007;      16 
25; 7207;      21 
25; 7407;      21 
25; 7607;      14 
25; 7806;      28 
25; 8006;      18 
25; 8206;      25 
25; 8406;      18 
25; 8606;      13 
25; 8806;      20 
25; 9006;      16 
25; 9205;      12 
25; 9405;      20 
25; 9605;      12 
25; 9805;      13 
26; 0005;      14 
26; 0205;      17 
26; 0405;      15 
26; 0604;      14 
26; 0804;      16 
26; 1004;      11 
26; 1204;      22 
26; 1404;      12 
26; 1604;      16 
26; 1803;      17 
26; 2003;      17 
26; 2203;      19 
26; 2403;      15 
26; 2603;      11 
26; 2803;       9 
26; 3003;      17 
26; 3202;      10 
26; 3402;      19 
26; 3602;      12 
26; 3802;      11 
26; 4002;      19 
26; 4202;      12 
26; 4402;      20 
26; 4601;      22 
26; 4801;      18 
26; 5001;      13 
26; 5201;      12 
26; 5401;      10 
26; 5601;      16 
26; 5800;      13 
26; 6000;      16 
26; 6200;      13 
26; 6400;       7 
26; 6600;       6 
26; 6800;      19 
26; 7000;      16 
26; 7199;      13 
26; 7399;      16 
26; 7599;      11 
26; 7799;      14 
26; 7999;      12 
26; 8199;       6 
26; 8399;      13 
26; 8598;      11 
26; 8798;      15 
26; 8998;      16 
26; 9198;      12 
26; 9398;      12 
26; 9598;      13 
26; 9797;      14 
26; 9997;      13 
27; 0197;      21 
27; 0397;      11 
27; 0597;      10 
27; 0797;      12 
27; 0997;      11 
27; 1196;      15 
27; 1396;      14 
27; 1596;      13 
27; 1796;       9 
27; 1996;      21 
27; 2196;      15 
27; 2396;      14 
27; 2595;      10 
27; 2795;      12 
27; 2995;      19 
27; 3195;      19 
27; 3395;      14 
27; 3595;      15 
27; 3794;       9 
27; 3994;      16 
27; 4194;      16 
27; 4394;      14 
27; 4594;      18 
27; 4794;      14 
27; 4994;       7 
27; 5193;       7 
27; 5393;      15 
27; 5593;      15 
27; 5793;      15 
27; 5993;      12 
27; 6193;      11 
27; 6393;      18 
27; 6592;      13 
27; 6792;      13 
27; 6992;      15 
27; 7192;      19 
27; 7392;      12 
27; 7592;       9 
27; 7791;      12 
27; 7991;       8 
27; 8191;      10 
27; 8391;      15 
27; 8591;       9 
27; 8791;      17 
27; 8991;       8 
27; 9190;      13 
27; 9390;      15 
27; 9590;      16 
27; 9790;      11 
27; 9990;      14 
28; 0190;      17 
28; 0390;      14 
28; 0589;      17 
28; 0789;      15 
28; 0989;      11 
28; 1189;      19 
28; 1389;      13 
28; 1589;       8 
28; 1788;      16 
28; 1988;      15 
28; 2188;      14 
28; 2388;      11 
28; 2588;      17 
28; 2788;      16 
28; 2988;      18 
28; 3187;      18 
28; 3387;       5 
28; 3587;      16 
28; 3787;      11 
28; 3987;      12 
28; 4187;      17 
28; 4387;      11 
28; 4586;      15 
28; 4786;      14 
28; 4986;      10 
28; 5186;      10 
28; 5386;      14 
28; 5586;      10 
28; 5785;      12 
28; 5985;      10 
28; 6185;      12 
28; 6385;      14 
28; 6585;       7 
28; 6785;      11 
28; 6985;      15 
28; 7184;       9 
28; 7384;       9 
28; 7584;      10 
28; 7784;      12 
28; 7984;      12 
28; 8184;      11 
28; 8384;       5 
28; 8583;       9 
28; 8783;      10 
28; 8983;      10 
28; 9183;      12 
28; 9383;      12 
28; 9583;      11 
28; 9782;      12 
28; 9982;      12 
29; 0182;      10 
29; 0382;      15 
29; 0582;      11 
29; 0782;       6 
29; 0982;       5 
29; 1181;       7 
29; 1381;       6 
29; 1581;      15 
29; 1781;       6 
29; 1981;       8 
29; 2181;      16 
29; 2381;      12 
29; 2580;       8 
29; 2780;       7 
29; 2980;      16 
29; 3180;      10 
29; 3380;       6 
29; 3580;      12 
29; 3779;      10 
29; 3979;      18 
29; 4179;       9 
29; 4379;      14 
29; 4579;      10 
29; 4779;      10 
29; 4979;       9 
29; 5178;       9 
29; 5378;       9 
29; 5578;       7 
29; 5778;       9 
29; 5978;       7 
29; 6178;       8 
29; 6378;       8 
29; 6577;       8 
29; 6777;      13 
29; 6977;      13 
29; 7177;       8 
29; 7377;      11 
29; 7577;       8 
29; 7776;       9 
29; 7976;      11 
29; 8176;      10 
29; 8376;       8 
29; 8576;       6 
29; 8776;       9 
29; 8976;      15 
29; 9175;       5 
29; 9375;      10 
29; 9575;       7 
29; 9775;       6 
29; 9975;       8 
30; 0175;       3 
30; 0375;      10 
30; 0574;      10 
30; 0774;       7 
30; 0974;      11 
30; 1174;       4 
30; 1374;      14 
30; 1574;       4 
30; 1773;       5 
30; 1973;       8 
30; 2173;       8 
30; 2373;       3 
30; 2573;      12 
30; 2773;       9 
30; 2973;       9 
30; 3172;       6 
30; 3372;       6 
30; 3572;       9 
30; 3772;      10 
30; 3972;       5 
30; 4172;       5 
30; 4372;      13 
30; 4571;       8 
30; 4771;       9 
30; 4971;       5 
30; 5171;       6 
30; 5371;       6 
30; 5571;      11 
30; 5770;       4 
30; 5970;      16 
30; 6170;      11 
30; 6370;       6 
30; 6570;       8 
30; 6770;       3 
30; 6970;       7 
30; 7169;       7 
30; 7369;       7 
30; 7569;       4 
30; 7769;      12 
30; 7969;       7 
30; 8169;       5 
30; 8369;       8 
30; 8568;       5 
30; 8768;       5 
30; 8968;       8 
30; 9168;       5 
30; 9368;       5 
30; 9568;       7 
30; 9767;       3 
30; 9967;       7 
31; 0167;       7 
31; 0367;       9 
31; 0567;      10 
31; 0767;      11 
31; 0967;       6 
31; 1166;       4 
31; 1366;       9 
31; 1566;       6 
31; 1766;      13 
31; 1966;      10 
31; 2166;      11 
31; 2366;       5 
31; 2565;       6 
31; 2765;       3 
31; 2965;       7 
31; 3165;       5 
31; 3365;      12 
31; 3565;       3 
31; 3764;       4 
31; 3964;      10 
31; 4164;       6 
31; 4364;       4 
31; 4564;       3 
31; 4764;       4 
31; 4964;       5 
31; 5163;       2 
31; 5363;       8 
31; 5563;       3 
31; 5763;       6 
31; 5963;       6 
31; 6163;       4 
31; 6363;       2 
31; 6562;       4 
31; 6762;       7 
31; 6962;       7 
31; 7162;       0 
31; 7362;       9 
31; 7562;       3 
31; 7761;       7 
31; 7961;       4 
31; 8161;       2 
31; 8361;       9 
31; 8561;       7 
31; 8761;       5 
31; 8961;       6 
31; 9160;       5 
31; 9360;       3 
31; 9560;       5 
31; 9760;       4 
31; 9960;       9 
32; 0160;       0 
32; 0360;       4 
32; 0559;       4 
32; 0759;      10 
32; 0959;       7 
32; 1159;       8 
32; 1359;       5 
32; 1559;       3 
32; 1758;       7 
32; 1958;       5 
32; 2158;       5 
32; 2358;       7 
32; 2558;       6 
32; 2758;       5 
32; 2958;       7 
32; 3157;       2 
32; 3357;       4 
32; 3557;       5 
32; 3757;       5 
32; 3957;       4 
32; 4157;       6 
32; 4357;       6 
32; 4556;       5 
32; 4756;       4 
32; 4956;       5 
32; 5156;       5 
32; 5356;       6 
32; 5556;       5 
32; 5755;       8 
32; 5955;       2 
32; 6155;       2 
32; 6355;       5 
32; 6555;       3 
32; 6755;       3 
32; 6955;       4 
32; 7154;       2 
32; 7354;       7 
32; 7554;       2 
32; 7754;       3 
32; 7954;       6 
32; 8154;       3 
32; 8354;       4 
32; 8553;       5 
32; 8753;       5 
32; 8953;       2 
32; 9153;       3 
32; 9353;       3 
32; 9553;       0 
32; 9752;       2 
32; 9952;       4 
33; 0152;       4 
33; 0352;       2 
33; 0552;       4 
33; 0752;       1 
33; 0952;       5 
33; 1151;       1 
33; 1351;       1 
33; 1551;       3 
33; 1751;       2 
33; 1951;       2 
33; 2151;       4 
33; 2351;       2 
33; 2550;       4 
33; 2750;       4 
33; 2950;       3 
33; 3150;       7 
33; 3350;       3 
33; 3550;       4 
33; 3749;       3 
33; 3949;       2 
33; 4149;       2 
33; 4349;       5 
33; 4549;       2 
33; 4749;       8 
33; 4949;       2 
33; 5148;       2 
33; 5348;       4 
33; 5548;       2 
33; 5748;       3 
33; 5948;       0 
33; 6148;       2 
33; 6348;       2 
33; 6547;       2 
33; 6747;       5 
33; 6947;       3 
33; 7147;       1 
33; 7347;       0 
33; 7547;       3 
33; 7746;       3 
33; 7946;       5 
33; 8146;       3 
33; 8346;       2 
33; 8546;       4 
33; 8746;       2 
33; 8946;       6 
33; 9145;       2 
33; 9345;       7 
33; 9545;       2 
33; 9745;       7 
33; 9945;       4 
34; 0145;       5 
34; 0345;       4 
34; 0544;       6 
34; 0744;       5 
34; 0944;       2 
34; 1144;       1 
34; 1344;       3 
34; 1544;       2 
34; 1743;       2 
34; 1943;       2 
34; 2143;       2 
34; 2343;       3 
34; 2543;       2 
34; 2743;       3 
34; 2943;       3 
34; 3142;       0 
34; 3342;       2 
34; 3542;       3 
34; 3742;       0 
34; 3942;       3 
34; 4142;       2 
34; 4342;       2 
34; 4541;       1 
34; 4741;       4 
34; 4941;       1 
34; 5141;       3 
34; 5341;       6 
34; 5541;       1 
34; 5740;       1 
34; 5940;       4 
34; 6140;       3 
34; 6340;       0 
34; 6540;       1 
34; 6740;       3 
34; 6940;       2 
34; 7139;       0 
34; 7339;       3 
34; 7539;       2 
34; 7739;       2 
34; 7939;       2 
34; 8139;       1 
34; 8339;       0 
34; 8538;       4 
34; 8738;       1 
34; 8938;       0 
34; 9138;       1 
34; 9338;       0 
34; 9538;       5 
34; 9737;       0 
34; 9937;       0 
35; 0137;       0 
35; 0337;       3 
35; 0537;       0 
35; 0737;       2 
35; 0937;       1 
35; 1136;       2 
35; 1336;       1 
35; 1536;       5 
35; 1736;       1 
35; 1936;       1 
35; 2136;       1 
35; 2336;       1 
35; 2535;       2 
35; 2735;       3 
35; 2935;       0 
35; 3135;       1 
35; 3335;       6 
35; 3535;       1 
35; 3734;       0 
35; 3934;       2 
35; 4134;       0 
35; 4334;       4 
35; 4534;       2 
35; 4734;       1 
35; 4934;       2 
35; 5133;       2 
35; 5333;       2 
35; 5533;       3 
35; 5733;       0 
35; 5933;       1 
35; 6133;       0 
35; 6333;       3 
35; 6532;       2 
35; 6732;       1 
35; 6932;       1 
35; 7132;       4 
35; 7332;       0 
35; 7532;       1 
35; 7731;       3 
35; 7931;       1 
35; 8131;       0 
35; 8331;       3 
35; 8531;       1 
35; 8731;       0 
35; 8931;       1 
35; 9130;       1 
35; 9330;       2 
35; 9530;       3 
35; 9730;       4 
35; 9930;       0 
36; 0130;       2 
36; 0330;       2 
36; 0529;       1 
36; 0729;       1 
36; 0929;       2 
36; 1129;       1 
36; 1329;       2 
36; 1529;       1 
36; 1728;       3 
36; 1928;       3 
36; 2128;       3 
36; 2328;       0 
36; 2528;       2 
36; 2728;       1 
36; 2928;       0 
36; 3127;       1 
36; 3327;       1 
36; 3527;       0 
36; 3727;       0 
36; 3927;       0 
36; 4127;       1 
36; 4327;       0 
36; 4526;       2 
36; 4726;       2 
36; 4926;       2 
36; 5126;       1 
36; 5326;       0 
36; 5526;       0 
36; 5725;       2 
36; 5925;       2 
36; 6125;       1 
36; 6325;       0 
36; 6525;       0 
36; 6725;       1 
36; 6925;       0 
36; 7124;       0 
36; 7324;       0 
36; 7524;       0 
36; 7724;       1 
36; 7924;       0 
36; 8124;       0 
36; 8324;       0 
36; 8523;       4 
36; 8723;       1 
36; 8923;       1 
36; 9123;       0 
36; 9323;       1 
36; 9523;       1 
36; 9722;       0 
36; 9922;       1 
37; 0122;       1 
37; 0322;       1 
37; 0522;       3 
37; 0722;       1 
37; 0922;       1 
37; 1121;       3 
37; 1321;       1 
37; 1521;       2 
37; 1721;       1 
37; 1921;       1 
37; 2121;       0 
37; 2321;       0 
37; 2520;       1 
37; 2720;       0 
37; 2920;       0 
37; 3120;       0 
37; 3320;       1 
37; 3520;       1 
37; 3719;       1 
37; 3919;       0 
37; 4119;       1 
37; 4319;       0 
37; 4519;       1 
37; 4719;       0 
37; 4919;       0 
37; 5118;       0 
37; 5318;       0 
37; 5518;       0 
37; 5718;       2 
37; 5918;       1 
37; 6118;       1 
37; 6318;       0 
37; 6517;       1 
37; 6717;       0 
37; 6917;       0 
37; 7117;       2 
37; 7317;       3 
37; 7517;       0 
37; 7716;       0 
37; 7916;       0 
37; 8116;       0 
37; 8316;       1 
37; 8516;       1 
37; 8716;       0 
37; 8916;       0 
37; 9115;       1 
37; 9315;       0 
37; 9515;       1 
37; 9715;       0 
37; 9915;       0 
38; 0115;       0 
38; 0315;       0 
38; 0514;       1 
38; 0714;       0 
38; 0914;       0 
38; 1114;       0 
38; 1314;       0 
38; 1514;       0 
38; 1713;       1 
38; 1913;       1 
38; 2113;       0 
38; 2313;       1 
38; 2513;       1 
38; 2713;       0 
38; 2913;       0 
38; 3112;       0 
38; 3312;       0 
38; 3512;       0 
38; 3712;       0 
38; 3912;       0 
38; 4112;       0 
38; 4312;       0 
38; 4511;       0 
38; 4711;       0 
38; 4911;       0 
38; 5111;       1 
38; 5311;       0 
38; 5511;       0 
38; 5710;       0 
38; 5910;       0 
38; 6110;       0 
38; 6310;       0 
38; 6510;       0 
38; 6710;       0 
38; 6910;       0 
38; 7109;       0 
38; 7309;       0 
38; 7509;       0 
38; 7709;       0 
38; 7909;       1 
38; 8109;       0 
38; 8309;       0 
38; 8508;       0 
38; 8708;       0 
38; 8908;       0 
38; 9108;       0 
38; 9308;       0 
38; 9508;       0 
38; 9707;       0 
38; 9907;       1 
39; 0107;       1 
39; 0307;       0 
39; 0507;       2 
39; 0707;       0 
39; 0907;       0 
39; 1106;       0 
39; 1306;       0 
39; 1506;       0 
39; 1706;       0 
39; 1906;       0 
39; 2106;       0 
39; 2306;       0 
39; 2505;       0 
39; 2705;       0 
39; 2905;       1 
39; 3105;       0 
39; 3305;       0 
39; 3505;       2 
39; 3704;       0 
39; 3904;       0 
39; 4104;       0 
39; 4304;       0 
39; 4504;       0 
39; 4704;       0 
39; 4904;       0 
39; 5103;       0 
39; 5303;       0 
39; 5503;       0 
39; 5703;       0 
39; 5903;       1 
39; 6103;       0 
39; 6303;       0 
39; 6502;       0 
39; 6702;       0 
39; 6902;       0 
39; 7102;       0 
39; 7302;       0 
39; 7502;       1 
39; 7701;       0 
39; 7901;       0 
39; 8101;       1 
39; 8301;       0 
39; 8501;       1 
39; 8701;       0 
39; 8901;       0 
39; 9100;       0 
39; 9300;       0 
39; 9500;       0 
39; 9700;       0 
39; 9900;       2 
40; 0100;       1 
40; 0300;       0 
40; 0499;       0 
40; 0699;       0 
40; 0899;       0 
40; 1099;       0 
40; 1299;       1 
40; 1499;       0 
40; 1698;       1 
40; 1898;       0 
40; 2098;       1 
40; 2298;       0 
40; 2498;       0 
40; 2698;       0 
40; 2898;       0 
40; 3097;       1 
40; 3297;       0 
40; 3497;       0 
40; 3697;       0 
40; 3897;       0 
40; 4097;       0 
40; 4297;       0 
40; 4496;       2 
40; 4696;       0 
40; 4896;       0 
40; 5096;       0 
40; 5296;       0 
40; 5496;       0 
40; 5695;       0 
40; 5895;       0 
40; 6095;       0 
40; 6295;       0 
40; 6495;       0 
40; 6695;       0 
40; 6895;       0 
40; 7094;       0 
40; 7294;       0 
40; 7494;       0 
40; 7694;       0 
40; 7894;       0 
40; 8094;       0 
40; 8293;       0 
40; 8493;       1 
40; 8693;       0 
40; 8893;       0 
40; 9093;       0 
