0; 0000;     232 
0; 0200;     210 
0; 0399;     167 
0; 0599;      89 
0; 0799;      42 
0; 0999;      28 
0; 1198;      10 
0; 1398;       0 
0; 1598;       7 
0; 1797;       2 
0; 1997;       1 
0; 2197;       0 
0; 2396;       1 
0; 2596;       0 
0; 2796;       0 
0; 2996;       1 
0; 3195;       1 
0; 3395;       0 
0; 3595;       2 
0; 3794;       0 
0; 3994;       0 
0; 4194;       0 
0; 4394;       0 
0; 4593;       0 
0; 4793;       3 
0; 4993;       0 
0; 5192;       2 
0; 5392;       2 
0; 5592;       7 
0; 5792;      25 
0; 5991;      67 
0; 6191;     107 
0; 6391;     187 
0; 6590;     203 
0; 6790;     207 
0; 6990;     218 
0; 7189;     204 
0; 7389;     226 
0; 7589;     200 
0; 7789;     204 
0; 7988;     183 
0; 8188;     190 
0; 8388;     184 
0; 8587;     200 
0; 8787;     195 
0; 8987;     199 
0; 9187;     218 
0; 9386;     170 
0; 9586;     181 
0; 9786;     165 
0; 9985;     195 
1; 0185;     182 
1; 0385;     165 
1; 0584;     182 
1; 0784;     157 
1; 0984;     174 
1; 1184;     175 
1; 1383;     163 
1; 1583;     155 
1; 1783;     143 
1; 1982;     160 
1; 2182;     169 
1; 2382;     148 
1; 2582;     175 
1; 2781;     133 
1; 2981;     170 
1; 3181;     177 
1; 3380;     131 
1; 3580;     142 
1; 3780;     141 
1; 3980;     154 
1; 4179;     145 
1; 4379;     150 
1; 4579;     165 
1; 4778;     175 
1; 4978;     179 
1; 5178;     131 
1; 5377;     136 
1; 5577;     140 
1; 5777;     123 
1; 5977;     137 
1; 6176;     141 
1; 6376;     146 
1; 6576;     143 
1; 6775;     141 
1; 6975;     149 
1; 7175;     144 
1; 7375;     152 
1; 7574;     156 
1; 7774;     158 
1; 7974;     159 
1; 8173;     144 
1; 8373;     166 
1; 8573;     147 
1; 8772;     132 
1; 8972;     127 
1; 9172;     132 
1; 9372;     166 
1; 9571;     136 
1; 9771;     159 
1; 9971;     140 
2; 0170;     150 
2; 0370;     166 
2; 0570;     165 
2; 0770;     162 
2; 0969;     162 
2; 1169;     164 
2; 1369;     158 
2; 1568;     152 
2; 1768;     176 
2; 1968;     169 
2; 2167;     176 
2; 2367;     192 
2; 2567;     206 
2; 2767;     214 
2; 2966;     236 
2; 3166;     215 
2; 3366;     216 
2; 3565;     246 
2; 3765;     226 
2; 3965;     205 
2; 4165;     233 
2; 4364;     233 
2; 4564;     208 
2; 4764;     216 
2; 4963;     269 
2; 5163;     281 
2; 5363;     320 
2; 5563;     382 
2; 5762;     453 
2; 5962;     567 
2; 6162;     641 
2; 6361;     753 
2; 6561;     856 
2; 6761;     804 
2; 6960;     928 
2; 7160;     829 
2; 7360;     817 
2; 7560;     761 
2; 7759;     795 
2; 7959;     760 
2; 8159;     779 
2; 8358;     770 
2; 8558;     777 
2; 8758;     744 
2; 8958;     780 
2; 9157;     742 
2; 9357;     736 
2; 9557;     720 
2; 9756;     653 
2; 9956;     600 
3; 0156;     508 
3; 0355;     461 
3; 0555;     373 
3; 0755;     324 
3; 0955;     318 
3; 1154;     296 
3; 1354;     300 
3; 1554;     231 
3; 1753;     271 
3; 1953;     278 
3; 2153;     249 
3; 2353;     253 
3; 2552;     279 
3; 2752;     236 
3; 2952;     290 
3; 3151;     257 
3; 3351;     265 
3; 3551;     288 
3; 3751;     289 
3; 3950;     284 
3; 4150;     317 
3; 4350;     322 
3; 4549;     276 
3; 4749;     333 
3; 4949;     268 
3; 5148;     258 
3; 5348;     255 
3; 5548;     275 
3; 5748;     285 
3; 5947;     367 
3; 6147;     325 
3; 6347;     351 
3; 6546;     406 
3; 6746;     421 
3; 6946;     420 
3; 7146;     428 
3; 7345;     356 
3; 7545;     334 
3; 7745;     317 
3; 7944;     299 
3; 8144;     311 
3; 8344;     276 
3; 8543;     273 
3; 8743;     277 
3; 8943;     278 
3; 9143;     282 
3; 9342;     271 
3; 9542;     268 
3; 9742;     272 
3; 9941;     248 
4; 0141;     268 
4; 0341;     268 
4; 0541;     270 
4; 0740;     217 
4; 0940;     290 
4; 1140;     246 
4; 1339;     237 
4; 1539;     261 
4; 1739;     235 
4; 1939;     249 
4; 2138;     258 
4; 2338;     231 
4; 2538;     259 
4; 2737;     244 
4; 2937;     291 
4; 3137;     251 
4; 3336;     281 
4; 3536;     281 
4; 3736;     243 
4; 3936;     262 
4; 4135;     295 
4; 4335;     300 
4; 4535;     313 
4; 4734;     352 
4; 4934;     362 
4; 5134;     351 
4; 5334;     351 
4; 5533;     347 
4; 5733;     342 
4; 5933;     358 
4; 6132;     311 
4; 6332;     282 
4; 6532;     286 
4; 6731;     291 
4; 6931;     287 
4; 7131;     310 
4; 7331;     301 
4; 7530;     281 
4; 7730;     288 
4; 7930;     278 
4; 8129;     299 
4; 8329;     313 
4; 8529;     305 
4; 8729;     284 
4; 8928;     295 
4; 9128;     300 
4; 9328;     333 
4; 9527;     318 
4; 9727;     322 
4; 9927;     324 
5; 0127;     308 
5; 0326;     314 
5; 0526;     327 
5; 0726;     353 
5; 0925;     331 
5; 1125;     355 
5; 1325;     316 
5; 1524;     318 
5; 1724;     346 
5; 1924;     392 
5; 2124;     322 
5; 2323;     359 
5; 2523;     382 
5; 2723;     404 
5; 2922;     389 
5; 3122;     401 
5; 3322;     355 
5; 3522;     383 
5; 3721;     403 
5; 3921;     411 
5; 4121;     394 
5; 4320;     448 
5; 4520;     434 
5; 4720;     457 
5; 4919;     412 
5; 5119;     402 
5; 5319;     424 
5; 5519;     419 
5; 5718;     448 
5; 5918;     436 
5; 6118;     452 
5; 6317;     449 
5; 6517;     428 
5; 6717;     442 
5; 6917;     435 
5; 7116;     461 
5; 7316;     432 
5; 7516;     469 
5; 7715;     421 
5; 7915;     459 
5; 8115;     435 
5; 8315;     437 
5; 8514;     468 
5; 8714;     424 
5; 8914;     497 
5; 9113;     433 
5; 9313;     471 
5; 9513;     482 
5; 9712;     467 
5; 9912;     463 
6; 0112;     443 
6; 0312;     457 
6; 0511;     518 
6; 0711;     516 
6; 0911;     517 
6; 1110;     523 
6; 1310;     602 
6; 1510;     608 
6; 1710;     681 
6; 1909;     743 
6; 2109;     866 
6; 2309;     916 
6; 2508;    1045 
6; 2708;    1166 
6; 2908;    1296 
6; 3107;    1277 
6; 3307;    1491 
6; 3507;    1467 
6; 3707;    1491 
6; 3906;    1464 
6; 4106;    1408 
6; 4306;    1319 
6; 4505;    1235 
6; 4705;    1102 
6; 4905;    1002 
6; 5105;     926 
6; 5304;     823 
6; 5504;     755 
6; 5704;     793 
6; 5903;     659 
6; 6103;     687 
6; 6303;     700 
6; 6502;     630 
6; 6702;     681 
6; 6902;     638 
6; 7102;     685 
6; 7301;     707 
6; 7501;     692 
6; 7701;     736 
6; 7900;     693 
6; 8100;     734 
6; 8300;     690 
6; 8500;     705 
6; 8699;     708 
6; 8899;     730 
6; 9099;     749 
6; 9298;     762 
6; 9498;     729 
6; 9698;     793 
6; 9898;     828 
7; 0097;     787 
7; 0297;     819 
7; 0497;     814 
7; 0696;     796 
7; 0896;     802 
7; 1096;     835 
7; 1295;     798 
7; 1495;     791 
7; 1695;     805 
7; 1895;     839 
7; 2094;     861 
7; 2294;     822 
7; 2494;     844 
7; 2693;     812 
7; 2893;     889 
7; 3093;     909 
7; 3293;     927 
7; 3492;     982 
7; 3692;    1028 
7; 3892;    1107 
7; 4091;    1145 
7; 4291;    1197 
7; 4491;    1200 
7; 4690;    1245 
7; 4890;    1291 
7; 5090;    1263 
7; 5290;    1315 
7; 5489;    1287 
7; 5689;    1247 
7; 5889;    1293 
7; 6088;    1278 
7; 6288;    1270 
7; 6488;    1374 
7; 6688;    1394 
7; 6887;    1533 
7; 7087;    1607 
7; 7287;    1833 
7; 7486;    2107 
7; 7686;    2663 
7; 7886;    3579 
7; 8086;    5198 
7; 8285;    8644 
7; 8485;   13962 
7; 8685;   22414 
7; 8884;   35646 
7; 9084;   53794 
7; 9284;   77451 
7; 9483;  105899 
7; 9683;  136223 
7; 9883;  166010 
8; 0083;  190625 
8; 0282;  207760 
8; 0482;  212481 
8; 0682;  203776 
8; 0881;  185936 
8; 1081;  159625 
8; 1281;  129026 
8; 1481;   98484 
8; 1680;   71382 
8; 1880;   48703 
8; 2080;   31693 
8; 2279;   19808 
8; 2479;   11909 
8; 2679;    7042 
8; 2878;    4313 
8; 3078;    2847 
8; 3278;    1980 
8; 3478;    1628 
8; 3677;    1326 
8; 3877;    1190 
8; 4077;    1124 
8; 4276;    1127 
8; 4476;     989 
8; 4676;     993 
8; 4876;    1069 
8; 5075;    1102 
8; 5275;    1052 
8; 5475;    1079 
8; 5674;    1215 
8; 5874;    1219 
8; 6074;    1311 
8; 6274;    1510 
8; 6473;    1671 
8; 6673;    2070 
8; 6873;    2417 
8; 7072;    3288 
8; 7272;    4454 
8; 7472;    6333 
8; 7671;    8924 
8; 7871;   12072 
8; 8071;   16062 
8; 8271;   20281 
8; 8470;   24556 
8; 8670;   28214 
8; 8870;   30808 
8; 9069;   31564 
8; 9269;   31258 
8; 9469;   28905 
8; 9669;   25349 
8; 9868;   21249 
9; 0068;   16690 
9; 0268;   12466 
9; 0467;    8894 
9; 0667;    6108 
9; 0867;    3959 
9; 1066;    2455 
9; 1266;    1630 
9; 1466;     994 
9; 1666;     709 
9; 1865;     485 
9; 2065;     354 
9; 2265;     289 
9; 2464;     254 
9; 2664;     291 
9; 2864;     260 
9; 3064;     232 
9; 3263;     204 
9; 3463;     222 
9; 3663;     212 
9; 3862;     185 
9; 4062;     215 
9; 4262;     206 
9; 4462;     207 
9; 4661;     203 
9; 4861;     217 
9; 5061;     213 
9; 5260;     212 
9; 5460;     181 
9; 5660;     208 
9; 5859;     230 
9; 6059;     184 
9; 6259;     197 
9; 6459;     190 
9; 6658;     204 
9; 6858;     188 
9; 7058;     202 
9; 7257;     200 
9; 7457;     179 
9; 7657;     183 
9; 7857;     187 
9; 8056;     163 
9; 8256;     178 
9; 8456;     197 
9; 8655;     200 
9; 8855;     216 
9; 9055;     156 
9; 9254;     146 
9; 9454;     206 
9; 9654;     163 
9; 9854;     175 
10; 0053;     167 
10; 0253;     161 
10; 0453;     173 
10; 0652;     178 
10; 0852;     149 
10; 1052;     180 
10; 1252;     171 
10; 1451;     154 
10; 1651;     131 
10; 1851;     134 
10; 2050;     142 
10; 2250;     137 
10; 2450;     137 
10; 2649;     151 
10; 2849;     153 
10; 3049;     156 
10; 3249;     165 
10; 3448;     154 
10; 3648;     173 
10; 3848;     173 
10; 4047;     165 
10; 4247;     184 
10; 4447;     216 
10; 4647;     192 
10; 4846;     197 
10; 5046;     242 
10; 5246;     239 
10; 5445;     212 
10; 5645;     249 
10; 5845;     209 
10; 6045;     209 
10; 6244;     186 
10; 6444;     162 
10; 6644;     202 
10; 6843;     196 
10; 7043;     189 
10; 7243;     158 
10; 7442;     185 
10; 7642;     152 
10; 7842;     169 
10; 8042;     163 
10; 8241;     159 
10; 8441;     139 
10; 8641;     162 
10; 8840;     159 
10; 9040;     142 
10; 9240;     147 
10; 9440;     143 
10; 9639;     128 
10; 9839;     150 
11; 0039;     173 
11; 0238;     163 
11; 0438;     140 
11; 0638;     156 
11; 0837;     139 
11; 1037;     142 
11; 1237;     129 
11; 1437;     152 
11; 1636;     127 
11; 1836;     142 
11; 2036;     149 
11; 2235;     126 
11; 2435;     123 
11; 2635;     122 
11; 2835;     134 
11; 3034;     108 
11; 3234;     115 
11; 3434;     125 
11; 3633;     118 
11; 3833;     124 
11; 4033;     113 
11; 4233;     123 
11; 4432;     137 
11; 4632;     122 
11; 4832;     136 
11; 5031;     135 
11; 5231;     116 
11; 5431;     144 
11; 5630;     112 
11; 5830;     149 
11; 6030;     130 
11; 6230;     135 
11; 6429;     134 
11; 6629;     135 
11; 6829;     135 
11; 7028;     126 
11; 7228;     160 
11; 7428;     136 
11; 7628;     128 
11; 7827;     132 
11; 8027;     121 
11; 8227;     161 
11; 8426;     138 
11; 8626;     121 
11; 8826;     144 
11; 9025;     127 
11; 9225;     150 
11; 9425;     118 
11; 9625;     139 
11; 9824;     137 
12; 0024;     102 
12; 0224;     116 
12; 0423;     136 
12; 0623;     111 
12; 0823;     100 
12; 1023;     129 
12; 1222;     108 
12; 1422;     108 
12; 1622;     110 
12; 1821;     135 
12; 2021;     111 
12; 2221;     124 
12; 2421;     131 
12; 2620;     136 
12; 2820;     127 
12; 3020;     126 
12; 3219;     129 
12; 3419;     116 
12; 3619;     115 
12; 3818;     111 
12; 4018;     134 
12; 4218;     132 
12; 4418;     108 
12; 4617;     119 
12; 4817;     126 
12; 5017;     123 
12; 5216;     136 
12; 5416;     127 
12; 5616;     133 
12; 5816;     130 
12; 6015;     137 
12; 6215;     123 
12; 6415;     130 
12; 6614;     117 
12; 6814;     141 
12; 7014;     134 
12; 7213;     135 
12; 7413;     120 
12; 7613;     110 
12; 7813;     130 
12; 8012;     114 
12; 8212;     104 
12; 8412;     111 
12; 8611;     105 
12; 8811;     107 
12; 9011;     104 
12; 9211;      94 
12; 9410;     104 
12; 9610;     104 
12; 9810;      91 
13; 0009;      96 
13; 0209;     107 
13; 0409;      96 
13; 0609;     111 
13; 0808;     102 
13; 1008;     100 
13; 1208;      89 
13; 1407;     104 
13; 1607;      96 
13; 1807;      94 
13; 2006;      84 
13; 2206;      96 
13; 2406;     117 
13; 2606;     104 
13; 2805;      85 
13; 3005;      73 
13; 3205;     104 
13; 3404;     123 
13; 3604;      78 
13; 3804;      95 
13; 4004;     105 
13; 4203;     103 
13; 4403;      82 
13; 4603;     111 
13; 4802;      97 
13; 5002;     100 
13; 5202;      76 
13; 5401;     100 
13; 5601;      95 
13; 5801;     104 
13; 6001;      94 
13; 6200;      83 
13; 6400;      85 
13; 6600;     100 
13; 6799;     104 
13; 6999;     123 
13; 7199;      91 
13; 7399;      98 
13; 7598;      92 
13; 7798;     102 
13; 7998;      87 
13; 8197;      95 
13; 8397;      85 
13; 8597;     112 
13; 8797;     108 
13; 8996;     111 
13; 9196;     111 
13; 9396;      96 
13; 9595;     102 
13; 9795;      92 
13; 9995;      93 
14; 0194;      82 
14; 0394;     107 
14; 0594;      85 
14; 0794;     107 
14; 0993;      81 
14; 1193;      99 
14; 1393;     114 
14; 1592;     100 
14; 1792;      93 
14; 1992;     101 
14; 2192;      93 
14; 2391;      95 
14; 2591;     106 
14; 2791;     106 
14; 2990;     103 
14; 3190;     131 
14; 3390;     111 
14; 3589;     134 
14; 3789;     130 
14; 3989;     143 
14; 4189;     140 
14; 4388;     111 
14; 4588;     145 
14; 4788;     119 
14; 4987;     127 
14; 5187;     133 
14; 5387;     125 
14; 5587;     120 
14; 5786;     126 
14; 5986;     121 
14; 6186;     116 
14; 6385;      96 
14; 6585;      98 
14; 6785;     114 
14; 6984;     106 
14; 7184;     107 
14; 7384;      93 
14; 7584;     124 
14; 7783;      99 
14; 7983;     112 
14; 8183;     104 
14; 8382;      87 
14; 8582;      99 
14; 8782;     107 
14; 8982;      99 
14; 9181;     112 
14; 9381;     104 
14; 9581;      89 
14; 9780;     103 
14; 9980;     102 
15; 0180;     104 
15; 0380;     105 
15; 0579;      74 
15; 0779;      88 
15; 0979;      98 
15; 1178;      89 
15; 1378;     103 
15; 1578;     122 
15; 1777;     108 
15; 1977;     113 
15; 2177;     110 
15; 2377;     104 
15; 2576;     106 
15; 2776;     112 
15; 2976;      93 
15; 3175;     114 
15; 3375;     118 
15; 3575;     108 
15; 3775;     107 
15; 3974;      89 
15; 4174;      96 
15; 4374;     116 
15; 4573;     123 
15; 4773;     117 
15; 4973;     131 
15; 5172;     119 
15; 5372;     114 
15; 5572;     121 
15; 5772;     126 
15; 5971;     109 
15; 6171;     106 
15; 6371;      95 
15; 6570;     129 
15; 6770;     125 
15; 6970;     127 
15; 7170;     149 
15; 7369;     114 
15; 7569;     140 
15; 7769;     136 
15; 7968;     173 
15; 8168;     128 
15; 8368;     207 
15; 8568;     286 
15; 8767;     341 
15; 8967;     471 
15; 9167;     648 
15; 9366;     903 
15; 9566;    1122 
15; 9766;    1434 
15; 9965;    1853 
16; 0165;    2225 
16; 0365;    2644 
16; 0565;    2996 
16; 0764;    3260 
16; 0964;    3419 
16; 1164;    3566 
16; 1363;    3562 
16; 1563;    3275 
16; 1763;    2883 
16; 1963;    2619 
16; 2162;    2220 
16; 2362;    1819 
16; 2562;    1432 
16; 2761;    1141 
16; 2961;     800 
16; 3161;     681 
16; 3360;     448 
16; 3560;     312 
16; 3760;     229 
16; 3960;     188 
16; 4159;     139 
16; 4359;     143 
16; 4559;     110 
16; 4758;     113 
16; 4958;      88 
16; 5158;      98 
16; 5358;     119 
16; 5557;      99 
16; 5757;     102 
16; 5957;      85 
16; 6156;      96 
16; 6356;     118 
16; 6556;     114 
16; 6756;     138 
16; 6955;     143 
16; 7155;     150 
16; 7355;     159 
16; 7554;     184 
16; 7754;     260 
16; 7954;     339 
16; 8153;     385 
16; 8353;     491 
16; 8553;     562 
16; 8753;     660 
16; 8952;     802 
16; 9152;     924 
16; 9352;     972 
16; 9551;    1076 
16; 9751;    1134 
16; 9951;    1094 
17; 0151;    1013 
17; 0350;     921 
17; 0550;     853 
17; 0750;     718 
17; 0949;     600 
17; 1149;     537 
17; 1349;     382 
17; 1548;     315 
17; 1748;     260 
17; 1948;     167 
17; 2148;     150 
17; 2347;     119 
17; 2547;      95 
17; 2747;      93 
17; 2946;      88 
17; 3146;      75 
17; 3346;      69 
17; 3546;      68 
17; 3745;      55 
17; 3945;      58 
17; 4145;      50 
17; 4344;      72 
17; 4544;      62 
17; 4744;      61 
17; 4944;      65 
17; 5143;      64 
17; 5343;      58 
17; 5543;      64 
17; 5742;      50 
17; 5942;      56 
17; 6142;      57 
17; 6341;      68 
17; 6541;      60 
17; 6741;      88 
17; 6941;      77 
17; 7140;     102 
17; 7340;      97 
17; 7540;     107 
17; 7739;     130 
17; 7939;     117 
17; 8139;     118 
17; 8339;     133 
17; 8538;     137 
17; 8738;     111 
17; 8938;     117 
17; 9137;     122 
17; 9337;     113 
17; 9537;     106 
17; 9736;      96 
17; 9936;      94 
18; 0136;      71 
18; 0336;      76 
18; 0535;      63 
18; 0735;      54 
18; 0935;      75 
18; 1134;      54 
18; 1334;      72 
18; 1534;      55 
18; 1734;      66 
18; 1933;      44 
18; 2133;      68 
18; 2333;      65 
18; 2532;      64 
18; 2732;      59 
18; 2932;      68 
18; 3131;      54 
18; 3331;      55 
18; 3531;      50 
18; 3731;      55 
18; 3930;      71 
18; 4130;      60 
18; 4330;      70 
18; 4529;      70 
18; 4729;      59 
18; 4929;      62 
18; 5129;      73 
18; 5328;      64 
18; 5528;      64 
18; 5728;      76 
18; 5927;      77 
18; 6127;      80 
18; 6327;      81 
18; 6527;      78 
18; 6726;      81 
18; 6926;      75 
18; 7126;      91 
18; 7325;      81 
18; 7525;      86 
18; 7725;      90 
18; 7924;     105 
18; 8124;     108 
18; 8324;     105 
18; 8524;     101 
18; 8723;     124 
18; 8923;     109 
18; 9123;     112 
18; 9322;     116 
18; 9522;     117 
18; 9722;     140 
18; 9922;     119 
19; 0121;     138 
19; 0321;      96 
19; 0521;     145 
19; 0720;     119 
19; 0920;     130 
19; 1120;     116 
19; 1319;     120 
19; 1519;     111 
19; 1719;     135 
19; 1919;     111 
19; 2118;     120 
19; 2318;     119 
19; 2518;     123 
19; 2717;     133 
19; 2917;     117 
19; 3117;     115 
19; 3317;      97 
19; 3516;     104 
19; 3716;      98 
19; 3916;      75 
19; 4115;      82 
19; 4315;      80 
19; 4515;      83 
19; 4715;      88 
19; 4914;      60 
19; 5114;      65 
19; 5314;      87 
19; 5513;      70 
19; 5713;      55 
19; 5913;      64 
19; 6112;      43 
19; 6312;      60 
19; 6512;      68 
19; 6712;      51 
19; 6911;      59 
19; 7111;      73 
19; 7311;      42 
19; 7510;      48 
19; 7710;      48 
19; 7910;      38 
19; 8110;      55 
19; 8309;      38 
19; 8509;      52 
19; 8709;      48 
19; 8908;      58 
19; 9108;      58 
19; 9308;      59 
19; 9507;      85 
19; 9707;      69 
19; 9907;      90 
20; 0107;     107 
20; 0306;     114 
20; 0506;     104 
20; 0706;     135 
20; 0905;     139 
20; 1105;     151 
20; 1305;     191 
20; 1505;     170 
20; 1704;     202 
20; 1904;     175 
20; 2104;     160 
20; 2303;     160 
20; 2503;     177 
20; 2703;     160 
20; 2903;     132 
20; 3102;     128 
20; 3302;     126 
20; 3502;     125 
20; 3701;      84 
20; 3901;      74 
20; 4101;      67 
20; 4300;      64 
20; 4500;      61 
20; 4700;      41 
20; 4900;      33 
20; 5099;      47 
20; 5299;      46 
20; 5499;      29 
20; 5698;      31 
20; 5898;      39 
20; 6098;      37 
20; 6298;      39 
20; 6497;      35 
20; 6697;      35 
20; 6897;      38 
20; 7096;      33 
20; 7296;      44 
20; 7496;      44 
20; 7695;      39 
20; 7895;      35 
20; 8095;      41 
20; 8295;      35 
20; 8494;      41 
20; 8694;      49 
20; 8894;      40 
20; 9093;      53 
20; 9293;      50 
20; 9493;      38 
20; 9693;      46 
20; 9892;      61 
21; 0092;      58 
21; 0292;      66 
21; 0491;      50 
21; 0691;      60 
21; 0891;      71 
21; 1091;      58 
21; 1290;      56 
21; 1490;      68 
21; 1690;      55 
21; 1889;      69 
21; 2089;      57 
21; 2289;      67 
21; 2488;      54 
21; 2688;      66 
21; 2888;      50 
21; 3088;      63 
21; 3287;      64 
21; 3487;      52 
21; 3687;      62 
21; 3886;      39 
21; 4086;      50 
21; 4286;      40 
21; 4486;      48 
21; 4685;      50 
21; 4885;      39 
21; 5085;      39 
21; 5284;      36 
21; 5484;      49 
21; 5684;      42 
21; 5883;      36 
21; 6083;      31 
21; 6283;      38 
21; 6483;      33 
21; 6682;      39 
21; 6882;      49 
21; 7082;      31 
21; 7281;      41 
21; 7481;      28 
21; 7681;      42 
21; 7881;      22 
21; 8080;      33 
21; 8280;      38 
21; 8480;      33 
21; 8679;      35 
21; 8879;      42 
21; 9079;      33 
21; 9279;      28 
21; 9478;      32 
21; 9678;      31 
21; 9878;      31 
22; 0077;      28 
22; 0277;      38 
22; 0477;      22 
22; 0676;      27 
22; 0876;      23 
22; 1076;      28 
22; 1276;      32 
22; 1475;      28 
22; 1675;      12 
22; 1875;      36 
22; 2074;      25 
22; 2274;      29 
22; 2474;      28 
22; 2674;      27 
22; 2873;      29 
22; 3073;      36 
22; 3273;      25 
22; 3472;      22 
22; 3672;      31 
22; 3872;      21 
22; 4071;      26 
22; 4271;      30 
22; 4471;      33 
22; 4671;      30 
22; 4870;      26 
22; 5070;      15 
22; 5270;      30 
22; 5469;      28 
22; 5669;      26 
22; 5869;      31 
22; 6069;      45 
22; 6268;      31 
22; 6468;      56 
22; 6668;      56 
22; 6867;      39 
22; 7067;      50 
22; 7267;      47 
22; 7466;      51 
22; 7666;      47 
22; 7866;      49 
22; 8066;      36 
22; 8265;      37 
22; 8465;      44 
22; 8665;      32 
22; 8864;      34 
22; 9064;      40 
22; 9264;      29 
22; 9464;      30 
22; 9663;      33 
22; 9863;      26 
23; 0063;      30 
23; 0262;      28 
23; 0462;      13 
23; 0662;      20 
23; 0862;      34 
23; 1061;      31 
23; 1261;      16 
23; 1461;      17 
23; 1660;      25 
23; 1860;      19 
23; 2060;      29 
23; 2259;      34 
23; 2459;      22 
23; 2659;      31 
23; 2859;      27 
23; 3058;      18 
23; 3258;      21 
23; 3458;      19 
23; 3657;      27 
23; 3857;      26 
23; 4057;      23 
23; 4257;      29 
23; 4456;      17 
23; 4656;      22 
23; 4856;      27 
23; 5055;      24 
23; 5255;      14 
23; 5455;      20 
23; 5654;      24 
23; 5854;      21 
23; 6054;      25 
23; 6254;      23 
23; 6453;      16 
23; 6653;      27 
23; 6853;      26 
23; 7052;      17 
23; 7252;      20 
23; 7452;      19 
23; 7652;      22 
23; 7851;      27 
23; 8051;      26 
23; 8251;      27 
23; 8450;      17 
23; 8650;      30 
23; 8850;      24 
23; 9050;      32 
23; 9249;      15 
23; 9449;      31 
23; 9649;      27 
23; 9848;      30 
24; 0048;      32 
24; 0248;      38 
24; 0447;      40 
24; 0647;      28 
24; 0847;      47 
24; 1047;      54 
24; 1246;      37 
24; 1446;      33 
24; 1646;      41 
24; 1845;      38 
24; 2045;      60 
24; 2245;      35 
24; 2445;      43 
24; 2644;      38 
24; 2844;      37 
24; 3044;      41 
24; 3243;      34 
24; 3443;      25 
24; 3643;      34 
24; 3842;      18 
24; 4042;      19 
24; 4242;      29 
24; 4442;      23 
24; 4641;      20 
24; 4841;      18 
24; 5041;      21 
24; 5240;      25 
24; 5440;      27 
24; 5640;      16 
24; 5840;      23 
24; 6039;      29 
24; 6239;      16 
24; 6439;      19 
24; 6638;      19 
24; 6838;      17 
24; 7038;      15 
24; 7238;      19 
24; 7437;      13 
24; 7637;      21 
24; 7837;      18 
24; 8036;      17 
24; 8236;      23 
24; 8436;      26 
24; 8635;      28 
24; 8835;      17 
24; 9035;      27 
24; 9235;      29 
24; 9434;      38 
24; 9634;      33 
24; 9834;      49 
25; 0033;      45 
25; 0233;      58 
25; 0433;      57 
25; 0633;      63 
25; 0832;      62 
25; 1032;      66 
25; 1232;      44 
25; 1431;      66 
25; 1631;      62 
25; 1831;      56 
25; 2030;      69 
25; 2230;      61 
25; 2430;      50 
25; 2630;      63 
25; 2829;      50 
25; 3029;      54 
25; 3229;      54 
25; 3428;      60 
25; 3628;      50 
25; 3828;      52 
25; 4028;      43 
25; 4227;      39 
25; 4427;      43 
25; 4627;      23 
25; 4826;      23 
25; 5026;      20 
25; 5226;      30 
25; 5426;      29 
25; 5625;      18 
25; 5825;      31 
25; 6025;      21 
25; 6224;      17 
25; 6424;      21 
25; 6624;      14 
25; 6823;      16 
25; 7023;      11 
25; 7223;      14 
25; 7423;      14 
25; 7622;       9 
25; 7822;      13 
25; 8022;      12 
25; 8221;       9 
25; 8421;      17 
25; 8621;      11 
25; 8821;      18 
25; 9020;      10 
25; 9220;      25 
25; 9420;      11 
25; 9619;      20 
25; 9819;       9 
26; 0019;      14 
26; 0218;      12 
26; 0418;      11 
26; 0618;      17 
26; 0818;      12 
26; 1017;      12 
26; 1217;      10 
26; 1417;      14 
26; 1616;      18 
26; 1816;      11 
26; 2016;      17 
26; 2216;      13 
26; 2415;      17 
26; 2615;      16 
26; 2815;      15 
26; 3014;       9 
26; 3214;      13 
26; 3414;      20 
26; 3614;      10 
26; 3813;      20 
26; 4013;      18 
26; 4213;      18 
26; 4412;      14 
26; 4612;      15 
26; 4812;      14 
26; 5011;      12 
26; 5211;      14 
26; 5411;       7 
26; 5611;      18 
26; 5810;      22 
26; 6010;      14 
26; 6210;      14 
26; 6409;      15 
26; 6609;      12 
26; 6809;      16 
26; 7009;      10 
26; 7208;      17 
26; 7408;      17 
26; 7608;      18 
26; 7807;      10 
26; 8007;      19 
26; 8207;      11 
26; 8406;      10 
26; 8606;      19 
26; 8806;       9 
26; 9006;      13 
26; 9205;      15 
26; 9405;      15 
26; 9605;      16 
26; 9804;      17 
27; 0004;      16 
27; 0204;      13 
27; 0404;      21 
27; 0603;      20 
27; 0803;      24 
27; 1003;      18 
27; 1202;      12 
27; 1402;      15 
27; 1602;      13 
27; 1801;      15 
27; 2001;      11 
27; 2201;      21 
27; 2401;      19 
27; 2600;      22 
27; 2800;      12 
27; 3000;      18 
27; 3199;      20 
27; 3399;      17 
27; 3599;      13 
27; 3799;      15 
27; 3998;      19 
27; 4198;      16 
27; 4398;      11 
27; 4597;      14 
27; 4797;      13 
27; 4997;      17 
27; 5197;      14 
27; 5396;       9 
27; 5596;      10 
27; 5796;       9 
27; 5995;      14 
27; 6195;      19 
27; 6395;      12 
27; 6594;      11 
27; 6794;      16 
27; 6994;      12 
27; 7194;      12 
27; 7393;      16 
27; 7593;      11 
27; 7793;      12 
27; 7992;      14 
27; 8192;      12 
27; 8392;      22 
27; 8592;      12 
27; 8791;      19 
27; 8991;       9 
27; 9191;      15 
27; 9390;      15 
27; 9590;      14 
27; 9790;      14 
27; 9989;      15 
28; 0189;      18 
28; 0389;      14 
28; 0589;       9 
28; 0788;      10 
28; 0988;      11 
28; 1188;      17 
28; 1387;      19 
28; 1587;      11 
28; 1787;      14 
28; 1987;      14 
28; 2186;      12 
28; 2386;      15 
28; 2586;      17 
28; 2785;      15 
28; 2985;      20 
28; 3185;      14 
28; 3385;      21 
28; 3584;      22 
28; 3784;      16 
28; 3984;      24 
28; 4183;      19 
28; 4383;      18 
28; 4583;      25 
28; 4782;      27 
28; 4982;      20 
28; 5182;      15 
28; 5382;      23 
28; 5581;      13 
28; 5781;      14 
28; 5981;      20 
28; 6180;      16 
28; 6380;      16 
28; 6580;      15 
28; 6780;      16 
28; 6979;      12 
28; 7179;      10 
28; 7379;       9 
28; 7578;       9 
28; 7778;       6 
28; 7978;       4 
28; 8177;       9 
28; 8377;      10 
28; 8577;      13 
28; 8777;       3 
28; 8976;      11 
28; 9176;       7 
28; 9376;      17 
28; 9575;      12 
28; 9775;      10 
28; 9975;      13 
29; 0175;       6 
29; 0374;      14 
29; 0574;      13 
29; 0774;       9 
29; 0973;      13 
29; 1173;      11 
29; 1373;      12 
29; 1573;      18 
29; 1772;      10 
29; 1972;      13 
29; 2172;      15 
29; 2371;      15 
29; 2571;       8 
29; 2771;      14 
29; 2970;       8 
29; 3170;       9 
29; 3370;       9 
29; 3570;      13 
29; 3769;      10 
29; 3969;       7 
29; 4169;       6 
29; 4368;       9 
29; 4568;      10 
29; 4768;      12 
29; 4968;       7 
29; 5167;       7 
29; 5367;       9 
29; 5567;       7 
29; 5766;      14 
29; 5966;      10 
29; 6166;      15 
29; 6365;       7 
29; 6565;       6 
29; 6765;       9 
29; 6965;      10 
29; 7164;      11 
29; 7364;       8 
29; 7564;       9 
29; 7763;       9 
29; 7963;       7 
29; 8163;       8 
29; 8363;      14 
29; 8562;       7 
29; 8762;       5 
29; 8962;      10 
29; 9161;      11 
29; 9361;      10 
29; 9561;      10 
29; 9761;       7 
29; 9960;       7 
30; 0160;       7 
30; 0360;      10 
30; 0559;       5 
30; 0759;       8 
30; 0959;       9 
30; 1158;       8 
30; 1358;       5 
30; 1558;       8 
30; 1758;       1 
30; 1957;       9 
30; 2157;       6 
30; 2357;       6 
30; 2556;       7 
30; 2756;       8 
30; 2956;       2 
30; 3156;       3 
30; 3355;       6 
30; 3555;       9 
30; 3755;       5 
30; 3954;       6 
30; 4154;      10 
30; 4354;       8 
30; 4553;       3 
30; 4753;      10 
30; 4953;       8 
30; 5153;       4 
30; 5352;       8 
30; 5552;      10 
30; 5752;       3 
30; 5951;      10 
30; 6151;       7 
30; 6351;       6 
30; 6551;       3 
30; 6750;       2 
30; 6950;      11 
30; 7150;      12 
30; 7349;       7 
30; 7549;       8 
30; 7749;       9 
30; 7948;      10 
30; 8148;       9 
30; 8348;       8 
30; 8548;       6 
30; 8747;       8 
30; 8947;      13 
30; 9147;       3 
30; 9346;       8 
30; 9546;       4 
30; 9746;       4 
30; 9946;       4 
31; 0145;       8 
31; 0345;       7 
31; 0545;       5 
31; 0744;       8 
31; 0944;       9 
31; 1144;       7 
31; 1344;       7 
31; 1543;       4 
31; 1743;       9 
31; 1943;       9 
31; 2142;      10 
31; 2342;       5 
31; 2542;       7 
31; 2741;       4 
31; 2941;       7 
31; 3141;       5 
31; 3341;       6 
31; 3540;       8 
31; 3740;       7 
31; 3940;       6 
31; 4139;       6 
31; 4339;       4 
31; 4539;       6 
31; 4739;       9 
31; 4938;       4 
31; 5138;       4 
31; 5338;      13 
31; 5537;       5 
31; 5737;       4 
31; 5937;       3 
31; 6136;       7 
31; 6336;       6 
31; 6536;       9 
31; 6736;       5 
31; 6935;       4 
31; 7135;       1 
31; 7335;       8 
31; 7534;       3 
31; 7734;       4 
31; 7934;       7 
31; 8134;       4 
31; 8333;       7 
31; 8533;       4 
31; 8733;       7 
31; 8932;       4 
31; 9132;       2 
31; 9332;       2 
31; 9532;       4 
31; 9731;       3 
31; 9931;       7 
32; 0131;       3 
32; 0330;       5 
32; 0530;       3 
32; 0730;       4 
32; 0929;       7 
32; 1129;       6 
32; 1329;       4 
32; 1529;       3 
32; 1728;       2 
32; 1928;       6 
32; 2128;       3 
32; 2327;       4 
32; 2527;       7 
32; 2727;       2 
32; 2927;       4 
32; 3126;       5 
32; 3326;       3 
32; 3526;       5 
32; 3725;       2 
32; 3925;       5 
32; 4125;       5 
32; 4324;       2 
32; 4524;       5 
32; 4724;       3 
32; 4924;       5 
32; 5123;       3 
32; 5323;       6 
32; 5523;       3 
32; 5722;       5 
32; 5922;       5 
32; 6122;       4 
32; 6322;       5 
32; 6521;       7 
32; 6721;       8 
32; 6921;       7 
32; 7120;       6 
32; 7320;       0 
32; 7520;       2 
32; 7720;       2 
32; 7919;       5 
32; 8119;       3 
32; 8319;       0 
32; 8518;       3 
32; 8718;       3 
32; 8918;       4 
32; 9117;       2 
32; 9317;       2 
32; 9517;       2 
32; 9717;       3 
32; 9916;       5 
33; 0116;       4 
33; 0316;       4 
33; 0515;       4 
33; 0715;       5 
33; 0915;       5 
33; 1115;       2 
33; 1314;       4 
33; 1514;       6 
33; 1714;       5 
33; 1913;       1 
33; 2113;       3 
33; 2313;       6 
33; 2512;       8 
33; 2712;       3 
33; 2912;       2 
33; 3112;       4 
33; 3311;       2 
33; 3511;       2 
33; 3711;       3 
33; 3910;       3 
33; 4110;       2 
33; 4310;       2 
33; 4510;       5 
33; 4709;       4 
33; 4909;       8 
33; 5109;       3 
33; 5308;       2 
33; 5508;       4 
33; 5708;       4 
33; 5908;       3 
33; 6107;       3 
33; 6307;       5 
33; 6507;       5 
33; 6706;       3 
33; 6906;       2 
33; 7106;       3 
33; 7305;       4 
33; 7505;       4 
33; 7705;       1 
33; 7905;       8 
33; 8104;       3 
33; 8304;       3 
33; 8504;       1 
33; 8703;       4 
33; 8903;       1 
33; 9103;       1 
33; 9303;       3 
33; 9502;       5 
33; 9702;       2 
33; 9902;       5 
34; 0101;       0 
34; 0301;       5 
34; 0501;       4 
34; 0700;       3 
34; 0900;       4 
34; 1100;       2 
34; 1300;       1 
34; 1499;       3 
34; 1699;       2 
34; 1899;       3 
34; 2098;       2 
34; 2298;       2 
34; 2498;       1 
34; 2698;       2 
34; 2897;       1 
34; 3097;       1 
34; 3297;       4 
34; 3496;       4 
34; 3696;       4 
34; 3896;       2 
34; 4096;       2 
34; 4295;       1 
34; 4495;       2 
34; 4695;       0 
34; 4894;       3 
34; 5094;       4 
34; 5294;       2 
34; 5493;       0 
34; 5693;       2 
34; 5893;       1 
34; 6093;       2 
34; 6292;       2 
34; 6492;       1 
34; 6692;       4 
34; 6891;       1 
34; 7091;       0 
34; 7291;       0 
34; 7491;       1 
34; 7690;       2 
34; 7890;       1 
34; 8090;       1 
34; 8289;       1 
34; 8489;       0 
34; 8689;       1 
34; 8888;       1 
34; 9088;       3 
34; 9288;       4 
34; 9488;       2 
34; 9687;       1 
34; 9887;       2 
35; 0087;       1 
35; 0286;       1 
35; 0486;       1 
35; 0686;       2 
35; 0886;       0 
35; 1085;       3 
35; 1285;       1 
35; 1485;       4 
35; 1684;       1 
35; 1884;       3 
35; 2084;       3 
35; 2283;       2 
35; 2483;       0 
35; 2683;       4 
35; 2883;       0 
35; 3082;       1 
35; 3282;       1 
35; 3482;       1 
35; 3681;       3 
35; 3881;       4 
35; 4081;       1 
35; 4281;       0 
35; 4480;       3 
35; 4680;       2 
35; 4880;       2 
35; 5079;       2 
35; 5279;       0 
35; 5479;       2 
35; 5679;       3 
35; 5878;       1 
35; 6078;       1 
35; 6278;       0 
35; 6477;       1 
35; 6677;       0 
35; 6877;       5 
35; 7076;       2 
35; 7276;       0 
35; 7476;       0 
35; 7676;       1 
35; 7875;       0 
35; 8075;       2 
35; 8275;       1 
35; 8474;       2 
35; 8674;       0 
35; 8874;       1 
35; 9074;       1 
35; 9273;       0 
35; 9473;       1 
35; 9673;       3 
35; 9872;       0 
36; 0072;       0 
36; 0272;       2 
36; 0471;       2 
36; 0671;       3 
36; 0871;       5 
36; 1071;       2 
36; 1270;       1 
36; 1470;       1 
36; 1670;       0 
36; 1869;       2 
36; 2069;       1 
36; 2269;       1 
36; 2469;       0 
36; 2668;       0 
36; 2868;       0 
36; 3068;       1 
36; 3267;       0 
36; 3467;       2 
36; 3667;       1 
36; 3867;       1 
36; 4066;       1 
36; 4266;       1 
36; 4466;       3 
36; 4665;       1 
36; 4865;       2 
36; 5065;       1 
36; 5264;       1 
36; 5464;       0 
36; 5664;       0 
36; 5864;       0 
36; 6063;       0 
36; 6263;       2 
36; 6463;       0 
36; 6662;       0 
36; 6862;       1 
36; 7062;       2 
36; 7262;       0 
36; 7461;       0 
36; 7661;       1 
36; 7861;       0 
36; 8060;       1 
36; 8260;       2 
36; 8460;       0 
36; 8659;       0 
36; 8859;       0 
36; 9059;       1 
36; 9259;       4 
36; 9458;       0 
36; 9658;       0 
36; 9858;       1 
37; 0057;       0 
37; 0257;       0 
37; 0457;       0 
37; 0657;       1 
37; 0856;       1 
37; 1056;       1 
37; 1256;       1 
37; 1455;       0 
37; 1655;       0 
37; 1855;       0 
37; 2055;       1 
37; 2254;       0 
37; 2454;       3 
37; 2654;       2 
37; 2853;       0 
37; 3053;       0 
37; 3253;       0 
37; 3452;       1 
37; 3652;       2 
37; 3852;       0 
37; 4052;       1 
37; 4251;       0 
37; 4451;       2 
37; 4651;       2 
37; 4850;       2 
37; 5050;       3 
37; 5250;       0 
37; 5450;       1 
37; 5649;       0 
37; 5849;       1 
37; 6049;       1 
37; 6248;       0 
37; 6448;       1 
37; 6648;       1 
37; 6847;       0 
37; 7047;       0 
37; 7247;       0 
37; 7447;       0 
37; 7646;       2 
37; 7846;       3 
37; 8046;       1 
37; 8245;       0 
37; 8445;       0 
37; 8645;       1 
37; 8845;       0 
37; 9044;       1 
37; 9244;       1 
37; 9444;       2 
37; 9643;       2 
37; 9843;       0 
38; 0043;       0 
38; 0243;       1 
38; 0442;       0 
38; 0642;       0 
38; 0842;       0 
38; 1041;       0 
38; 1241;       1 
38; 1441;       1 
38; 1640;       1 
38; 1840;       0 
38; 2040;       0 
38; 2240;       0 
38; 2439;       0 
38; 2639;       1 
38; 2839;       0 
38; 3038;       1 
38; 3238;       0 
38; 3438;       1 
38; 3638;       0 
38; 3837;       1 
38; 4037;       0 
38; 4237;       0 
38; 4436;       0 
38; 4636;       2 
38; 4836;       0 
38; 5035;       0 
38; 5235;       0 
38; 5435;       0 
38; 5635;       1 
38; 5834;       0 
38; 6034;       0 
38; 6234;       0 
38; 6433;       0 
38; 6633;       0 
38; 6833;       0 
38; 7033;       1 
38; 7232;       1 
38; 7432;       0 
38; 7632;       1 
38; 7831;       0 
38; 8031;       0 
38; 8231;       1 
38; 8430;       0 
38; 8630;       0 
38; 8830;       0 
38; 9030;       0 
38; 9229;       0 
38; 9429;       2 
38; 9629;       0 
38; 9828;       0 
39; 0028;       0 
39; 0228;       0 
39; 0428;       1 
39; 0627;       0 
39; 0827;       0 
39; 1027;       0 
39; 1226;       0 
39; 1426;       5 
39; 1626;       0 
39; 1826;       0 
39; 2025;       0 
39; 2225;       0 
39; 2425;       0 
39; 2624;       0 
39; 2824;       0 
39; 3024;       0 
39; 3223;       2 
39; 3423;       0 
39; 3623;       1 
39; 3823;       2 
39; 4022;       0 
39; 4222;       0 
39; 4422;       0 
39; 4621;       0 
39; 4821;       0 
39; 5021;       0 
39; 5221;       0 
39; 5420;       0 
39; 5620;       0 
39; 5820;       0 
39; 6019;       0 
39; 6219;       2 
39; 6419;       1 
39; 6618;       0 
39; 6818;       0 
39; 7018;       0 
39; 7218;       0 
39; 7417;       0 
39; 7617;       0 
39; 7817;       0 
39; 8016;       0 
39; 8216;       0 
39; 8416;       1 
39; 8616;       0 
39; 8815;       0 
39; 9015;       0 
39; 9215;       0 
39; 9414;       0 
39; 9614;       0 
39; 9814;       0 
40; 0014;       0 
40; 0213;       0 
40; 0413;       0 
40; 0613;       0 
40; 0812;       0 
40; 1012;       1 
40; 1212;       0 
40; 1411;       0 
40; 1611;       0 
40; 1811;       0 
40; 2011;       0 
40; 2210;       0 
40; 2410;       0 
40; 2610;       0 
40; 2809;       0 
40; 3009;       0 
40; 3209;       0 
40; 3409;       0 
40; 3608;       0 
40; 3808;       0 
40; 4008;       0 
40; 4207;       0 
40; 4407;       0 
40; 4607;       0 
40; 4806;       0 
40; 5006;       0 
40; 5206;       0 
40; 5406;       0 
40; 5605;       0 
40; 5805;       0 
40; 6005;       0 
40; 6204;       0 
40; 6404;       0 
40; 6604;       0 
40; 6804;       1 
40; 7003;       0 
40; 7203;       0 
40; 7403;       2 
40; 7602;       0 
40; 7802;       0 
40; 8002;       0 
40; 8202;       0 
40; 8401;       1 
40; 8601;       0 
40; 8801;       0 
