0; 0000;     257 
0; 0200;     184 
0; 0400;     146 
0; 0600;     105 
0; 0800;      44 
0; 0999;      35 
0; 1199;       7 
0; 1399;       4 
0; 1599;       3 
0; 1799;       0 
0; 1999;       2 
0; 2199;       1 
0; 2399;       1 
0; 2598;       0 
0; 2798;       0 
0; 2998;       1 
0; 3198;       0 
0; 3398;       1 
0; 3598;       0 
0; 3798;       0 
0; 3998;       0 
0; 4198;       0 
0; 4397;       0 
0; 4597;       0 
0; 4797;       0 
0; 4997;       0 
0; 5197;       0 
0; 5397;       1 
0; 5597;       8 
0; 5797;      24 
0; 5996;      69 
0; 6196;     126 
0; 6396;     184 
0; 6596;     221 
0; 6796;     207 
0; 6996;     200 
0; 7196;     220 
0; 7396;     208 
0; 7596;     188 
0; 7795;     214 
0; 7995;     187 
0; 8195;     176 
0; 8395;     177 
0; 8595;     199 
0; 8795;     178 
0; 8995;     156 
0; 9195;     172 
0; 9394;     179 
0; 9594;     183 
0; 9794;     163 
0; 9994;     174 
1; 0194;     154 
1; 0394;     163 
1; 0594;     158 
1; 0794;     165 
1; 0994;     149 
1; 1193;     181 
1; 1393;     164 
1; 1593;     157 
1; 1793;     166 
1; 1993;     162 
1; 2193;     153 
1; 2393;     164 
1; 2593;     149 
1; 2792;     153 
1; 2992;     146 
1; 3192;     158 
1; 3392;     158 
1; 3592;     138 
1; 3792;     132 
1; 3992;     143 
1; 4192;     144 
1; 4392;     159 
1; 4591;     144 
1; 4791;     179 
1; 4991;     154 
1; 5191;     142 
1; 5391;     166 
1; 5591;     148 
1; 5791;     158 
1; 5991;     165 
1; 6190;     166 
1; 6390;     148 
1; 6590;     152 
1; 6790;     172 
1; 6990;     176 
1; 7190;     196 
1; 7390;     192 
1; 7590;     169 
1; 7790;     190 
1; 7989;     153 
1; 8189;     178 
1; 8389;     168 
1; 8589;     133 
1; 8789;     151 
1; 8989;     146 
1; 9189;     121 
1; 9389;     142 
1; 9588;     140 
1; 9788;     151 
1; 9988;     148 
2; 0188;     177 
2; 0388;     177 
2; 0588;     143 
2; 0788;     174 
2; 0988;     164 
2; 1188;     132 
2; 1387;     164 
2; 1587;     173 
2; 1787;     165 
2; 1987;     188 
2; 2187;     195 
2; 2387;     187 
2; 2587;     204 
2; 2787;     237 
2; 2986;     218 
2; 3186;     209 
2; 3386;     252 
2; 3586;     208 
2; 3786;     209 
2; 3986;     227 
2; 4186;     213 
2; 4386;     209 
2; 4586;     227 
2; 4785;     193 
2; 4985;     235 
2; 5185;     247 
2; 5385;     313 
2; 5585;     344 
2; 5785;     421 
2; 5985;     501 
2; 6185;     644 
2; 6384;     692 
2; 6584;     735 
2; 6784;     837 
2; 6984;     846 
2; 7184;     822 
2; 7384;     814 
2; 7584;     798 
2; 7784;     737 
2; 7984;     655 
2; 8183;     685 
2; 8383;     768 
2; 8583;     698 
2; 8783;     767 
2; 8983;     773 
2; 9183;     747 
2; 9383;     670 
2; 9583;     674 
2; 9782;     613 
2; 9982;     586 
3; 0182;     464 
3; 0382;     418 
3; 0582;     383 
3; 0782;     298 
3; 0982;     304 
3; 1182;     297 
3; 1382;     279 
3; 1581;     240 
3; 1781;     256 
3; 1981;     274 
3; 2181;     264 
3; 2381;     284 
3; 2581;     298 
3; 2781;     267 
3; 2981;     301 
3; 3180;     300 
3; 3380;     302 
3; 3580;     298 
3; 3780;     275 
3; 3980;     289 
3; 4180;     285 
3; 4380;     279 
3; 4580;     220 
3; 4780;     252 
3; 4979;     274 
3; 5179;     314 
3; 5379;     279 
3; 5579;     271 
3; 5779;     287 
3; 5979;     290 
3; 6179;     315 
3; 6379;     360 
3; 6578;     392 
3; 6778;     389 
3; 6978;     382 
3; 7178;     401 
3; 7378;     386 
3; 7578;     321 
3; 7778;     314 
3; 7978;     259 
3; 8178;     261 
3; 8377;     279 
3; 8577;     232 
3; 8777;     260 
3; 8977;     237 
3; 9177;     240 
3; 9377;     269 
3; 9577;     289 
3; 9777;     260 
3; 9976;     240 
4; 0176;     275 
4; 0376;     268 
4; 0576;     244 
4; 0776;     301 
4; 0976;     230 
4; 1176;     285 
4; 1376;     247 
4; 1576;     247 
4; 1775;     265 
4; 1975;     267 
4; 2175;     245 
4; 2375;     254 
4; 2575;     262 
4; 2775;     272 
4; 2975;     281 
4; 3175;     271 
4; 3374;     259 
4; 3574;     278 
4; 3774;     289 
4; 3974;     299 
4; 4174;     291 
4; 4374;     313 
4; 4574;     327 
4; 4774;     347 
4; 4974;     345 
4; 5173;     356 
4; 5373;     372 
4; 5573;     366 
4; 5773;     343 
4; 5973;     359 
4; 6173;     308 
4; 6373;     344 
4; 6573;     345 
4; 6772;     315 
4; 6972;     349 
4; 7172;     330 
4; 7372;     325 
4; 7572;     314 
4; 7772;     297 
4; 7972;     331 
4; 8172;     307 
4; 8372;     334 
4; 8571;     350 
4; 8771;     337 
4; 8971;     379 
4; 9171;     408 
4; 9371;     363 
4; 9571;     391 
4; 9771;     365 
4; 9971;     362 
5; 0170;     394 
5; 0370;     333 
5; 0570;     336 
5; 0770;     316 
5; 0970;     338 
5; 1170;     328 
5; 1370;     337 
5; 1570;     356 
5; 1770;     327 
5; 1969;     346 
5; 2169;     330 
5; 2369;     357 
5; 2569;     385 
5; 2769;     371 
5; 2969;     394 
5; 3169;     361 
5; 3369;     356 
5; 3568;     396 
5; 3768;     393 
5; 3968;     372 
5; 4168;     375 
5; 4368;     461 
5; 4568;     423 
5; 4768;     381 
5; 4968;     405 
5; 5168;     426 
5; 5367;     414 
5; 5567;     428 
5; 5767;     440 
5; 5967;     388 
5; 6167;     412 
5; 6367;     441 
5; 6567;     440 
5; 6767;     462 
5; 6966;     426 
5; 7166;     449 
5; 7366;     458 
5; 7566;     456 
5; 7766;     473 
5; 7966;     473 
5; 8166;     447 
5; 8366;     441 
5; 8565;     441 
5; 8765;     468 
5; 8965;     449 
5; 9165;     443 
5; 9365;     491 
5; 9565;     451 
5; 9765;     441 
5; 9965;     489 
6; 0165;     468 
6; 0364;     470 
6; 0564;     509 
6; 0764;     549 
6; 0964;     551 
6; 1164;     525 
6; 1364;     532 
6; 1564;     645 
6; 1764;     693 
6; 1963;     829 
6; 2163;    1035 
6; 2363;    1221 
6; 2563;    1520 
6; 2763;    1972 
6; 2963;    2384 
6; 3163;    2868 
6; 3363;    3521 
6; 3563;    3970 
6; 3762;    4314 
6; 3962;    4450 
6; 4162;    4390 
6; 4362;    4014 
6; 4562;    3534 
6; 4762;    2933 
6; 4962;    2368 
6; 5162;    1868 
6; 5361;    1380 
6; 5561;    1134 
6; 5761;     961 
6; 5961;     739 
6; 6161;     657 
6; 6361;     743 
6; 6561;     696 
6; 6761;     652 
6; 6961;     677 
6; 7160;     663 
6; 7360;     706 
6; 7560;     688 
6; 7760;     664 
6; 7960;     728 
6; 8160;     730 
6; 8360;     690 
6; 8560;     767 
6; 8759;     765 
6; 8959;     863 
6; 9159;     816 
6; 9359;     950 
6; 9559;     988 
6; 9759;    1059 
6; 9959;    1178 
7; 0159;    1184 
7; 0359;    1293 
7; 0558;    1356 
7; 0758;    1270 
7; 0958;    1192 
7; 1158;    1130 
7; 1358;    1076 
7; 1558;    1036 
7; 1758;    1012 
7; 1958;     877 
7; 2157;     911 
7; 2357;     884 
7; 2557;     925 
7; 2757;     865 
7; 2957;     860 
7; 3157;     918 
7; 3357;     915 
7; 3557;    1026 
7; 3757;    1012 
7; 3956;    1070 
7; 4156;    1105 
7; 4356;    1167 
7; 4556;    1144 
7; 4756;    1231 
7; 4956;    1269 
7; 5156;    1246 
7; 5356;    1192 
7; 5555;    1193 
7; 5755;    1182 
7; 5955;    1218 
7; 6155;    1229 
7; 6355;    1210 
7; 6555;    1303 
7; 6755;    1356 
7; 6955;    1406 
7; 7155;    1520 
7; 7354;    1746 
7; 7554;    1999 
7; 7754;    2580 
7; 7954;    3687 
7; 8154;    5402 
7; 8354;    8670 
7; 8554;   14079 
7; 8754;   22607 
7; 8953;   35540 
7; 9153;   52871 
7; 9353;   74799 
7; 9553;  100186 
7; 9753;  127190 
7; 9953;  151214 
8; 0153;  171354 
8; 0353;  181949 
8; 0553;  182317 
8; 0752;  172061 
8; 0952;  153359 
8; 1152;  129674 
8; 1352;  102822 
8; 1552;   76853 
8; 1752;   54010 
8; 1952;   36358 
8; 2152;   23292 
8; 2351;   14534 
8; 2551;    8677 
8; 2751;    5173 
8; 2951;    3330 
8; 3151;    2271 
8; 3351;    1796 
8; 3551;    1459 
8; 3751;    1345 
8; 3951;    1349 
8; 4150;    1587 
8; 4350;    1949 
8; 4550;    2531 
8; 4750;    3435 
8; 4950;    4697 
8; 5150;    6468 
8; 5350;    8517 
8; 5550;   10993 
8; 5749;   13236 
8; 5949;   15327 
8; 6149;   16710 
8; 6349;   17221 
8; 6549;   17050 
8; 6749;   16199 
8; 6949;   14859 
8; 7149;   13598 
8; 7349;   12569 
8; 7548;   12470 
8; 7748;   12986 
8; 7948;   14620 
8; 8148;   17389 
8; 8348;   20271 
8; 8548;   23395 
8; 8748;   26120 
8; 8948;   27574 
8; 9147;   28007 
8; 9347;   26629 
8; 9547;   24661 
8; 9747;   20823 
8; 9947;   17138 
9; 0147;   13245 
9; 0347;    9784 
9; 0547;    6932 
9; 0747;    4619 
9; 0946;    3039 
9; 1146;    1838 
9; 1346;    1190 
9; 1546;     776 
9; 1746;     561 
9; 1946;     425 
9; 2146;     378 
9; 2346;     336 
9; 2545;     287 
9; 2745;     267 
9; 2945;     297 
9; 3145;     278 
9; 3345;     256 
9; 3545;     279 
9; 3745;     275 
9; 3945;     314 
9; 4145;     319 
9; 4344;     343 
9; 4544;     451 
9; 4744;     491 
9; 4944;     587 
9; 5144;     663 
9; 5344;     745 
9; 5544;     796 
9; 5744;     790 
9; 5943;     746 
9; 6143;     719 
9; 6343;     728 
9; 6543;     565 
9; 6743;     476 
9; 6943;     434 
9; 7143;     364 
9; 7343;     330 
9; 7543;     265 
9; 7742;     238 
9; 7942;     219 
9; 8142;     192 
9; 8342;     232 
9; 8542;     190 
9; 8742;     208 
9; 8942;     203 
9; 9142;     201 
9; 9341;     174 
9; 9541;     168 
9; 9741;     168 
9; 9941;     171 
10; 0141;     188 
10; 0341;     165 
10; 0541;     148 
10; 0741;     155 
10; 0941;     177 
10; 1140;     176 
10; 1340;     156 
10; 1540;     168 
10; 1740;     188 
10; 1940;     162 
10; 2140;     167 
10; 2340;     160 
10; 2540;     163 
10; 2739;     188 
10; 2939;     139 
10; 3139;     180 
10; 3339;     179 
10; 3539;     225 
10; 3739;     209 
10; 3939;     206 
10; 4139;     250 
10; 4339;     262 
10; 4538;     280 
10; 4738;     304 
10; 4938;     333 
10; 5138;     356 
10; 5338;     341 
10; 5538;     361 
10; 5738;     375 
10; 5938;     344 
10; 6137;     338 
10; 6337;     320 
10; 6537;     251 
10; 6737;     274 
10; 6937;     256 
10; 7137;     228 
10; 7337;     225 
10; 7537;     194 
10; 7737;     166 
10; 7936;     203 
10; 8136;     199 
10; 8336;     189 
10; 8536;     183 
10; 8736;     167 
10; 8936;     168 
10; 9136;     182 
10; 9336;     163 
10; 9535;     195 
10; 9735;     164 
10; 9935;     162 
11; 0135;     171 
11; 0335;     153 
11; 0535;     147 
11; 0735;     171 
11; 0935;     169 
11; 1135;     149 
11; 1334;     131 
11; 1534;     120 
11; 1734;     141 
11; 1934;     136 
11; 2134;     125 
11; 2334;     139 
11; 2534;     142 
11; 2734;     136 
11; 2933;     126 
11; 3133;     149 
11; 3333;     159 
11; 3533;     125 
11; 3733;     125 
11; 3933;     130 
11; 4133;     129 
11; 4333;     136 
11; 4533;     139 
11; 4732;     126 
11; 4932;     162 
11; 5132;     157 
11; 5332;     132 
11; 5532;     136 
11; 5732;     152 
11; 5932;     134 
11; 6132;     142 
11; 6331;     152 
11; 6531;     153 
11; 6731;     139 
11; 6931;     135 
11; 7131;     144 
11; 7331;     128 
11; 7531;     155 
11; 7731;     134 
11; 7931;     134 
11; 8130;     138 
11; 8330;     132 
11; 8530;     159 
11; 8730;     122 
11; 8930;     152 
11; 9130;     143 
11; 9330;     119 
11; 9530;     133 
11; 9729;     126 
11; 9929;     131 
12; 0129;     155 
12; 0329;     131 
12; 0529;     147 
12; 0729;     127 
12; 0929;     134 
12; 1129;     131 
12; 1329;     108 
12; 1528;     137 
12; 1728;     148 
12; 1928;     116 
12; 2128;     150 
12; 2328;     122 
12; 2528;     141 
12; 2728;     133 
12; 2928;     134 
12; 3127;     139 
12; 3327;     116 
12; 3527;     146 
12; 3727;     131 
12; 3927;     127 
12; 4127;     126 
12; 4327;     125 
12; 4527;     139 
12; 4727;     147 
12; 4926;     178 
12; 5126;     159 
12; 5326;     190 
12; 5526;     221 
12; 5726;     233 
12; 5926;     263 
12; 6126;     257 
12; 6326;     248 
12; 6525;     282 
12; 6725;     247 
12; 6925;     253 
12; 7125;     220 
12; 7325;     182 
12; 7525;     180 
12; 7725;     171 
12; 7925;     153 
12; 8125;     137 
12; 8324;     155 
12; 8524;     142 
12; 8724;     129 
12; 8924;     117 
12; 9124;     123 
12; 9324;     128 
12; 9524;     131 
12; 9724;     130 
12; 9923;     118 
13; 0123;     112 
13; 0323;     127 
13; 0523;     130 
13; 0723;     112 
13; 0923;     109 
13; 1123;     132 
13; 1323;     111 
13; 1523;     123 
13; 1722;     134 
13; 1922;     111 
13; 2122;     111 
13; 2322;     119 
13; 2522;      88 
13; 2722;     106 
13; 2922;     120 
13; 3122;      94 
13; 3321;     133 
13; 3521;     123 
13; 3721;     103 
13; 3921;     109 
13; 4121;     116 
13; 4321;     105 
13; 4521;     107 
13; 4721;     133 
13; 4921;     113 
13; 5120;     118 
13; 5320;     111 
13; 5520;     112 
13; 5720;     104 
13; 5920;     111 
13; 6120;     111 
13; 6320;      90 
13; 6520;     108 
13; 6719;      93 
13; 6919;     100 
13; 7119;     114 
13; 7319;     109 
13; 7519;     102 
13; 7719;     114 
13; 7919;      87 
13; 8119;      95 
13; 8319;     115 
13; 8518;     102 
13; 8718;     118 
13; 8918;     121 
13; 9118;     105 
13; 9318;      95 
13; 9518;     106 
13; 9718;     100 
13; 9918;     109 
14; 0117;     109 
14; 0317;     118 
14; 0517;     120 
14; 0717;     144 
14; 0917;      92 
14; 1117;     114 
14; 1317;     106 
14; 1517;     108 
14; 1717;     117 
14; 1916;      93 
14; 2116;     109 
14; 2316;     117 
14; 2516;     126 
14; 2716;     134 
14; 2916;     142 
14; 3116;     123 
14; 3316;     151 
14; 3515;     169 
14; 3715;     157 
14; 3915;     202 
14; 4115;     209 
14; 4315;     219 
14; 4515;     202 
14; 4715;     212 
14; 4915;     203 
14; 5115;     196 
14; 5314;     198 
14; 5514;     210 
14; 5714;     199 
14; 5914;     172 
14; 6114;     139 
14; 6314;     115 
14; 6514;     122 
14; 6714;     136 
14; 6913;     128 
14; 7113;     113 
14; 7313;     118 
14; 7513;     132 
14; 7713;     128 
14; 7913;     107 
14; 8113;     136 
14; 8313;     125 
14; 8513;     110 
14; 8712;     111 
14; 8912;     121 
14; 9112;     122 
14; 9312;     129 
14; 9512;     112 
14; 9712;     102 
14; 9912;      98 
15; 0112;     146 
15; 0311;     115 
15; 0511;     130 
15; 0711;     141 
15; 0911;     144 
15; 1111;     144 
15; 1311;     139 
15; 1511;      98 
15; 1711;     128 
15; 1911;     125 
15; 2110;     147 
15; 2310;     123 
15; 2510;     128 
15; 2710;     130 
15; 2910;     150 
15; 3110;     120 
15; 3310;     109 
15; 3510;     119 
15; 3709;     140 
15; 3909;     102 
15; 4109;     107 
15; 4309;     127 
15; 4509;     117 
15; 4709;     113 
15; 4909;     117 
15; 5109;     129 
15; 5309;     120 
15; 5508;     103 
15; 5708;     117 
15; 5908;     105 
15; 6108;     101 
15; 6308;     109 
15; 6508;     117 
15; 6708;     125 
15; 6908;     129 
15; 7107;     121 
15; 7307;     132 
15; 7507;     108 
15; 7707;     147 
15; 7907;     136 
15; 8107;     158 
15; 8307;     197 
15; 8507;     232 
15; 8707;     265 
15; 8906;     352 
15; 9106;     450 
15; 9306;     590 
15; 9506;     836 
15; 9706;    1064 
15; 9906;    1258 
16; 0106;    1631 
16; 0306;    1911 
16; 0505;    2166 
16; 0705;    2489 
16; 0905;    2566 
16; 1105;    2632 
16; 1305;    2630 
16; 1505;    2483 
16; 1705;    2302 
16; 1905;    2168 
16; 2105;    1711 
16; 2304;    1515 
16; 2504;    1213 
16; 2704;     909 
16; 2904;     710 
16; 3104;     499 
16; 3304;     371 
16; 3504;     284 
16; 3704;     216 
16; 3903;     189 
16; 4103;     139 
16; 4303;     135 
16; 4503;     165 
16; 4703;     141 
16; 4903;     157 
16; 5103;     158 
16; 5303;     193 
16; 5503;     237 
16; 5702;     277 
16; 5902;     299 
16; 6102;     366 
16; 6302;     475 
16; 6502;     507 
16; 6702;     500 
16; 6902;     572 
16; 7102;     542 
16; 7301;     560 
16; 7501;     545 
16; 7701;     560 
16; 7901;     593 
16; 8101;     588 
16; 8301;     584 
16; 8501;     582 
16; 8701;     645 
16; 8900;     648 
16; 9100;     747 
16; 9300;     775 
16; 9500;     858 
16; 9700;     861 
16; 9900;     883 
17; 0100;     822 
17; 0300;     724 
17; 0500;     737 
17; 0699;     604 
17; 0899;     541 
17; 1099;     468 
17; 1299;     341 
17; 1499;     275 
17; 1699;     230 
17; 1899;     182 
17; 2099;     175 
17; 2298;     124 
17; 2498;     121 
17; 2698;     107 
17; 2898;     120 
17; 3098;     116 
17; 3298;      85 
17; 3498;     110 
17; 3698;     103 
17; 3898;     117 
17; 4097;     115 
17; 4297;     102 
17; 4497;     114 
17; 4697;     132 
17; 4897;     110 
17; 5097;     108 
17; 5297;     141 
17; 5497;     144 
17; 5696;     147 
17; 5896;     137 
17; 6096;     159 
17; 6296;     153 
17; 6496;     130 
17; 6696;     130 
17; 6896;     135 
17; 7096;     138 
17; 7296;     123 
17; 7495;     136 
17; 7695;     111 
17; 7895;     131 
17; 8095;     127 
17; 8295;     150 
17; 8495;     106 
17; 8695;     125 
17; 8895;     141 
17; 9094;      99 
17; 9294;     102 
17; 9494;     105 
17; 9694;      90 
17; 9894;      91 
18; 0094;      69 
18; 0294;      76 
18; 0494;      70 
18; 0694;      72 
18; 0893;      70 
18; 1093;      60 
18; 1293;      47 
18; 1493;      69 
18; 1693;      75 
18; 1893;      65 
18; 2093;      49 
18; 2293;      59 
18; 2492;      80 
18; 2692;      71 
18; 2892;      58 
18; 3092;      74 
18; 3292;      75 
18; 3492;      71 
18; 3692;      82 
18; 3892;      80 
18; 4092;      65 
18; 4291;      67 
18; 4491;      67 
18; 4691;      61 
18; 4891;      74 
18; 5091;      89 
18; 5291;      94 
18; 5491;      85 
18; 5691;      92 
18; 5890;      83 
18; 6090;     102 
18; 6290;      87 
18; 6490;     111 
18; 6690;     106 
18; 6890;     106 
18; 7090;     118 
18; 7290;     114 
18; 7490;     120 
18; 7689;     115 
18; 7889;     119 
18; 8089;     121 
18; 8289;     109 
18; 8489;     123 
18; 8689;     128 
18; 8889;     127 
18; 9089;     156 
18; 9288;     134 
18; 9488;     163 
18; 9688;     147 
18; 9888;     146 
19; 0088;     140 
19; 0288;     142 
19; 0488;     165 
19; 0688;     132 
19; 0888;     166 
19; 1087;     141 
19; 1287;     139 
19; 1487;     134 
19; 1687;     145 
19; 1887;     150 
19; 2087;     150 
19; 2287;     133 
19; 2487;     128 
19; 2686;     114 
19; 2886;     144 
19; 3086;     105 
19; 3286;      93 
19; 3486;     117 
19; 3686;     111 
19; 3886;     114 
19; 4086;      86 
19; 4286;      88 
19; 4485;      98 
19; 4685;      88 
19; 4885;      91 
19; 5085;      66 
19; 5285;      86 
19; 5485;      92 
19; 5685;      67 
19; 5885;      62 
19; 6084;      66 
19; 6284;      77 
19; 6484;      58 
19; 6684;      60 
19; 6884;      60 
19; 7084;      50 
19; 7284;      58 
19; 7484;      63 
19; 7684;      60 
19; 7883;      42 
19; 8083;      69 
19; 8283;      57 
19; 8483;      63 
19; 8683;      58 
19; 8883;      60 
19; 9083;      63 
19; 9283;      85 
19; 9482;      76 
19; 9682;      77 
19; 9882;     100 
20; 0082;      97 
20; 0282;     108 
20; 0482;     113 
20; 0682;     146 
20; 0882;     152 
20; 1082;     147 
20; 1281;     169 
20; 1481;     158 
20; 1681;     177 
20; 1881;     180 
20; 2081;     217 
20; 2281;     215 
20; 2481;     195 
20; 2681;     164 
20; 2880;     152 
20; 3080;     168 
20; 3280;     132 
20; 3480;     108 
20; 3680;     108 
20; 3880;      98 
20; 4080;      71 
20; 4280;      96 
20; 4480;      54 
20; 4679;      46 
20; 4879;      39 
20; 5079;      56 
20; 5279;      42 
20; 5479;      44 
20; 5679;      46 
20; 5879;      51 
20; 6079;      39 
20; 6278;      47 
20; 6478;      43 
20; 6678;      34 
20; 6878;      45 
20; 7078;      51 
20; 7278;      52 
20; 7478;      47 
20; 7678;      50 
20; 7878;      34 
20; 8077;      39 
20; 8277;      42 
20; 8477;      53 
20; 8677;      35 
20; 8877;      43 
20; 9077;      64 
20; 9277;      45 
20; 9477;      60 
20; 9676;      48 
20; 9876;      55 
21; 0076;      57 
21; 0276;      68 
21; 0476;      61 
21; 0676;      42 
21; 0876;      77 
21; 1076;      67 
21; 1276;      67 
21; 1475;      79 
21; 1675;      81 
21; 1875;      82 
21; 2075;      58 
21; 2275;      74 
21; 2475;      66 
21; 2675;      59 
21; 2875;      59 
21; 3074;      70 
21; 3274;      62 
21; 3474;      65 
21; 3674;      58 
21; 3874;      58 
21; 4074;      64 
21; 4274;      59 
21; 4474;      50 
21; 4674;      46 
21; 4873;      52 
21; 5073;      44 
21; 5273;      41 
21; 5473;      46 
21; 5673;      43 
21; 5873;      50 
21; 6073;      48 
21; 6273;      39 
21; 6472;      35 
21; 6672;      42 
21; 6872;      52 
21; 7072;      36 
21; 7272;      35 
21; 7472;      42 
21; 7672;      28 
21; 7872;      51 
21; 8072;      49 
21; 8271;      37 
21; 8471;      33 
21; 8671;      36 
21; 8871;      39 
21; 9071;      52 
21; 9271;      38 
21; 9471;      39 
21; 9671;      41 
21; 9870;      39 
22; 0070;      33 
22; 0270;      30 
22; 0470;      33 
22; 0670;      36 
22; 0870;      37 
22; 1070;      42 
22; 1270;      30 
22; 1470;      27 
22; 1669;      28 
22; 1869;      38 
22; 2069;      38 
22; 2269;      27 
22; 2469;      35 
22; 2669;      32 
22; 2869;      25 
22; 3069;      20 
22; 3268;      26 
22; 3468;      34 
22; 3668;      25 
22; 3868;      21 
22; 4068;      24 
22; 4268;      27 
22; 4468;      30 
22; 4668;      43 
22; 4868;      27 
22; 5067;      19 
22; 5267;      40 
22; 5467;      33 
22; 5667;      40 
22; 5867;      40 
22; 6067;      37 
22; 6267;      44 
22; 6467;      31 
22; 6666;      45 
22; 6866;      48 
22; 7066;      38 
22; 7266;      52 
22; 7466;      38 
22; 7666;      59 
22; 7866;      59 
22; 8066;      50 
22; 8266;      51 
22; 8465;      38 
22; 8665;      44 
22; 8865;      41 
22; 9065;      42 
22; 9265;      31 
22; 9465;      20 
22; 9665;      34 
22; 9865;      40 
23; 0064;      28 
23; 0264;      27 
23; 0464;      35 
23; 0664;      31 
23; 0864;      21 
23; 1064;      29 
23; 1264;      39 
23; 1464;      27 
23; 1664;      19 
23; 1863;      33 
23; 2063;      29 
23; 2263;      26 
23; 2463;      30 
23; 2663;      27 
23; 2863;      30 
23; 3063;      28 
23; 3263;      33 
23; 3462;      28 
23; 3662;      22 
23; 3862;      28 
23; 4062;      27 
23; 4262;      26 
23; 4462;      30 
23; 4662;      19 
23; 4862;      23 
23; 5062;      20 
23; 5261;      21 
23; 5461;      20 
23; 5661;      24 
23; 5861;      23 
23; 6061;      24 
23; 6261;      22 
23; 6461;      25 
23; 6661;      21 
23; 6860;      24 
23; 7060;      37 
23; 7260;      18 
23; 7460;      24 
23; 7660;      23 
23; 7860;      18 
23; 8060;      19 
23; 8260;      24 
23; 8460;      17 
23; 8659;      30 
23; 8859;      35 
23; 9059;      21 
23; 9259;      23 
23; 9459;      37 
23; 9659;      29 
23; 9859;      29 
24; 0059;      18 
24; 0258;      32 
24; 0458;      30 
24; 0658;      25 
24; 0858;      28 
24; 1058;      44 
24; 1258;      39 
24; 1458;      37 
24; 1658;      32 
24; 1858;      46 
24; 2057;      50 
24; 2257;      34 
24; 2457;      33 
24; 2657;      26 
24; 2857;      34 
24; 3057;      31 
24; 3257;      36 
24; 3457;      42 
24; 3656;      20 
24; 3856;      22 
24; 4056;      23 
24; 4256;      26 
24; 4456;      19 
24; 4656;      21 
24; 4856;      14 
24; 5056;      21 
24; 5256;      15 
24; 5455;      27 
24; 5655;      14 
24; 5855;      23 
24; 6055;      23 
24; 6255;      27 
24; 6455;      24 
24; 6655;      24 
24; 6855;      23 
24; 7054;      16 
24; 7254;      27 
24; 7454;      24 
24; 7654;      20 
24; 7854;      22 
24; 8054;      27 
24; 8254;      20 
24; 8454;      22 
24; 8654;      30 
24; 8853;      32 
24; 9053;      39 
24; 9253;      31 
24; 9453;      33 
24; 9653;      26 
24; 9853;      34 
25; 0053;      41 
25; 0253;      32 
25; 0452;      33 
25; 0652;      31 
25; 0852;      38 
25; 1052;      39 
25; 1252;      33 
25; 1452;      58 
25; 1652;      33 
25; 1852;      41 
25; 2052;      34 
25; 2251;      29 
25; 2451;      36 
25; 2651;      32 
25; 2851;      39 
25; 3051;      35 
25; 3251;      25 
25; 3451;      30 
25; 3651;      36 
25; 3850;      33 
25; 4050;      24 
25; 4250;      32 
25; 4450;      27 
25; 4650;      20 
25; 4850;      25 
25; 5050;      14 
25; 5250;      30 
25; 5450;      25 
25; 5649;      17 
25; 5849;      15 
25; 6049;      20 
25; 6249;      17 
25; 6449;      13 
25; 6649;      17 
25; 6849;      11 
25; 7049;      22 
25; 7248;      21 
25; 7448;      21 
25; 7648;      19 
25; 7848;      23 
25; 8048;      19 
25; 8248;      18 
25; 8448;      15 
25; 8648;      15 
25; 8848;      20 
25; 9047;      14 
25; 9247;      20 
25; 9447;      19 
25; 9647;      11 
25; 9847;       9 
26; 0047;      13 
26; 0247;      17 
26; 0447;      11 
26; 0646;      13 
26; 0846;      10 
26; 1046;      18 
26; 1246;      13 
26; 1446;      20 
26; 1646;      12 
26; 1846;      23 
26; 2046;      19 
26; 2246;      22 
26; 2445;      14 
26; 2645;      16 
26; 2845;      14 
26; 3045;       8 
26; 3245;      20 
26; 3445;      27 
26; 3645;      15 
26; 3845;       9 
26; 4044;      18 
26; 4244;      16 
26; 4444;      15 
26; 4644;      16 
26; 4844;      12 
26; 5044;      18 
26; 5244;      22 
26; 5444;      15 
26; 5644;      15 
26; 5843;      19 
26; 6043;      16 
26; 6243;      21 
26; 6443;      17 
26; 6643;      12 
26; 6843;      21 
26; 7043;      15 
26; 7243;      14 
26; 7442;      13 
26; 7642;      21 
26; 7842;      11 
26; 8042;      12 
26; 8242;      18 
26; 8442;      17 
26; 8642;      12 
26; 8842;      21 
26; 9042;      15 
26; 9241;      15 
26; 9441;      20 
26; 9641;      16 
26; 9841;      18 
27; 0041;      19 
27; 0241;      14 
27; 0441;      19 
27; 0641;      28 
27; 0840;      17 
27; 1040;      18 
27; 1240;      19 
27; 1440;      22 
27; 1640;      13 
27; 1840;       9 
27; 2040;      17 
27; 2240;      20 
27; 2440;      14 
27; 2639;      18 
27; 2839;      22 
27; 3039;      11 
27; 3239;      13 
27; 3439;      22 
27; 3639;      19 
27; 3839;      15 
27; 4039;      18 
27; 4238;      22 
27; 4438;      12 
27; 4638;      17 
27; 4838;      15 
27; 5038;      10 
27; 5238;      11 
27; 5438;      11 
27; 5638;      13 
27; 5838;      10 
27; 6037;      15 
27; 6237;      22 
27; 6437;      20 
27; 6637;      13 
27; 6837;      15 
27; 7037;      16 
27; 7237;      14 
27; 7437;      12 
27; 7636;      11 
27; 7836;      11 
27; 8036;      18 
27; 8236;       7 
27; 8436;      14 
27; 8636;      13 
27; 8836;      17 
27; 9036;      12 
27; 9236;      17 
27; 9435;      11 
27; 9635;      22 
27; 9835;      15 
28; 0035;      13 
28; 0235;      18 
28; 0435;      11 
28; 0635;       8 
28; 0835;       7 
28; 1034;      25 
28; 1234;      17 
28; 1434;      14 
28; 1634;      14 
28; 1834;      15 
28; 2034;      14 
28; 2234;      15 
28; 2434;      14 
28; 2633;       8 
28; 2833;      22 
28; 3033;      18 
28; 3233;      19 
28; 3433;      18 
28; 3633;      21 
28; 3833;      19 
28; 4033;      21 
28; 4233;      19 
28; 4432;       8 
28; 4632;      24 
28; 4832;      14 
28; 5032;      20 
28; 5232;      10 
28; 5432;      11 
28; 5632;      14 
28; 5832;      10 
28; 6031;       8 
28; 6231;      12 
28; 6431;      11 
28; 6631;      14 
28; 6831;      15 
28; 7031;      12 
28; 7231;      10 
28; 7431;      21 
28; 7631;      11 
28; 7830;      12 
28; 8030;       9 
28; 8230;      14 
28; 8430;      14 
28; 8630;       8 
28; 8830;      12 
28; 9030;      10 
28; 9230;      10 
28; 9429;      12 
28; 9629;      11 
28; 9829;      15 
29; 0029;       8 
29; 0229;       8 
29; 0429;      10 
29; 0629;      12 
29; 0829;      16 
29; 1029;      11 
29; 1228;      11 
29; 1428;      11 
29; 1628;      13 
29; 1828;      13 
29; 2028;      12 
29; 2228;       6 
29; 2428;      13 
29; 2628;      13 
29; 2827;       8 
29; 3027;       8 
29; 3227;      11 
29; 3427;      16 
29; 3627;      10 
29; 3827;       9 
29; 4027;       8 
29; 4227;      12 
29; 4427;      14 
29; 4626;      11 
29; 4826;      15 
29; 5026;      16 
29; 5226;       6 
29; 5426;      13 
29; 5626;       5 
29; 5826;      13 
29; 6026;      10 
29; 6225;      10 
29; 6425;       9 
29; 6625;      12 
29; 6825;      18 
29; 7025;       9 
29; 7225;       9 
29; 7425;      12 
29; 7625;      10 
29; 7825;       5 
29; 8024;       3 
29; 8224;      14 
29; 8424;       9 
29; 8624;       9 
29; 8824;       7 
29; 9024;      11 
29; 9224;      10 
29; 9424;      12 
29; 9623;       6 
29; 9823;       6 
30; 0023;       7 
30; 0223;       8 
30; 0423;      12 
30; 0623;      12 
30; 0823;       6 
30; 1023;       6 
30; 1223;      12 
30; 1422;       9 
30; 1622;       9 
30; 1822;      11 
30; 2022;       9 
30; 2222;       3 
30; 2422;       5 
30; 2622;       8 
30; 2822;       7 
30; 3021;       8 
30; 3221;       5 
30; 3421;       7 
30; 3621;       7 
30; 3821;       3 
30; 4021;       8 
30; 4221;       6 
30; 4421;       8 
30; 4621;       5 
30; 4820;      10 
30; 5020;       8 
30; 5220;      12 
30; 5420;       5 
30; 5620;       9 
30; 5820;      12 
30; 6020;       8 
30; 6220;      10 
30; 6419;       8 
30; 6619;       7 
30; 6819;       8 
30; 7019;      10 
30; 7219;       8 
30; 7419;       7 
30; 7619;       8 
30; 7819;       9 
30; 8019;       9 
30; 8218;       4 
30; 8418;       9 
30; 8618;       5 
30; 8818;       6 
30; 9018;       9 
30; 9218;       6 
30; 9418;       9 
30; 9618;       6 
30; 9817;       6 
31; 0017;       7 
31; 0217;       4 
31; 0417;       9 
31; 0617;       8 
31; 0817;       6 
31; 1017;       8 
31; 1217;       4 
31; 1417;      14 
31; 1616;       8 
31; 1816;       5 
31; 2016;       9 
31; 2216;       7 
31; 2416;       6 
31; 2616;       2 
31; 2816;       6 
31; 3016;       7 
31; 3215;       6 
31; 3415;       8 
31; 3615;       4 
31; 3815;       3 
31; 4015;       7 
31; 4215;       3 
31; 4415;       8 
31; 4615;       5 
31; 4815;       6 
31; 5014;      10 
31; 5214;       7 
31; 5414;       3 
31; 5614;      12 
31; 5814;       7 
31; 6014;       4 
31; 6214;       9 
31; 6414;       3 
31; 6613;       6 
31; 6813;       9 
31; 7013;       6 
31; 7213;       8 
31; 7413;       4 
31; 7613;       6 
31; 7813;       4 
31; 8013;       6 
31; 8213;       5 
31; 8412;       1 
31; 8612;       4 
31; 8812;       3 
31; 9012;       5 
31; 9212;       4 
31; 9412;       6 
31; 9612;       6 
31; 9812;       9 
32; 0011;       3 
32; 0211;       4 
32; 0411;       7 
32; 0611;       4 
32; 0811;       3 
32; 1011;       7 
32; 1211;       5 
32; 1411;       6 
32; 1611;       5 
32; 1810;       4 
32; 2010;       8 
32; 2210;       5 
32; 2410;       2 
32; 2610;       3 
32; 2810;       5 
32; 3010;       3 
32; 3210;       7 
32; 3409;      10 
32; 3609;       3 
32; 3809;       5 
32; 4009;       7 
32; 4209;       1 
32; 4409;       5 
32; 4609;       5 
32; 4809;       9 
32; 5009;       5 
32; 5208;       4 
32; 5408;       7 
32; 5608;       2 
32; 5808;       5 
32; 6008;       4 
32; 6208;       5 
32; 6408;       5 
32; 6608;       3 
32; 6807;       1 
32; 7007;       2 
32; 7207;       2 
32; 7407;       4 
32; 7607;       3 
32; 7807;       6 
32; 8007;       4 
32; 8207;       4 
32; 8407;       5 
32; 8606;       1 
32; 8806;       4 
32; 9006;       2 
32; 9206;       4 
32; 9406;       6 
32; 9606;       5 
32; 9806;       8 
33; 0006;       6 
33; 0205;       7 
33; 0405;       2 
33; 0605;       4 
33; 0805;       4 
33; 1005;       5 
33; 1205;       3 
33; 1405;       2 
33; 1605;       4 
33; 1805;       4 
33; 2004;       4 
33; 2204;       4 
33; 2404;       3 
33; 2604;       5 
33; 2804;       6 
33; 3004;       6 
33; 3204;       6 
33; 3404;       3 
33; 3603;       1 
33; 3803;       3 
33; 4003;       3 
33; 4203;       1 
33; 4403;       3 
33; 4603;       4 
33; 4803;       2 
33; 5003;       2 
33; 5203;       7 
33; 5402;       2 
33; 5602;       4 
33; 5802;       2 
33; 6002;       6 
33; 6202;       5 
33; 6402;       3 
33; 6602;       3 
33; 6802;       3 
33; 7001;       4 
33; 7201;       4 
33; 7401;       2 
33; 7601;       1 
33; 7801;       4 
33; 8001;       2 
33; 8201;       3 
33; 8401;       3 
33; 8601;       2 
33; 8800;       3 
33; 9000;       4 
33; 9200;       2 
33; 9400;       6 
33; 9600;       1 
33; 9800;       2 
34; 0000;       4 
34; 0200;       6 
34; 0399;       2 
34; 0599;       1 
34; 0799;       1 
34; 0999;       1 
34; 1199;       3 
34; 1399;       2 
34; 1599;       0 
34; 1799;       0 
34; 1999;       3 
34; 2198;       4 
34; 2398;       1 
34; 2598;       2 
34; 2798;       1 
34; 2998;       1 
34; 3198;       2 
34; 3398;       2 
34; 3598;       2 
34; 3797;       1 
34; 3997;       3 
34; 4197;       0 
34; 4397;       2 
34; 4597;       1 
34; 4797;       4 
34; 4997;       0 
34; 5197;       1 
34; 5397;       5 
34; 5596;       1 
34; 5796;       2 
34; 5996;       3 
34; 6196;       2 
34; 6396;       2 
34; 6596;       3 
34; 6796;       3 
34; 6996;       0 
34; 7195;       3 
34; 7395;       1 
34; 7595;       2 
34; 7795;       3 
34; 7995;       4 
34; 8195;       2 
34; 8395;       2 
34; 8595;       1 
34; 8795;       3 
34; 8994;       2 
34; 9194;       1 
34; 9394;       2 
34; 9594;       1 
34; 9794;       3 
34; 9994;       0 
35; 0194;       0 
35; 0394;       2 
35; 0593;       0 
35; 0793;       2 
35; 0993;       4 
35; 1193;       3 
35; 1393;       5 
35; 1593;       1 
35; 1793;       0 
35; 1993;       4 
35; 2193;       1 
35; 2392;       1 
35; 2592;       0 
35; 2792;       2 
35; 2992;       3 
35; 3192;       1 
35; 3392;       1 
35; 3592;       1 
35; 3792;       1 
35; 3991;       0 
35; 4191;       1 
35; 4391;       0 
35; 4591;       4 
35; 4791;       0 
35; 4991;       2 
35; 5191;       1 
35; 5391;       0 
35; 5591;       1 
35; 5790;       2 
35; 5990;       0 
35; 6190;       2 
35; 6390;       0 
35; 6590;       2 
35; 6790;       2 
35; 6990;       2 
35; 7190;       0 
35; 7389;       2 
35; 7589;       2 
35; 7789;       0 
35; 7989;       2 
35; 8189;       1 
35; 8389;       1 
35; 8589;       0 
35; 8789;       1 
35; 8989;       0 
35; 9188;       0 
35; 9388;       0 
35; 9588;       1 
35; 9788;       1 
35; 9988;       0 
36; 0188;       0 
36; 0388;       2 
36; 0588;       0 
36; 0787;       0 
36; 0987;       0 
36; 1187;       0 
36; 1387;       0 
36; 1587;       1 
36; 1787;       0 
36; 1987;       0 
36; 2187;       0 
36; 2387;       1 
36; 2586;       3 
36; 2786;       2 
36; 2986;       3 
36; 3186;       1 
36; 3386;       1 
36; 3586;       2 
36; 3786;       2 
36; 3986;       1 
36; 4185;       1 
36; 4385;       3 
36; 4585;       0 
36; 4785;       1 
36; 4985;       1 
36; 5185;       1 
36; 5385;       1 
36; 5585;       2 
36; 5785;       1 
36; 5984;       2 
36; 6184;       1 
36; 6384;       3 
36; 6584;       2 
36; 6784;       0 
36; 6984;       0 
36; 7184;       0 
36; 7384;       2 
36; 7583;       0 
36; 7783;       1 
36; 7983;       0 
36; 8183;       2 
36; 8383;       0 
36; 8583;       0 
36; 8783;       1 
36; 8983;       0 
36; 9183;       0 
36; 9382;       2 
36; 9582;       1 
36; 9782;       0 
36; 9982;       1 
37; 0182;       0 
37; 0382;       1 
37; 0582;       2 
37; 0782;       0 
37; 0981;       0 
37; 1181;       0 
37; 1381;       0 
37; 1581;       2 
37; 1781;       0 
37; 1981;       1 
37; 2181;       0 
37; 2381;       0 
37; 2581;       0 
37; 2780;       0 
37; 2980;       0 
37; 3180;       1 
37; 3380;       1 
37; 3580;       0 
37; 3780;       1 
37; 3980;       0 
37; 4180;       0 
37; 4379;       1 
37; 4579;       2 
37; 4779;       1 
37; 4979;       2 
37; 5179;       1 
37; 5379;       1 
37; 5579;       1 
37; 5779;       1 
37; 5979;       0 
37; 6178;       1 
37; 6378;       1 
37; 6578;       2 
37; 6778;       0 
37; 6978;       2 
37; 7178;       1 
37; 7378;       0 
37; 7578;       0 
37; 7777;       1 
37; 7977;       0 
37; 8177;       0 
37; 8377;       1 
37; 8577;       0 
37; 8777;       0 
37; 8977;       0 
37; 9177;       0 
37; 9377;       0 
37; 9576;       1 
37; 9776;       0 
37; 9976;       1 
38; 0176;       1 
38; 0376;       1 
38; 0576;       0 
38; 0776;       0 
38; 0976;       0 
38; 1175;       0 
38; 1375;       0 
38; 1575;       0 
38; 1775;       0 
38; 1975;       1 
38; 2175;       0 
38; 2375;       0 
38; 2575;       1 
38; 2775;       0 
38; 2974;       0 
38; 3174;       1 
38; 3374;       0 
38; 3574;       0 
38; 3774;       1 
38; 3974;       0 
38; 4174;       1 
38; 4374;       0 
38; 4573;       2 
38; 4773;       0 
38; 4973;       2 
38; 5173;       0 
38; 5373;       0 
38; 5573;       2 
38; 5773;       0 
38; 5973;       1 
38; 6173;       0 
38; 6372;       0 
38; 6572;       0 
38; 6772;       0 
38; 6972;       2 
38; 7172;       2 
38; 7372;       0 
38; 7572;       0 
38; 7772;       0 
38; 7971;       0 
38; 8171;       1 
38; 8371;       0 
38; 8571;       0 
38; 8771;       1 
38; 8971;       0 
38; 9171;       1 
38; 9371;       0 
38; 9571;       1 
38; 9770;       0 
38; 9970;       0 
39; 0170;       1 
39; 0370;       0 
39; 0570;       0 
39; 0770;       1 
39; 0970;       0 
39; 1170;       0 
39; 1369;       0 
39; 1569;       1 
39; 1769;       0 
39; 1969;       0 
39; 2169;       0 
39; 2369;       0 
39; 2569;       0 
39; 2769;       0 
39; 2969;       0 
39; 3168;       0 
39; 3368;       0 
39; 3568;       0 
39; 3768;       0 
39; 3968;       0 
39; 4168;       1 
39; 4368;       0 
39; 4568;       0 
39; 4767;       0 
39; 4967;       0 
39; 5167;       0 
39; 5367;       0 
39; 5567;       0 
39; 5767;       0 
39; 5967;       0 
39; 6167;       0 
39; 6366;       0 
39; 6566;       0 
39; 6766;       0 
39; 6966;       0 
39; 7166;       1 
39; 7366;       1 
39; 7566;       0 
39; 7766;       0 
39; 7966;       0 
39; 8165;       0 
39; 8365;       0 
39; 8565;       0 
39; 8765;       0 
39; 8965;       0 
39; 9165;       1 
39; 9365;       1 
39; 9565;       0 
39; 9764;       0 
39; 9964;       0 
40; 0164;       0 
40; 0364;       0 
40; 0564;       0 
40; 0764;       0 
40; 0964;       0 
40; 1164;       0 
40; 1364;       0 
40; 1563;       2 
40; 1763;       0 
40; 1963;       0 
40; 2163;       0 
40; 2363;       0 
40; 2563;       0 
40; 2763;       0 
40; 2963;       0 
40; 3162;       0 
40; 3362;       1 
40; 3562;       0 
40; 3762;       0 
40; 3962;       1 
40; 4162;       0 
40; 4362;       0 
40; 4562;       0 
40; 4762;       0 
40; 4961;       0 
40; 5161;       0 
40; 5361;       0 
40; 5561;       0 
40; 5761;       0 
40; 5961;       0 
40; 6161;       0 
40; 6361;       1 
40; 6560;       0 
40; 6760;       0 
40; 6960;       2 
40; 7160;       1 
40; 7360;       0 
40; 7560;       0 
40; 7760;       0 
40; 7960;       0 
40; 8160;       0 
40; 8359;       0 
40; 8559;       0 
40; 8759;       0 
40; 8959;       0 
40; 9159;       0 
