0; 0000;     237 
0; 0200;     230 
0; 0399;     135 
0; 0599;      95 
0; 0798;      51 
0; 0998;      30 
0; 1198;      11 
0; 1397;       4 
0; 1597;       7 
0; 1796;       2 
0; 1996;       1 
0; 2196;       0 
0; 2395;       1 
0; 2595;       0 
0; 2795;       0 
0; 2994;       0 
0; 3194;       1 
0; 3393;       0 
0; 3593;       1 
0; 3793;       1 
0; 3992;       2 
0; 4192;       1 
0; 4391;       0 
0; 4591;       0 
0; 4791;       0 
0; 4990;       2 
0; 5190;       0 
0; 5389;       2 
0; 5589;       9 
0; 5789;      20 
0; 5988;      58 
0; 6188;     120 
0; 6388;     156 
0; 6587;     201 
0; 6787;     207 
0; 6986;     225 
0; 7186;     224 
0; 7386;     188 
0; 7585;     177 
0; 7785;     209 
0; 7984;     195 
0; 8184;     207 
0; 8384;     183 
0; 8583;     204 
0; 8783;     202 
0; 8982;     166 
0; 9182;     188 
0; 9382;     192 
0; 9581;     162 
0; 9781;     183 
0; 9981;     173 
1; 0180;     176 
1; 0380;     159 
1; 0579;     165 
1; 0779;     170 
1; 0979;     174 
1; 1178;     172 
1; 1378;     157 
1; 1577;     156 
1; 1777;     148 
1; 1977;     156 
1; 2176;     163 
1; 2376;     154 
1; 2575;     169 
1; 2775;     158 
1; 2975;     160 
1; 3174;     142 
1; 3374;     142 
1; 3574;     156 
1; 3773;     125 
1; 3973;     161 
1; 4172;     146 
1; 4372;     148 
1; 4572;     156 
1; 4771;     165 
1; 4971;     165 
1; 5170;     146 
1; 5370;     145 
1; 5570;     149 
1; 5769;     144 
1; 5969;     122 
1; 6168;     145 
1; 6368;     156 
1; 6568;     151 
1; 6767;     139 
1; 6967;     142 
1; 7167;     153 
1; 7366;     175 
1; 7566;     181 
1; 7765;     131 
1; 7965;     172 
1; 8165;     149 
1; 8364;     150 
1; 8564;     156 
1; 8763;     137 
1; 8963;     136 
1; 9163;     156 
1; 9362;     163 
1; 9562;     159 
1; 9761;     159 
1; 9961;     162 
2; 0161;     147 
2; 0360;     169 
2; 0560;     155 
2; 0760;     171 
2; 0959;     170 
2; 1159;     152 
2; 1358;     152 
2; 1558;     164 
2; 1758;     176 
2; 1957;     202 
2; 2157;     209 
2; 2356;     204 
2; 2556;     278 
2; 2756;     265 
2; 2955;     253 
2; 3155;     266 
2; 3354;     290 
2; 3554;     281 
2; 3754;     245 
2; 3953;     240 
2; 4153;     243 
2; 4352;     256 
2; 4552;     274 
2; 4752;     321 
2; 4951;     396 
2; 5151;     508 
2; 5351;     654 
2; 5550;     840 
2; 5750;    1011 
2; 5949;    1240 
2; 6149;    1344 
2; 6349;    1391 
2; 6548;    1403 
2; 6748;    1380 
2; 6947;    1287 
2; 7147;    1103 
2; 7347;    1028 
2; 7546;     925 
2; 7746;     839 
2; 7945;     814 
2; 8145;     849 
2; 8345;     830 
2; 8544;     749 
2; 8744;     829 
2; 8944;     815 
2; 9143;     772 
2; 9343;     714 
2; 9542;     649 
2; 9742;     655 
2; 9942;     578 
3; 0141;     496 
3; 0341;     412 
3; 0540;     386 
3; 0740;     303 
3; 0940;     308 
3; 1139;     291 
3; 1339;     255 
3; 1538;     251 
3; 1738;     257 
3; 1938;     258 
3; 2137;     237 
3; 2337;     259 
3; 2537;     271 
3; 2736;     255 
3; 2936;     252 
3; 3135;     243 
3; 3335;     244 
3; 3535;     275 
3; 3734;     267 
3; 3934;     236 
3; 4133;     221 
3; 4333;     208 
3; 4533;     185 
3; 4732;     208 
3; 4932;     216 
3; 5131;     240 
3; 5331;     208 
3; 5531;     248 
3; 5730;     238 
3; 5930;     244 
3; 6130;     299 
3; 6329;     320 
3; 6529;     350 
3; 6728;     381 
3; 6928;     357 
3; 7128;     314 
3; 7327;     328 
3; 7527;     326 
3; 7726;     329 
3; 7926;     281 
3; 8126;     244 
3; 8325;     254 
3; 8525;     243 
3; 8724;     237 
3; 8924;     243 
3; 9124;     247 
3; 9323;     248 
3; 9523;     239 
3; 9723;     256 
3; 9922;     250 
4; 0122;     250 
4; 0321;     258 
4; 0521;     251 
4; 0721;     240 
4; 0920;     226 
4; 1120;     255 
4; 1319;     242 
4; 1519;     227 
4; 1719;     227 
4; 1918;     255 
4; 2118;     250 
4; 2317;     245 
4; 2517;     230 
4; 2717;     264 
4; 2916;     233 
4; 3116;     254 
4; 3316;     245 
4; 3515;     264 
4; 3715;     262 
4; 3914;     262 
4; 4114;     301 
4; 4314;     292 
4; 4513;     296 
4; 4713;     368 
4; 4912;     367 
4; 5112;     344 
4; 5312;     336 
4; 5511;     361 
4; 5711;     328 
4; 5910;     356 
4; 6110;     290 
4; 6310;     320 
4; 6509;     301 
4; 6709;     295 
4; 6908;     289 
4; 7108;     306 
4; 7308;     316 
4; 7507;     279 
4; 7707;     264 
4; 7907;     297 
4; 8106;     278 
4; 8306;     321 
4; 8505;     302 
4; 8705;     297 
4; 8905;     306 
4; 9104;     296 
4; 9304;     323 
4; 9503;     293 
4; 9703;     329 
4; 9903;     348 
5; 0102;     320 
5; 0302;     335 
5; 0501;     327 
5; 0701;     326 
5; 0901;     324 
5; 1100;     327 
5; 1300;     377 
5; 1500;     314 
5; 1699;     315 
5; 1899;     337 
5; 2098;     350 
5; 2298;     373 
5; 2498;     358 
5; 2697;     350 
5; 2897;     371 
5; 3096;     359 
5; 3296;     381 
5; 3496;     398 
5; 3695;     390 
5; 3895;     392 
5; 4094;     373 
5; 4294;     374 
5; 4494;     387 
5; 4693;     367 
5; 4893;     396 
5; 5093;     390 
5; 5292;     424 
5; 5492;     400 
5; 5691;     395 
5; 5891;     433 
5; 6091;     388 
5; 6290;     401 
5; 6490;     409 
5; 6689;     396 
5; 6889;     390 
5; 7089;     374 
5; 7288;     381 
5; 7488;     389 
5; 7687;     419 
5; 7887;     440 
5; 8087;     453 
5; 8286;     431 
5; 8486;     456 
5; 8686;     440 
5; 8885;     470 
5; 9085;     431 
5; 9284;     446 
5; 9484;     418 
5; 9684;     440 
5; 9883;     429 
6; 0083;     485 
6; 0282;     441 
6; 0482;     438 
6; 0682;     467 
6; 0881;     498 
6; 1081;     553 
6; 1280;     526 
6; 1480;     552 
6; 1680;     614 
6; 1879;     677 
6; 2079;     771 
6; 2279;     900 
6; 2478;    1008 
6; 2678;    1099 
6; 2877;    1332 
6; 3077;    1454 
6; 3277;    1542 
6; 3476;    1701 
6; 3676;    1766 
6; 3875;    1819 
6; 4075;    1787 
6; 4275;    1707 
6; 4474;    1543 
6; 4674;    1347 
6; 4873;    1161 
6; 5073;     993 
6; 5273;     834 
6; 5472;     818 
6; 5672;     723 
6; 5871;     638 
6; 6071;     638 
6; 6271;     609 
6; 6470;     591 
6; 6670;     594 
6; 6870;     638 
6; 7069;     615 
6; 7269;     612 
6; 7468;     681 
6; 7668;     627 
6; 7868;     684 
6; 8067;     651 
6; 8267;     661 
6; 8466;     653 
6; 8666;     683 
6; 8866;     710 
6; 9065;     728 
6; 9265;     742 
6; 9464;     739 
6; 9664;     757 
6; 9864;     757 
7; 0063;     830 
7; 0263;     802 
7; 0463;     833 
7; 0662;     857 
7; 0862;     870 
7; 1061;     796 
7; 1261;     804 
7; 1461;     835 
7; 1660;     823 
7; 1860;     840 
7; 2059;     831 
7; 2259;     887 
7; 2459;     853 
7; 2658;     812 
7; 2858;     890 
7; 3057;     917 
7; 3257;     946 
7; 3457;     998 
7; 3656;     988 
7; 3856;    1089 
7; 4056;    1091 
7; 4255;    1220 
7; 4455;    1224 
7; 4654;    1244 
7; 4854;    1292 
7; 5054;    1275 
7; 5253;    1227 
7; 5453;    1269 
7; 5652;    1184 
7; 5852;    1242 
7; 6052;    1290 
7; 6251;    1290 
7; 6451;    1232 
7; 6650;    1359 
7; 6850;    1465 
7; 7050;    1594 
7; 7249;    1669 
7; 7449;    1982 
7; 7649;    2342 
7; 7848;    3237 
7; 8048;    4613 
7; 8247;    7277 
7; 8447;   12029 
7; 8647;   19006 
7; 8846;   30809 
7; 9046;   47068 
7; 9245;   68832 
7; 9445;   94209 
7; 9645;  123944 
7; 9844;  151846 
8; 0044;  176647 
8; 0243;  194174 
8; 0443;  200271 
8; 0643;  196775 
8; 0842;  179701 
8; 1042;  156862 
8; 1242;  127346 
8; 1441;   99242 
8; 1641;   72210 
8; 1840;   49779 
8; 2040;   32573 
8; 2240;   20270 
8; 2439;   12159 
8; 2639;    7277 
8; 2838;    4315 
8; 3038;    2836 
8; 3238;    2100 
8; 3437;    1459 
8; 3637;    1259 
8; 3836;    1166 
8; 4036;    1085 
8; 4236;    1031 
8; 4435;     979 
8; 4635;     982 
8; 4835;    1058 
8; 5034;     976 
8; 5234;    1042 
8; 5433;    1075 
8; 5633;    1206 
8; 5833;    1245 
8; 6032;    1340 
8; 6232;    1382 
8; 6431;    1571 
8; 6631;    1854 
8; 6831;    2307 
8; 7030;    2963 
8; 7230;    4063 
8; 7429;    5728 
8; 7629;    8027 
8; 7829;   11238 
8; 8028;   14485 
8; 8228;   18627 
8; 8427;   22743 
8; 8627;   26473 
8; 8827;   29256 
8; 9026;   30845 
8; 9226;   30562 
8; 9426;   28279 
8; 9625;   25112 
8; 9825;   21126 
9; 0024;   16688 
9; 0224;   12781 
9; 0424;    9184 
9; 0623;    6283 
9; 0823;    4182 
9; 1022;    2622 
9; 1222;    1661 
9; 1422;    1014 
9; 1621;     647 
9; 1821;     460 
9; 2020;     368 
9; 2220;     271 
9; 2420;     290 
9; 2619;     236 
9; 2819;     239 
9; 3019;     211 
9; 3218;     236 
9; 3418;     242 
9; 3617;     219 
9; 3817;     210 
9; 4017;     211 
9; 4216;     237 
9; 4416;     215 
9; 4615;     221 
9; 4815;     216 
9; 5015;     231 
9; 5214;     223 
9; 5414;     234 
9; 5613;     214 
9; 5813;     184 
9; 6013;     194 
9; 6212;     210 
9; 6412;     206 
9; 6612;     189 
9; 6811;     181 
9; 7011;     195 
9; 7210;     201 
9; 7410;     174 
9; 7610;     195 
9; 7809;     170 
9; 8009;     186 
9; 8208;     171 
9; 8408;     180 
9; 8608;     180 
9; 8807;     159 
9; 9007;     167 
9; 9206;     157 
9; 9406;     163 
9; 9606;     161 
9; 9805;     183 
10; 0005;     173 
10; 0205;     158 
10; 0404;     176 
10; 0604;     174 
10; 0803;     156 
10; 1003;     174 
10; 1203;     152 
10; 1402;     168 
10; 1602;     128 
10; 1801;     178 
10; 2001;     166 
10; 2201;     133 
10; 2400;     164 
10; 2600;     182 
10; 2799;     170 
10; 2999;     157 
10; 3199;     174 
10; 3398;     152 
10; 3598;     151 
10; 3798;     151 
10; 3997;     173 
10; 4197;     163 
10; 4396;     195 
10; 4596;     195 
10; 4796;     212 
10; 4995;     227 
10; 5195;     224 
10; 5394;     224 
10; 5594;     248 
10; 5794;     242 
10; 5993;     238 
10; 6193;     226 
10; 6392;     213 
10; 6592;     227 
10; 6792;     238 
10; 6991;     217 
10; 7191;     222 
10; 7391;     203 
10; 7590;     194 
10; 7790;     191 
10; 7989;     211 
10; 8189;     179 
10; 8389;     173 
10; 8588;     152 
10; 8788;     170 
10; 8987;     150 
10; 9187;     171 
10; 9387;     178 
10; 9586;     157 
10; 9786;     142 
10; 9985;     152 
11; 0185;     155 
11; 0385;     159 
11; 0584;     168 
11; 0784;     161 
11; 0983;     152 
11; 1183;     155 
11; 1383;     124 
11; 1582;     165 
11; 1782;     140 
11; 1982;     151 
11; 2181;     122 
11; 2381;     128 
11; 2580;     155 
11; 2780;     141 
11; 2980;     123 
11; 3179;     139 
11; 3379;     144 
11; 3578;     123 
11; 3778;     143 
11; 3978;     151 
11; 4177;     126 
11; 4377;     138 
11; 4576;     140 
11; 4776;     137 
11; 4976;     128 
11; 5175;     148 
11; 5375;     144 
11; 5575;     138 
11; 5774;     144 
11; 5974;     131 
11; 6173;     142 
11; 6373;     138 
11; 6573;     139 
11; 6772;     140 
11; 6972;     123 
11; 7171;     131 
11; 7371;     167 
11; 7571;     147 
11; 7770;     146 
11; 7970;     158 
11; 8169;     146 
11; 8369;     164 
11; 8569;     163 
11; 8768;     185 
11; 8968;     188 
11; 9168;     171 
11; 9367;     152 
11; 9567;     169 
11; 9766;     182 
11; 9966;     158 
12; 0166;     146 
12; 0365;     134 
12; 0565;     127 
12; 0764;     123 
12; 0964;     133 
12; 1164;     122 
12; 1363;     113 
12; 1563;     104 
12; 1762;     119 
12; 1962;     118 
12; 2162;     134 
12; 2361;     131 
12; 2561;     120 
12; 2761;     133 
12; 2960;     116 
12; 3160;     124 
12; 3359;     124 
12; 3559;     100 
12; 3759;     110 
12; 3958;     113 
12; 4158;     136 
12; 4357;     127 
12; 4557;     133 
12; 4757;     132 
12; 4956;     134 
12; 5156;     112 
12; 5355;     135 
12; 5555;     142 
12; 5755;     153 
12; 5954;     169 
12; 6154;     152 
12; 6354;     150 
12; 6553;     147 
12; 6753;     128 
12; 6952;     150 
12; 7152;     128 
12; 7352;     143 
12; 7551;     136 
12; 7751;     125 
12; 7950;     136 
12; 8150;     113 
12; 8350;     118 
12; 8549;     110 
12; 8749;     114 
12; 8948;     114 
12; 9148;     119 
12; 9348;     108 
12; 9547;     109 
12; 9747;     125 
12; 9947;     114 
13; 0146;     112 
13; 0346;     106 
13; 0545;     123 
13; 0745;     114 
13; 0945;      86 
13; 1144;     103 
13; 1344;      99 
13; 1543;     110 
13; 1743;     125 
13; 1943;     116 
13; 2142;     105 
13; 2342;     113 
13; 2541;     126 
13; 2741;     102 
13; 2941;     122 
13; 3140;     102 
13; 3340;     115 
13; 3539;      99 
13; 3739;      92 
13; 3939;     104 
13; 4138;     111 
13; 4338;     116 
13; 4538;     104 
13; 4737;     120 
13; 4937;     101 
13; 5136;     111 
13; 5336;      89 
13; 5536;     100 
13; 5735;      94 
13; 5935;      83 
13; 6134;      93 
13; 6334;     105 
13; 6534;     107 
13; 6733;     115 
13; 6933;     103 
13; 7132;      92 
13; 7332;     111 
13; 7532;      97 
13; 7731;     100 
13; 7931;      86 
13; 8131;     109 
13; 8330;     100 
13; 8530;      83 
13; 8729;     106 
13; 8929;     106 
13; 9129;      94 
13; 9328;     106 
13; 9528;      98 
13; 9727;      83 
13; 9927;     105 
14; 0127;      82 
14; 0326;     103 
14; 0526;     113 
14; 0725;     111 
14; 0925;     101 
14; 1125;      84 
14; 1324;     108 
14; 1524;      91 
14; 1724;     102 
14; 1923;      97 
14; 2123;     116 
14; 2322;     108 
14; 2522;     125 
14; 2722;     122 
14; 2921;     131 
14; 3121;     127 
14; 3320;     131 
14; 3520;     125 
14; 3720;     126 
14; 3919;     156 
14; 4119;     124 
14; 4318;     132 
14; 4518;     159 
14; 4718;     158 
14; 4917;     128 
14; 5117;     125 
14; 5317;     145 
14; 5516;     145 
14; 5716;     110 
14; 5915;     111 
14; 6115;     124 
14; 6315;     107 
14; 6514;      99 
14; 6714;     123 
14; 6913;     133 
14; 7113;     127 
14; 7313;      96 
14; 7512;     103 
14; 7712;     124 
14; 7911;     109 
14; 8111;     109 
14; 8311;     111 
14; 8510;     108 
14; 8710;     108 
14; 8910;     113 
14; 9109;     111 
14; 9309;      97 
14; 9508;      97 
14; 9708;     115 
14; 9908;      89 
15; 0107;     100 
15; 0307;     123 
15; 0506;      94 
15; 0706;     100 
15; 0906;     101 
15; 1105;     110 
15; 1305;     104 
15; 1504;     113 
15; 1704;     107 
15; 1904;     112 
15; 2103;     118 
15; 2303;      94 
15; 2502;     115 
15; 2702;     112 
15; 2902;      79 
15; 3101;     125 
15; 3301;      96 
15; 3501;     107 
15; 3700;     119 
15; 3900;     113 
15; 4099;     110 
15; 4299;     112 
15; 4499;     102 
15; 4698;     113 
15; 4898;     125 
15; 5097;     113 
15; 5297;     127 
15; 5497;     115 
15; 5696;     102 
15; 5896;     104 
15; 6095;      97 
15; 6295;     126 
15; 6495;     136 
15; 6694;     119 
15; 6894;     110 
15; 7094;     128 
15; 7293;     111 
15; 7493;     123 
15; 7692;     117 
15; 7892;     141 
15; 8092;     134 
15; 8291;     183 
15; 8491;     265 
15; 8690;     300 
15; 8890;     367 
15; 9090;     492 
15; 9289;     716 
15; 9489;     896 
15; 9688;    1116 
15; 9888;    1428 
16; 0088;    1837 
16; 0287;    2111 
16; 0487;    2516 
16; 0687;    2807 
16; 0886;    2987 
16; 1086;    3033 
16; 1285;    3131 
16; 1485;    3029 
16; 1685;    2726 
16; 1884;    2481 
16; 2084;    2144 
16; 2283;    1818 
16; 2483;    1402 
16; 2683;    1126 
16; 2882;     834 
16; 3082;     577 
16; 3281;     475 
16; 3481;     344 
16; 3681;     235 
16; 3880;     191 
16; 4080;     160 
16; 4280;     135 
16; 4479;     116 
16; 4679;     110 
16; 4878;      96 
16; 5078;      98 
16; 5278;      94 
16; 5477;      91 
16; 5677;      98 
16; 5876;      96 
16; 6076;      89 
16; 6276;      94 
16; 6475;     113 
16; 6675;     124 
16; 6874;     148 
16; 7074;     124 
16; 7274;     138 
16; 7473;     177 
16; 7673;     206 
16; 7873;     289 
16; 8072;     323 
16; 8272;     409 
16; 8471;     473 
16; 8671;     599 
16; 8871;     694 
16; 9070;     739 
16; 9270;     853 
16; 9469;     900 
16; 9669;    1025 
16; 9869;     937 
17; 0068;     911 
17; 0268;     873 
17; 0467;     793 
17; 0667;     717 
17; 0867;     567 
17; 1066;     483 
17; 1266;     420 
17; 1466;     316 
17; 1665;     277 
17; 1865;     175 
17; 2064;     165 
17; 2264;      98 
17; 2464;      76 
17; 2663;      98 
17; 2863;      79 
17; 3062;      75 
17; 3262;      69 
17; 3462;      61 
17; 3661;      73 
17; 3861;      57 
17; 4060;      69 
17; 4260;      69 
17; 4460;      59 
17; 4659;      46 
17; 4859;      62 
17; 5058;      70 
17; 5258;      65 
17; 5458;      57 
17; 5657;      80 
17; 5857;      63 
17; 6057;      68 
17; 6256;      69 
17; 6456;      63 
17; 6655;      83 
17; 6855;      98 
17; 7055;      90 
17; 7254;     111 
17; 7454;     107 
17; 7653;     117 
17; 7853;     131 
17; 8053;     134 
17; 8252;     115 
17; 8452;     120 
17; 8651;     121 
17; 8851;     125 
17; 9051;     119 
17; 9250;     108 
17; 9450;      99 
17; 9650;      98 
17; 9849;      90 
18; 0049;      89 
18; 0248;      65 
18; 0448;      61 
18; 0648;      72 
18; 0847;      68 
18; 1047;      53 
18; 1246;      61 
18; 1446;      53 
18; 1646;      50 
18; 1845;      56 
18; 2045;      68 
18; 2244;      66 
18; 2444;      57 
18; 2644;      59 
18; 2843;      62 
18; 3043;      74 
18; 3243;      50 
18; 3442;      55 
18; 3642;      66 
18; 3841;      78 
18; 4041;      60 
18; 4241;      63 
18; 4440;      72 
18; 4640;      73 
18; 4839;      73 
18; 5039;      58 
18; 5239;      83 
18; 5438;      72 
18; 5638;      87 
18; 5837;      82 
18; 6037;      84 
18; 6237;      91 
18; 6436;      98 
18; 6636;      78 
18; 6836;      80 
18; 7035;      94 
18; 7235;      90 
18; 7434;     113 
18; 7634;     100 
18; 7834;     101 
18; 8033;     110 
18; 8233;     129 
18; 8432;     110 
18; 8632;     111 
18; 8832;     136 
18; 9031;     124 
18; 9231;     150 
18; 9430;     163 
18; 9630;     140 
18; 9830;     136 
19; 0029;     148 
19; 0229;     154 
19; 0429;     122 
19; 0628;     148 
19; 0828;     141 
19; 1027;     145 
19; 1227;     134 
19; 1427;     126 
19; 1626;     119 
19; 1826;     128 
19; 2025;     100 
19; 2225;     136 
19; 2425;     116 
19; 2624;     120 
19; 2824;      93 
19; 3023;     107 
19; 3223;      93 
19; 3423;     102 
19; 3622;     106 
19; 3822;      93 
19; 4022;      94 
19; 4221;      74 
19; 4421;      93 
19; 4620;      79 
19; 4820;      78 
19; 5020;      79 
19; 5219;      66 
19; 5419;      81 
19; 5618;      85 
19; 5818;      60 
19; 6018;      64 
19; 6217;      72 
19; 6417;      68 
19; 6616;      54 
19; 6816;      67 
19; 7016;      58 
19; 7215;      54 
19; 7415;      52 
19; 7614;      62 
19; 7814;      49 
19; 8014;      50 
19; 8213;      55 
19; 8413;      51 
19; 8613;      68 
19; 8812;      49 
19; 9012;      57 
19; 9211;      56 
19; 9411;      68 
19; 9611;      77 
19; 9810;      85 
20; 0010;     108 
20; 0209;     103 
20; 0409;     109 
20; 0609;     133 
20; 0808;     134 
20; 1008;     154 
20; 1207;     159 
20; 1407;     181 
20; 1607;     195 
20; 1806;     195 
20; 2006;     179 
20; 2206;     163 
20; 2405;     167 
20; 2605;     181 
20; 2804;     173 
20; 3004;     152 
20; 3204;     134 
20; 3403;     114 
20; 3603;      95 
20; 3802;      95 
20; 4002;      74 
20; 4202;      66 
20; 4401;      56 
20; 4601;      56 
20; 4800;      45 
20; 5000;      36 
20; 5200;      51 
20; 5399;      40 
20; 5599;      28 
20; 5799;      35 
20; 5998;      38 
20; 6198;      32 
20; 6397;      37 
20; 6597;      50 
20; 6797;      38 
20; 6996;      39 
20; 7196;      41 
20; 7395;      37 
20; 7595;      38 
20; 7795;      41 
20; 7994;      46 
20; 8194;      40 
20; 8393;      49 
20; 8593;      48 
20; 8793;      45 
20; 8992;      50 
20; 9192;      45 
20; 9392;      47 
20; 9591;      40 
20; 9791;      44 
20; 9990;      50 
21; 0190;      62 
21; 0390;      79 
21; 0589;      52 
21; 0789;      68 
21; 0988;      63 
21; 1188;      74 
21; 1388;      71 
21; 1587;      73 
21; 1787;      69 
21; 1986;      70 
21; 2186;      54 
21; 2386;      68 
21; 2585;      47 
21; 2785;      62 
21; 2985;      56 
21; 3184;      53 
21; 3384;      49 
21; 3583;      66 
21; 3783;      61 
21; 3983;      51 
21; 4182;      44 
21; 4382;      45 
21; 4581;      42 
21; 4781;      51 
21; 4981;      38 
21; 5180;      46 
21; 5380;      54 
21; 5579;      31 
21; 5779;      35 
21; 5979;      55 
21; 6178;      49 
21; 6378;      36 
21; 6578;      40 
21; 6777;      38 
21; 6977;      28 
21; 7176;      37 
21; 7376;      38 
21; 7576;      35 
21; 7775;      39 
21; 7975;      43 
21; 8174;      33 
21; 8374;      34 
21; 8574;      40 
21; 8773;      39 
21; 8973;      30 
21; 9172;      32 
21; 9372;      34 
21; 9572;      36 
21; 9771;      41 
21; 9971;      38 
22; 0170;      43 
22; 0370;      51 
22; 0570;      46 
22; 0769;      41 
22; 0969;      41 
22; 1169;      51 
22; 1368;      51 
22; 1568;      41 
22; 1767;      31 
22; 1967;      40 
22; 2167;      52 
22; 2366;      33 
22; 2566;      44 
22; 2765;      40 
22; 2965;      38 
22; 3165;      43 
22; 3364;      33 
22; 3564;      27 
22; 3763;      32 
22; 3963;      45 
22; 4163;      20 
22; 4362;      21 
22; 4562;      20 
22; 4762;      30 
22; 4961;      29 
22; 5161;      29 
22; 5360;      35 
22; 5560;      32 
22; 5760;      40 
22; 5959;      32 
22; 6159;      27 
22; 6358;      39 
22; 6558;      47 
22; 6758;      52 
22; 6957;      46 
22; 7157;      40 
22; 7356;      48 
22; 7556;      43 
22; 7756;      57 
22; 7955;      43 
22; 8155;      45 
22; 8355;      38 
22; 8554;      41 
22; 8754;      37 
22; 8953;      33 
22; 9153;      48 
22; 9353;      26 
22; 9552;      22 
22; 9752;      29 
22; 9951;      35 
23; 0151;      24 
23; 0351;      21 
23; 0550;      26 
23; 0750;      26 
23; 0949;      18 
23; 1149;      20 
23; 1349;      41 
23; 1548;      29 
23; 1748;      30 
23; 1948;      20 
23; 2147;      37 
23; 2347;      28 
23; 2546;      35 
23; 2746;      28 
23; 2946;      27 
23; 3145;      24 
23; 3345;      21 
23; 3544;      24 
23; 3744;      24 
23; 3944;      28 
23; 4143;      22 
23; 4343;      19 
23; 4542;      22 
23; 4742;      22 
23; 4942;      16 
23; 5141;      26 
23; 5341;      22 
23; 5541;      13 
23; 5740;      22 
23; 5940;      18 
23; 6139;      18 
23; 6339;      32 
23; 6539;      22 
23; 6738;      20 
23; 6938;      22 
23; 7137;      27 
23; 7337;      30 
23; 7537;      25 
23; 7736;      20 
23; 7936;      24 
23; 8135;      24 
23; 8335;      28 
23; 8535;      23 
23; 8734;      26 
23; 8934;      37 
23; 9133;      28 
23; 9333;      31 
23; 9533;      29 
23; 9732;      35 
23; 9932;      25 
24; 0132;      36 
24; 0331;      41 
24; 0531;      22 
24; 0730;      27 
24; 0930;      36 
24; 1130;      31 
24; 1329;      32 
24; 1529;      38 
24; 1728;      47 
24; 1928;      50 
24; 2128;      48 
24; 2327;      44 
24; 2527;      40 
24; 2726;      37 
24; 2926;      20 
24; 3126;      43 
24; 3325;      27 
24; 3525;      24 
24; 3725;      20 
24; 3924;      21 
24; 4124;      31 
24; 4323;      22 
24; 4523;      27 
24; 4723;      15 
24; 4922;      18 
24; 5122;      23 
24; 5321;      29 
24; 5521;      15 
24; 5721;      19 
24; 5920;      21 
24; 6120;      16 
24; 6319;      16 
24; 6519;      21 
24; 6719;      18 
24; 6918;      23 
24; 7118;      23 
24; 7318;      24 
24; 7517;      22 
24; 7717;      24 
24; 7916;      16 
24; 8116;      25 
24; 8316;      21 
24; 8515;      21 
24; 8715;      24 
24; 8914;      28 
24; 9114;      24 
24; 9314;      34 
24; 9513;      28 
24; 9713;      34 
24; 9912;      25 
25; 0112;      32 
25; 0312;      39 
25; 0511;      38 
25; 0711;      27 
25; 0911;      28 
25; 1110;      33 
25; 1310;      30 
25; 1509;      23 
25; 1709;      23 
25; 1909;      20 
25; 2108;      29 
25; 2308;      22 
25; 2507;      33 
25; 2707;      25 
25; 2907;      25 
25; 3106;      19 
25; 3306;      17 
25; 3505;      20 
25; 3705;      18 
25; 3905;       9 
25; 4104;      21 
25; 4304;      20 
25; 4504;      25 
25; 4703;      15 
25; 4903;      27 
25; 5102;      10 
25; 5302;      14 
25; 5502;      25 
25; 5701;      15 
25; 5901;      19 
25; 6100;      26 
25; 6300;      27 
25; 6500;      15 
25; 6699;      13 
25; 6899;      18 
25; 7098;      10 
25; 7298;      13 
25; 7498;      18 
25; 7697;      17 
25; 7897;      24 
25; 8097;       9 
25; 8296;      14 
25; 8496;      14 
25; 8695;      16 
25; 8895;      18 
25; 9095;      22 
25; 9294;       9 
25; 9494;      21 
25; 9693;      12 
25; 9893;      16 
26; 0093;      24 
26; 0292;      17 
26; 0492;      14 
26; 0691;      19 
26; 0891;      15 
26; 1091;      23 
26; 1290;      21 
26; 1490;      15 
26; 1689;      13 
26; 1889;      13 
26; 2089;      16 
26; 2288;      24 
26; 2488;      14 
26; 2688;       9 
26; 2887;      11 
26; 3087;      17 
26; 3286;      14 
26; 3486;      18 
26; 3686;      11 
26; 3885;      18 
26; 4085;      15 
26; 4284;      22 
26; 4484;      20 
26; 4684;      13 
26; 4883;      18 
26; 5083;      16 
26; 5282;      19 
26; 5482;      18 
26; 5682;      13 
26; 5881;      16 
26; 6081;      18 
26; 6281;      12 
26; 6480;      21 
26; 6680;       8 
26; 6879;      13 
26; 7079;      12 
26; 7279;      15 
26; 7478;      15 
26; 7678;      16 
26; 7877;      18 
26; 8077;      15 
26; 8277;      13 
26; 8476;      11 
26; 8676;      19 
26; 8875;      15 
26; 9075;      22 
26; 9275;      17 
26; 9474;      11 
26; 9674;      18 
26; 9874;      10 
27; 0073;      14 
27; 0273;      16 
27; 0472;      13 
27; 0672;      16 
27; 0872;      15 
27; 1071;      17 
27; 1271;      12 
27; 1470;      20 
27; 1670;      13 
27; 1870;      16 
27; 2069;      17 
27; 2269;      16 
27; 2468;      17 
27; 2668;      20 
27; 2868;      12 
27; 3067;       7 
27; 3267;      16 
27; 3467;      23 
27; 3666;      20 
27; 3866;      11 
27; 4065;      16 
27; 4265;       7 
27; 4465;      15 
27; 4664;      22 
27; 4864;       9 
27; 5063;      22 
27; 5263;      19 
27; 5463;      19 
27; 5662;      15 
27; 5862;      12 
27; 6061;      13 
27; 6261;      13 
27; 6461;       9 
27; 6660;      16 
27; 6860;      16 
27; 7060;      17 
27; 7259;      10 
27; 7459;      13 
27; 7658;      14 
27; 7858;      13 
27; 8058;      11 
27; 8257;      11 
27; 8457;      13 
27; 8656;      11 
27; 8856;       7 
27; 9056;      18 
27; 9255;      11 
27; 9455;       9 
27; 9654;      12 
27; 9854;      12 
28; 0054;       8 
28; 0253;      14 
28; 0453;      16 
28; 0653;      11 
28; 0852;      10 
28; 1052;      10 
28; 1251;      19 
28; 1451;      16 
28; 1651;      20 
28; 1850;      16 
28; 2050;      14 
28; 2249;       9 
28; 2449;      13 
28; 2649;      17 
28; 2848;      10 
28; 3048;      22 
28; 3247;      19 
28; 3447;      14 
28; 3647;      12 
28; 3846;       9 
28; 4046;       9 
28; 4245;      14 
28; 4445;       7 
28; 4645;      15 
28; 4844;      11 
28; 5044;      12 
28; 5244;      12 
28; 5443;       9 
28; 5643;      10 
28; 5842;      11 
28; 6042;      14 
28; 6242;      16 
28; 6441;      10 
28; 6641;      13 
28; 6840;       5 
28; 7040;      12 
28; 7240;      11 
28; 7439;       7 
28; 7639;       9 
28; 7838;      16 
28; 8038;      12 
28; 8238;       7 
28; 8437;       9 
28; 8637;       6 
28; 8837;       6 
28; 9036;      11 
28; 9236;       6 
28; 9435;       9 
28; 9635;      13 
28; 9835;      13 
29; 0034;      14 
29; 0234;      11 
29; 0433;      11 
29; 0633;      11 
29; 0833;      10 
29; 1032;       5 
29; 1232;       7 
29; 1431;      12 
29; 1631;       7 
29; 1831;      10 
29; 2030;      16 
29; 2230;      14 
29; 2430;       8 
29; 2629;      10 
29; 2829;       6 
29; 3028;      10 
29; 3228;      12 
29; 3428;       9 
29; 3627;      10 
29; 3827;       6 
29; 4026;      11 
29; 4226;      13 
29; 4426;       8 
29; 4625;       9 
29; 4825;       9 
29; 5024;      15 
29; 5224;      10 
29; 5424;      14 
29; 5623;      10 
29; 5823;       4 
29; 6023;      13 
29; 6222;       6 
29; 6422;      13 
29; 6621;       7 
29; 6821;       7 
29; 7021;       5 
29; 7220;      11 
29; 7420;      14 
29; 7619;       9 
29; 7819;       9 
29; 8019;       9 
29; 8218;      11 
29; 8418;       9 
29; 8617;       6 
29; 8817;       4 
29; 9017;       9 
29; 9216;       9 
29; 9416;       8 
29; 9616;       7 
29; 9815;       6 
30; 0015;       9 
30; 0214;       5 
30; 0414;       9 
30; 0614;       5 
30; 0813;      13 
30; 1013;       9 
30; 1212;       9 
30; 1412;       5 
30; 1612;       8 
30; 1811;       7 
30; 2011;      10 
30; 2210;       7 
30; 2410;       4 
30; 2610;       9 
30; 2809;      10 
30; 3009;       8 
30; 3209;       6 
30; 3408;       6 
30; 3608;      11 
30; 3807;       5 
30; 4007;       8 
30; 4207;       8 
30; 4406;      10 
30; 4606;       6 
30; 4805;      10 
30; 5005;       8 
30; 5205;       7 
30; 5404;       6 
30; 5604;       8 
30; 5803;       2 
30; 6003;       6 
30; 6203;       4 
30; 6402;       6 
30; 6602;      12 
30; 6801;       3 
30; 7001;       3 
30; 7201;       8 
30; 7400;      11 
30; 7600;       7 
30; 7800;       6 
30; 7999;      11 
30; 8199;       9 
30; 8398;       5 
30; 8598;       5 
30; 8798;       8 
30; 8997;       4 
30; 9197;       6 
30; 9396;      10 
30; 9596;       8 
30; 9796;       7 
30; 9995;       8 
31; 0195;       5 
31; 0394;       4 
31; 0594;       7 
31; 0794;       6 
31; 0993;       4 
31; 1193;       9 
31; 1393;       4 
31; 1592;       6 
31; 1792;       7 
31; 1991;       5 
31; 2191;       7 
31; 2391;       7 
31; 2590;       5 
31; 2790;       5 
31; 2989;       9 
31; 3189;       3 
31; 3389;       9 
31; 3588;       5 
31; 3788;       6 
31; 3987;       7 
31; 4187;       4 
31; 4387;       8 
31; 4586;       4 
31; 4786;       5 
31; 4986;       8 
31; 5185;       3 
31; 5385;       5 
31; 5584;       7 
31; 5784;       3 
31; 5984;       8 
31; 6183;       7 
31; 6383;       6 
31; 6582;       6 
31; 6782;       2 
31; 6982;       1 
31; 7181;       6 
31; 7381;       6 
31; 7580;       3 
31; 7780;       1 
31; 7980;       8 
31; 8179;      10 
31; 8379;       3 
31; 8579;       2 
31; 8778;       3 
31; 8978;       5 
31; 9177;       5 
31; 9377;       1 
31; 9577;       6 
31; 9776;       5 
31; 9976;       3 
32; 0175;       2 
32; 0375;       2 
32; 0575;       5 
32; 0774;       3 
32; 0974;       4 
32; 1173;       5 
32; 1373;       5 
32; 1573;       3 
32; 1772;       8 
32; 1972;       5 
32; 2172;       2 
32; 2371;       5 
32; 2571;       9 
32; 2770;       5 
32; 2970;       4 
32; 3170;       1 
32; 3369;       1 
32; 3569;       3 
32; 3768;       2 
32; 3968;       9 
32; 4168;       2 
32; 4367;       4 
32; 4567;       4 
32; 4766;       6 
32; 4966;       4 
32; 5166;       8 
32; 5365;       5 
32; 5565;       5 
32; 5764;       5 
32; 5964;       5 
32; 6164;       4 
32; 6363;       2 
32; 6563;       8 
32; 6763;       3 
32; 6962;       2 
32; 7162;       3 
32; 7361;       4 
32; 7561;       4 
32; 7761;       2 
32; 7960;       4 
32; 8160;       3 
32; 8359;       3 
32; 8559;       3 
32; 8759;       7 
32; 8958;       2 
32; 9158;       4 
32; 9357;       1 
32; 9557;       3 
32; 9757;       7 
32; 9956;       4 
33; 0156;       3 
33; 0356;       0 
33; 0555;       3 
33; 0755;       5 
33; 0954;       6 
33; 1154;       5 
33; 1354;       6 
33; 1553;       2 
33; 1753;       3 
33; 1952;       4 
33; 2152;       4 
33; 2352;       2 
33; 2551;       3 
33; 2751;       5 
33; 2950;       5 
33; 3150;       4 
33; 3350;       1 
33; 3549;       6 
33; 3749;       3 
33; 3949;       0 
33; 4148;       0 
33; 4348;       3 
33; 4547;       1 
33; 4747;       3 
33; 4947;       5 
33; 5146;       4 
33; 5346;       3 
33; 5545;       4 
33; 5745;       1 
33; 5945;       3 
33; 6144;       5 
33; 6344;       2 
33; 6543;       5 
33; 6743;       4 
33; 6943;       0 
33; 7142;       2 
33; 7342;       3 
33; 7542;       2 
33; 7741;       2 
33; 7941;       4 
33; 8140;       4 
33; 8340;       0 
33; 8540;       5 
33; 8739;       1 
33; 8939;       2 
33; 9138;       2 
33; 9338;       4 
33; 9538;       2 
33; 9737;       3 
33; 9937;       3 
34; 0136;       2 
34; 0336;       6 
34; 0536;       3 
34; 0735;       5 
34; 0935;       1 
34; 1135;       4 
34; 1334;       4 
34; 1534;       4 
34; 1733;       4 
34; 1933;       2 
34; 2133;       4 
34; 2332;       2 
34; 2532;       2 
34; 2731;       2 
34; 2931;       4 
34; 3131;       3 
34; 3330;       1 
34; 3530;       2 
34; 3729;       1 
34; 3929;       1 
34; 4129;       1 
34; 4328;       2 
34; 4528;       3 
34; 4728;       2 
34; 4927;       3 
34; 5127;       3 
34; 5326;       1 
34; 5526;       3 
34; 5726;       3 
34; 5925;       0 
34; 6125;       3 
34; 6324;       1 
34; 6524;       1 
34; 6724;       1 
34; 6923;       4 
34; 7123;       3 
34; 7322;       2 
34; 7522;       5 
34; 7722;       0 
34; 7921;       2 
34; 8121;       1 
34; 8320;       3 
34; 8520;       3 
34; 8720;       1 
34; 8919;       7 
34; 9119;       0 
34; 9319;       0 
34; 9518;       4 
34; 9718;       1 
34; 9917;       1 
35; 0117;       2 
35; 0317;       3 
35; 0516;       0 
35; 0716;       1 
35; 0915;       2 
35; 1115;       3 
35; 1315;       0 
35; 1514;       0 
35; 1714;       1 
35; 1913;       1 
35; 2113;       1 
35; 2313;       1 
35; 2512;       1 
35; 2712;       3 
35; 2912;       1 
35; 3111;       3 
35; 3311;       0 
35; 3510;       2 
35; 3710;       0 
35; 3910;       1 
35; 4109;       0 
35; 4309;       0 
35; 4508;       1 
35; 4708;       1 
35; 4908;       3 
35; 5107;       1 
35; 5307;       1 
35; 5506;       3 
35; 5706;       0 
35; 5906;       2 
35; 6105;       1 
35; 6305;       1 
35; 6505;       1 
35; 6704;       1 
35; 6904;       2 
35; 7103;       1 
35; 7303;       2 
35; 7503;       2 
35; 7702;       0 
35; 7902;       1 
35; 8101;       0 
35; 8301;       0 
35; 8501;       2 
35; 8700;       0 
35; 8900;       0 
35; 9099;       1 
35; 9299;       1 
35; 9499;       3 
35; 9698;       4 
35; 9898;       1 
36; 0098;       0 
36; 0297;       0 
36; 0497;       0 
36; 0696;       2 
36; 0896;       0 
36; 1096;       0 
36; 1295;       2 
36; 1495;       0 
36; 1694;       0 
36; 1894;       0 
36; 2094;       1 
36; 2293;       0 
36; 2493;       0 
36; 2692;       0 
36; 2892;       2 
36; 3092;       0 
36; 3291;       0 
36; 3491;       1 
36; 3691;       2 
36; 3890;       2 
36; 4090;       1 
36; 4289;       0 
36; 4489;       1 
36; 4689;       1 
36; 4888;       0 
36; 5088;       0 
36; 5287;       1 
36; 5487;       4 
36; 5687;       1 
36; 5886;       1 
36; 6086;       1 
36; 6285;       1 
36; 6485;       1 
36; 6685;       0 
36; 6884;       0 
36; 7084;       2 
36; 7284;       2 
36; 7483;       1 
36; 7683;       2 
36; 7882;       0 
36; 8082;       3 
36; 8282;       0 
36; 8481;       1 
36; 8681;       0 
36; 8880;       0 
36; 9080;       0 
36; 9280;       0 
36; 9479;       0 
36; 9679;       0 
36; 9878;       3 
37; 0078;       1 
37; 0278;       1 
37; 0477;       1 
37; 0677;       4 
37; 0876;       0 
37; 1076;       1 
37; 1276;       0 
37; 1475;       2 
37; 1675;       0 
37; 1875;       2 
37; 2074;       0 
37; 2274;       2 
37; 2473;       0 
37; 2673;       0 
37; 2873;       0 
37; 3072;       0 
37; 3272;       1 
37; 3471;       0 
37; 3671;       0 
37; 3871;       1 
37; 4070;       1 
37; 4270;       0 
37; 4469;       0 
37; 4669;       0 
37; 4869;       0 
37; 5068;       1 
37; 5268;       0 
37; 5468;       0 
37; 5667;       0 
37; 5867;       1 
37; 6066;       3 
37; 6266;       0 
37; 6466;       2 
37; 6665;       0 
37; 6865;       0 
37; 7064;       2 
37; 7264;       0 
37; 7464;       1 
37; 7663;       0 
37; 7863;       0 
37; 8062;       1 
37; 8262;       0 
37; 8462;       1 
37; 8661;       0 
37; 8861;       1 
37; 9061;       0 
37; 9260;       0 
37; 9460;       2 
37; 9659;       1 
37; 9859;       1 
38; 0059;       0 
38; 0258;       1 
38; 0458;       0 
38; 0657;       1 
38; 0857;       0 
38; 1057;       2 
38; 1256;       0 
38; 1456;       1 
38; 1655;       0 
38; 1855;       1 
38; 2055;       1 
38; 2254;       0 
38; 2454;       0 
38; 2654;       0 
38; 2853;       0 
38; 3053;       0 
38; 3252;       0 
38; 3452;       0 
38; 3652;       0 
38; 3851;       0 
38; 4051;       1 
38; 4250;       3 
38; 4450;       2 
38; 4650;       0 
38; 4849;       0 
38; 5049;       0 
38; 5248;       1 
38; 5448;       0 
38; 5648;       0 
38; 5847;       0 
38; 6047;       0 
38; 6247;       0 
38; 6446;       0 
38; 6646;       0 
38; 6845;       0 
38; 7045;       0 
38; 7245;       0 
38; 7444;       0 
38; 7644;       1 
38; 7843;       0 
38; 8043;       0 
38; 8243;       0 
38; 8442;       0 
38; 8642;       0 
38; 8841;       1 
38; 9041;       0 
38; 9241;       1 
38; 9440;       1 
38; 9640;       1 
38; 9840;       0 
39; 0039;       0 
39; 0239;       0 
39; 0438;       0 
39; 0638;       0 
39; 0838;       0 
39; 1037;       1 
39; 1237;       0 
39; 1436;       0 
39; 1636;       0 
39; 1836;       0 
39; 2035;       0 
39; 2235;       0 
39; 2434;       0 
39; 2634;       0 
39; 2834;       1 
39; 3033;       1 
39; 3233;       0 
39; 3432;       0 
39; 3632;       0 
39; 3832;       1 
39; 4031;       0 
39; 4231;       1 
39; 4431;       0 
39; 4630;       0 
39; 4830;       0 
39; 5029;       0 
39; 5229;       0 
39; 5429;       0 
39; 5628;       0 
39; 5828;       0 
39; 6027;       1 
39; 6227;       0 
39; 6427;       0 
39; 6626;       0 
39; 6826;       0 
39; 7025;       1 
39; 7225;       0 
39; 7425;       0 
39; 7624;       0 
39; 7824;       0 
39; 8024;       0 
39; 8223;       0 
39; 8423;       1 
39; 8622;       0 
39; 8822;       0 
39; 9022;       0 
39; 9221;       0 
39; 9421;       1 
39; 9620;       1 
39; 9820;       0 
40; 0020;       0 
40; 0219;       0 
40; 0419;       0 
40; 0618;       0 
40; 0818;       0 
40; 1018;       1 
40; 1217;       0 
40; 1417;       0 
40; 1617;       0 
40; 1816;       0 
40; 2016;       0 
40; 2215;       1 
40; 2415;       0 
40; 2615;       1 
40; 2814;       0 
40; 3014;       0 
40; 3213;       1 
40; 3413;       0 
40; 3613;       0 
40; 3812;       0 
40; 4012;       0 
40; 4211;       0 
40; 4411;       0 
40; 4611;       0 
40; 4810;       1 
40; 5010;       0 
40; 5210;       1 
40; 5409;       0 
40; 5609;       0 
40; 5808;       0 
40; 6008;       0 
40; 6208;       0 
40; 6407;       0 
40; 6607;       0 
40; 6806;       0 
40; 7006;       0 
40; 7206;       0 
40; 7405;       0 
40; 7605;       0 
40; 7804;       0 
40; 8004;       0 
40; 8204;       0 
40; 8403;       0 
40; 8603;       0 
