0; 0000;     205 
0; 0200;     195 
0; 0399;     159 
0; 0599;     109 
0; 0798;      42 
0; 0998;      30 
0; 1198;      13 
0; 1397;      10 
0; 1597;       6 
0; 1797;       2 
0; 1996;       0 
0; 2196;       0 
0; 2395;       0 
0; 2595;       0 
0; 2795;       1 
0; 2994;       0 
0; 3194;       1 
0; 3394;       1 
0; 3593;       0 
0; 3793;       0 
0; 3992;       0 
0; 4192;       0 
0; 4392;       0 
0; 4591;       1 
0; 4791;       0 
0; 4991;       1 
0; 5190;       3 
0; 5390;       4 
0; 5589;      10 
0; 5789;      20 
0; 5989;      48 
0; 6188;     133 
0; 6388;     187 
0; 6588;     196 
0; 6787;     210 
0; 6987;     214 
0; 7186;     213 
0; 7386;     197 
0; 7586;     202 
0; 7785;     194 
0; 7985;     224 
0; 8184;     194 
0; 8384;     202 
0; 8584;     176 
0; 8783;     183 
0; 8983;     202 
0; 9183;     207 
0; 9382;     182 
0; 9582;     197 
0; 9781;     196 
0; 9981;     196 
1; 0181;     171 
1; 0380;     173 
1; 0580;     176 
1; 0780;     177 
1; 0979;     150 
1; 1179;     137 
1; 1378;     160 
1; 1578;     159 
1; 1778;     164 
1; 1977;     165 
1; 2177;     158 
1; 2377;     135 
1; 2576;     152 
1; 2776;     141 
1; 2975;     136 
1; 3175;     140 
1; 3375;     134 
1; 3574;     149 
1; 3774;     138 
1; 3974;     153 
1; 4173;     153 
1; 4373;     143 
1; 4572;     155 
1; 4772;     161 
1; 4972;     158 
1; 5171;     139 
1; 5371;     157 
1; 5570;     138 
1; 5770;     136 
1; 5970;     123 
1; 6169;     144 
1; 6369;     149 
1; 6569;     155 
1; 6768;     160 
1; 6968;     192 
1; 7167;     190 
1; 7367;     161 
1; 7567;     150 
1; 7766;     179 
1; 7966;     162 
1; 8166;     154 
1; 8365;     156 
1; 8565;     146 
1; 8764;     142 
1; 8964;     152 
1; 9164;     162 
1; 9363;     159 
1; 9563;     168 
1; 9763;     151 
1; 9962;     147 
2; 0162;     155 
2; 0361;     148 
2; 0561;     159 
2; 0761;     139 
2; 0960;     157 
2; 1160;     167 
2; 1360;     171 
2; 1559;     145 
2; 1759;     171 
2; 1958;     181 
2; 2158;     173 
2; 2358;     188 
2; 2557;     183 
2; 2757;     208 
2; 2956;     202 
2; 3156;     210 
2; 3356;     182 
2; 3555;     218 
2; 3755;     197 
2; 3955;     209 
2; 4154;     188 
2; 4354;     211 
2; 4553;     213 
2; 4753;     205 
2; 4953;     216 
2; 5152;     282 
2; 5352;     283 
2; 5552;     370 
2; 5751;     441 
2; 5951;     500 
2; 6150;     587 
2; 6350;     721 
2; 6550;     798 
2; 6749;     820 
2; 6949;     803 
2; 7149;     781 
2; 7348;     768 
2; 7548;     834 
2; 7747;     786 
2; 7947;     765 
2; 8147;     734 
2; 8346;     725 
2; 8546;     780 
2; 8746;     724 
2; 8945;     738 
2; 9145;     748 
2; 9344;     701 
2; 9544;     690 
2; 9744;     653 
2; 9943;     558 
3; 0143;     476 
3; 0342;     444 
3; 0542;     398 
3; 0742;     317 
3; 0941;     277 
3; 1141;     263 
3; 1341;     266 
3; 1540;     276 
3; 1740;     240 
3; 1939;     252 
3; 2139;     295 
3; 2339;     261 
3; 2538;     252 
3; 2738;     267 
3; 2938;     262 
3; 3137;     284 
3; 3337;     288 
3; 3536;     282 
3; 3736;     266 
3; 3936;     261 
3; 4135;     237 
3; 4335;     225 
3; 4535;     252 
3; 4734;     248 
3; 4934;     218 
3; 5133;     214 
3; 5333;     221 
3; 5533;     264 
3; 5732;     285 
3; 5932;     279 
3; 6132;     329 
3; 6331;     389 
3; 6531;     374 
3; 6730;     355 
3; 6930;     415 
3; 7130;     369 
3; 7329;     376 
3; 7529;     365 
3; 7728;     273 
3; 7928;     258 
3; 8128;     269 
3; 8327;     228 
3; 8527;     246 
3; 8727;     247 
3; 8926;     271 
3; 9126;     232 
3; 9325;     265 
3; 9525;     250 
3; 9725;     282 
3; 9924;     296 
4; 0124;     253 
4; 0324;     264 
4; 0523;     307 
4; 0723;     250 
4; 0922;     269 
4; 1122;     242 
4; 1322;     235 
4; 1521;     239 
4; 1721;     260 
4; 1921;     278 
4; 2120;     261 
4; 2320;     247 
4; 2519;     228 
4; 2719;     232 
4; 2919;     246 
4; 3118;     244 
4; 3318;     252 
4; 3518;     267 
4; 3717;     269 
4; 3917;     283 
4; 4116;     293 
4; 4316;     296 
4; 4516;     292 
4; 4715;     341 
4; 4915;     387 
4; 5115;     384 
4; 5314;     359 
4; 5514;     313 
4; 5713;     344 
4; 5913;     326 
4; 6113;     310 
4; 6312;     308 
4; 6512;     330 
4; 6711;     305 
4; 6911;     283 
4; 7111;     290 
4; 7310;     247 
4; 7510;     305 
4; 7710;     303 
4; 7909;     281 
4; 8109;     320 
4; 8308;     299 
4; 8508;     306 
4; 8708;     308 
4; 8907;     339 
4; 9107;     342 
4; 9307;     322 
4; 9506;     354 
4; 9706;     332 
4; 9905;     341 
5; 0105;     306 
5; 0305;     311 
5; 0504;     357 
5; 0704;     294 
5; 0904;     328 
5; 1103;     290 
5; 1303;     329 
5; 1502;     295 
5; 1702;     334 
5; 1902;     328 
5; 2101;     353 
5; 2301;     355 
5; 2501;     357 
5; 2700;     381 
5; 2900;     395 
5; 3099;     391 
5; 3299;     396 
5; 3499;     370 
5; 3698;     388 
5; 3898;     396 
5; 4097;     415 
5; 4297;     419 
5; 4497;     419 
5; 4696;     409 
5; 4896;     382 
5; 5096;     391 
5; 5295;     429 
5; 5495;     426 
5; 5694;     432 
5; 5894;     441 
5; 6094;     431 
5; 6293;     416 
5; 6493;     411 
5; 6693;     422 
5; 6892;     433 
5; 7092;     411 
5; 7291;     417 
5; 7491;     459 
5; 7691;     476 
5; 7890;     429 
5; 8090;     458 
5; 8290;     469 
5; 8489;     455 
5; 8689;     478 
5; 8888;     468 
5; 9088;     440 
5; 9288;     476 
5; 9487;     462 
5; 9687;     468 
5; 9887;     462 
6; 0086;     454 
6; 0286;     485 
6; 0485;     487 
6; 0685;     557 
6; 0885;     528 
6; 1084;     509 
6; 1284;     586 
6; 1483;     561 
6; 1683;     646 
6; 1883;     758 
6; 2082;     863 
6; 2282;    1005 
6; 2482;    1210 
6; 2681;    1385 
6; 2881;    1685 
6; 3080;    1961 
6; 3280;    2255 
6; 3480;    2555 
6; 3679;    2696 
6; 3879;    2791 
6; 4079;    2763 
6; 4278;    2563 
6; 4478;    2416 
6; 4677;    2053 
6; 4877;    1753 
6; 5077;    1402 
6; 5276;    1153 
6; 5476;     987 
6; 5676;     915 
6; 5875;     794 
6; 6075;     737 
6; 6274;     684 
6; 6474;     679 
6; 6674;     718 
6; 6873;     690 
6; 7073;     688 
6; 7273;     751 
6; 7472;     706 
6; 7672;     757 
6; 7871;     749 
6; 8071;     787 
6; 8271;     740 
6; 8470;     812 
6; 8670;     777 
6; 8869;     767 
6; 9069;     783 
6; 9269;     856 
6; 9468;     842 
6; 9668;     878 
6; 9868;     940 
7; 0067;     978 
7; 0267;     999 
7; 0466;    1005 
7; 0666;     996 
7; 0866;    1023 
7; 1065;     936 
7; 1265;     865 
7; 1465;     891 
7; 1664;     893 
7; 1864;     897 
7; 2063;     808 
7; 2263;     819 
7; 2463;     835 
7; 2662;     812 
7; 2862;     868 
7; 3062;     853 
7; 3261;     891 
7; 3461;     945 
7; 3660;    1009 
7; 3860;    1004 
7; 4060;    1056 
7; 4259;    1127 
7; 4459;    1084 
7; 4659;    1166 
7; 4858;    1119 
7; 5058;    1188 
7; 5257;    1242 
7; 5457;    1231 
7; 5657;    1119 
7; 5856;    1136 
7; 6056;    1160 
7; 6255;    1158 
7; 6455;    1220 
7; 6655;    1289 
7; 6854;    1444 
7; 7054;    1443 
7; 7254;    1677 
7; 7453;    1818 
7; 7653;    2278 
7; 7852;    2990 
7; 8052;    4348 
7; 8252;    6810 
7; 8451;   10977 
7; 8651;   17877 
7; 8851;   28617 
7; 9050;   42683 
7; 9250;   62353 
7; 9449;   86499 
7; 9649;  113840 
7; 9849;  139003 
8; 0048;  162980 
8; 0248;  178329 
8; 0448;  184690 
8; 0647;  181462 
8; 0847;  167647 
8; 1046;  146195 
8; 1246;  120144 
8; 1446;   93049 
8; 1645;   67647 
8; 1845;   47281 
8; 2045;   30970 
8; 2244;   19607 
8; 2444;   12049 
8; 2643;    7236 
8; 2843;    4646 
8; 3043;    3015 
8; 3242;    2149 
8; 3442;    1695 
8; 3641;    1620 
8; 3841;    1660 
8; 4041;    1747 
8; 4240;    2215 
8; 4440;    2918 
8; 4640;    4280 
8; 4839;    6041 
8; 5039;    8322 
8; 5238;   11497 
8; 5438;   15008 
8; 5638;   18750 
8; 5837;   22352 
8; 6037;   25160 
8; 6237;   27272 
8; 6436;   27692 
8; 6636;   26850 
8; 6835;   25041 
8; 7035;   22269 
8; 7235;   19697 
8; 7434;   17093 
8; 7634;   16001 
8; 7834;   15802 
8; 8033;   17097 
8; 8233;   19399 
8; 8432;   22188 
8; 8632;   24735 
8; 8832;   27064 
8; 9031;   28114 
8; 9231;   28127 
8; 9431;   25917 
8; 9630;   22954 
8; 9830;   19605 
9; 0029;   15811 
9; 0229;   12028 
9; 0429;    8646 
9; 0628;    6130 
9; 0828;    3990 
9; 1027;    2631 
9; 1227;    1602 
9; 1427;    1049 
9; 1626;     693 
9; 1826;     544 
9; 2026;     391 
9; 2225;     402 
9; 2425;     316 
9; 2624;     298 
9; 2824;     333 
9; 3024;     327 
9; 3223;     307 
9; 3423;     322 
9; 3623;     349 
9; 3822;     336 
9; 4022;     419 
9; 4221;     518 
9; 4421;     652 
9; 4621;     798 
9; 4820;     930 
9; 5020;    1107 
9; 5220;    1265 
9; 5419;    1373 
9; 5619;    1480 
9; 5818;    1551 
9; 6018;    1495 
9; 6218;    1345 
9; 6417;    1179 
9; 6617;     987 
9; 6817;     861 
9; 7016;     679 
9; 7216;     570 
9; 7415;     392 
9; 7615;     338 
9; 7815;     287 
9; 8014;     254 
9; 8214;     208 
9; 8413;     174 
9; 8613;     183 
9; 8813;     165 
9; 9012;     175 
9; 9212;     187 
9; 9412;     191 
9; 9611;     165 
9; 9811;     168 
10; 0010;     164 
10; 0210;     161 
10; 0410;     169 
10; 0609;     149 
10; 0809;     155 
10; 1009;     147 
10; 1208;     147 
10; 1408;     168 
10; 1607;     164 
10; 1807;     178 
10; 2007;     148 
10; 2206;     151 
10; 2406;     146 
10; 2606;     157 
10; 2805;     152 
10; 3005;     141 
10; 3204;     181 
10; 3404;     149 
10; 3604;     174 
10; 3803;     173 
10; 4003;     192 
10; 4203;     174 
10; 4402;     176 
10; 4602;     199 
10; 4801;     183 
10; 5001;     156 
10; 5201;     161 
10; 5400;     175 
10; 5600;     206 
10; 5799;     201 
10; 5999;     215 
10; 6199;     203 
10; 6398;     177 
10; 6598;     173 
10; 6798;     172 
10; 6997;     187 
10; 7197;     163 
10; 7396;     204 
10; 7596;     156 
10; 7796;     169 
10; 7995;     148 
10; 8195;     168 
10; 8395;     144 
10; 8594;     170 
10; 8794;     162 
10; 8993;     169 
10; 9193;     147 
10; 9393;     158 
10; 9592;     141 
10; 9792;     127 
10; 9992;     143 
11; 0191;     143 
11; 0391;     150 
11; 0590;     137 
11; 0790;     150 
11; 0990;     151 
11; 1189;     142 
11; 1389;     136 
11; 1589;     149 
11; 1788;     156 
11; 1988;     125 
11; 2187;     141 
11; 2387;     113 
11; 2587;     130 
11; 2786;     114 
11; 2986;     121 
11; 3185;     116 
11; 3385;     121 
11; 3585;     136 
11; 3784;     130 
11; 3984;     149 
11; 4184;     125 
11; 4383;     118 
11; 4583;     128 
11; 4782;     130 
11; 4982;     123 
11; 5182;     142 
11; 5381;     113 
11; 5581;     139 
11; 5781;     135 
11; 5980;     121 
11; 6180;     132 
11; 6379;     148 
11; 6579;     119 
11; 6779;     155 
11; 6978;     141 
11; 7178;     126 
11; 7378;     122 
11; 7577;     138 
11; 7777;     121 
11; 7976;     123 
11; 8176;     118 
11; 8376;     135 
11; 8575;     137 
11; 8775;      97 
11; 8975;     128 
11; 9174;     109 
11; 9374;     138 
11; 9573;     112 
11; 9773;     125 
11; 9973;     132 
12; 0172;     136 
12; 0372;     113 
12; 0571;     101 
12; 0771;     107 
12; 0971;     126 
12; 1170;     117 
12; 1370;     111 
12; 1570;     122 
12; 1769;     113 
12; 1969;     107 
12; 2168;     116 
12; 2368;     124 
12; 2568;     129 
12; 2767;     118 
12; 2967;     113 
12; 3167;      91 
12; 3366;     112 
12; 3566;     114 
12; 3765;     123 
12; 3965;      89 
12; 4165;     106 
12; 4364;     121 
12; 4564;     114 
12; 4764;     132 
12; 4963;     119 
12; 5163;     125 
12; 5362;     129 
12; 5562;     151 
12; 5762;     124 
12; 5961;     148 
12; 6161;     131 
12; 6361;     145 
12; 6560;     145 
12; 6760;     112 
12; 6959;     118 
12; 7159;     124 
12; 7359;     122 
12; 7558;     129 
12; 7758;     117 
12; 7957;     108 
12; 8157;     103 
12; 8357;     112 
12; 8556;     104 
12; 8756;      89 
12; 8956;     114 
12; 9155;     109 
12; 9355;      91 
12; 9554;     106 
12; 9754;     106 
12; 9954;      94 
13; 0153;     103 
13; 0353;     105 
13; 0553;     115 
13; 0752;     106 
13; 0952;     107 
13; 1151;      84 
13; 1351;      94 
13; 1551;     108 
13; 1750;      92 
13; 1950;      93 
13; 2150;      90 
13; 2349;     102 
13; 2549;     109 
13; 2748;      95 
13; 2948;     116 
13; 3148;      95 
13; 3347;     115 
13; 3547;     103 
13; 3747;     103 
13; 3946;     102 
13; 4146;     106 
13; 4345;     105 
13; 4545;     103 
13; 4745;      94 
13; 4944;      99 
13; 5144;      82 
13; 5344;      93 
13; 5543;      97 
13; 5743;      81 
13; 5942;     110 
13; 6142;     109 
13; 6342;     110 
13; 6541;      99 
13; 6741;     105 
13; 6940;      87 
13; 7140;     108 
13; 7340;      85 
13; 7539;     112 
13; 7739;      97 
13; 7939;     108 
13; 8138;      95 
13; 8338;     105 
13; 8537;      97 
13; 8737;     104 
13; 8937;     101 
13; 9136;      93 
13; 9336;      95 
13; 9536;      96 
13; 9735;     108 
13; 9935;      83 
14; 0134;     108 
14; 0334;      93 
14; 0534;     102 
14; 0733;     103 
14; 0933;      87 
14; 1133;      87 
14; 1332;      86 
14; 1532;     101 
14; 1731;     106 
14; 1931;     123 
14; 2131;     109 
14; 2330;     116 
14; 2530;      91 
14; 2730;     119 
14; 2929;     124 
14; 3129;     136 
14; 3328;     136 
14; 3528;     142 
14; 3728;     154 
14; 3927;     152 
14; 4127;     156 
14; 4326;     186 
14; 4526;     154 
14; 4726;     173 
14; 4925;     167 
14; 5125;     166 
14; 5325;     156 
14; 5524;     135 
14; 5724;     148 
14; 5923;     128 
14; 6123;     112 
14; 6323;     116 
14; 6522;     118 
14; 6722;     118 
14; 6922;     114 
14; 7121;     104 
14; 7321;      88 
14; 7520;     108 
14; 7720;     121 
14; 7920;      98 
14; 8119;      96 
14; 8319;      95 
14; 8519;      95 
14; 8718;      96 
14; 8918;      86 
14; 9117;     110 
14; 9317;     107 
14; 9517;     102 
14; 9716;     120 
14; 9916;     126 
15; 0116;     105 
15; 0315;     111 
15; 0515;     125 
15; 0714;     123 
15; 0914;     119 
15; 1114;     117 
15; 1313;     111 
15; 1513;     125 
15; 1712;     114 
15; 1912;     103 
15; 2112;     118 
15; 2311;     117 
15; 2511;      91 
15; 2711;     106 
15; 2910;     120 
15; 3110;      94 
15; 3309;     115 
15; 3509;     105 
15; 3709;     108 
15; 3908;     105 
15; 4108;     110 
15; 4308;     105 
15; 4507;     120 
15; 4707;     126 
15; 4906;      92 
15; 5106;      97 
15; 5306;     133 
15; 5505;     107 
15; 5705;     103 
15; 5905;     111 
15; 6104;     100 
15; 6304;     128 
15; 6503;     114 
15; 6703;     117 
15; 6903;     125 
15; 7102;     126 
15; 7302;     109 
15; 7502;     119 
15; 7701;     135 
15; 7901;     142 
15; 8100;     145 
15; 8300;     186 
15; 8500;     212 
15; 8699;     243 
15; 8899;     345 
15; 9098;     435 
15; 9298;     639 
15; 9498;     808 
15; 9697;    1087 
15; 9897;    1286 
16; 0097;    1602 
16; 0296;    1907 
16; 0496;    2291 
16; 0695;    2501 
16; 0895;    2732 
16; 1095;    2752 
16; 1294;    2845 
16; 1494;    2581 
16; 1694;    2360 
16; 1893;    2214 
16; 2093;    1929 
16; 2292;    1575 
16; 2492;    1273 
16; 2692;    1043 
16; 2891;     748 
16; 3091;     595 
16; 3291;     449 
16; 3490;     334 
16; 3690;     233 
16; 3889;     203 
16; 4089;     160 
16; 4289;     150 
16; 4488;     166 
16; 4688;     150 
16; 4888;     179 
16; 5087;     218 
16; 5287;     251 
16; 5486;     307 
16; 5686;     419 
16; 5886;     460 
16; 6085;     604 
16; 6285;     678 
16; 6484;     731 
16; 6684;     828 
16; 6884;     846 
16; 7083;     862 
16; 7283;     845 
16; 7483;     864 
16; 7682;     828 
16; 7882;     817 
16; 8081;     741 
16; 8281;     774 
16; 8481;     739 
16; 8680;     783 
16; 8880;     768 
16; 9080;     776 
16; 9279;     888 
16; 9479;     879 
16; 9678;     907 
16; 9878;     879 
17; 0078;     841 
17; 0277;     803 
17; 0477;     742 
17; 0677;     667 
17; 0876;     566 
17; 1076;     465 
17; 1275;     402 
17; 1475;     307 
17; 1675;     239 
17; 1874;     209 
17; 2074;     174 
17; 2274;     161 
17; 2473;     158 
17; 2673;     140 
17; 2872;     144 
17; 3072;     129 
17; 3272;     137 
17; 3471;     125 
17; 3671;     123 
17; 3870;     136 
17; 4070;     127 
17; 4270;     117 
17; 4469;     159 
17; 4669;     172 
17; 4869;     166 
17; 5068;     163 
17; 5268;     181 
17; 5467;     180 
17; 5667;     196 
17; 5867;     216 
17; 6066;     218 
17; 6266;     220 
17; 6466;     212 
17; 6665;     196 
17; 6865;     154 
17; 7064;     161 
17; 7264;     176 
17; 7464;     144 
17; 7663;     145 
17; 7863;     131 
17; 8063;     148 
17; 8262;     115 
17; 8462;     130 
17; 8661;     147 
17; 8861;     121 
17; 9061;     126 
17; 9260;      95 
17; 9460;     115 
17; 9660;      85 
17; 9859;      93 
18; 0059;      69 
18; 0258;      74 
18; 0458;      61 
18; 0658;      59 
18; 0857;      56 
18; 1057;      69 
18; 1256;      61 
18; 1456;      76 
18; 1656;      51 
18; 1855;      50 
18; 2055;      61 
18; 2255;      65 
18; 2454;      55 
18; 2654;      69 
18; 2853;      55 
18; 3053;      69 
18; 3253;      83 
18; 3452;      61 
18; 3652;      68 
18; 3852;      54 
18; 4051;      69 
18; 4251;      84 
18; 4450;      85 
18; 4650;      71 
18; 4850;      78 
18; 5049;      68 
18; 5249;      98 
18; 5449;      85 
18; 5648;      79 
18; 5848;      90 
18; 6047;      89 
18; 6247;      66 
18; 6447;      89 
18; 6646;      89 
18; 6846;      89 
18; 7046;      82 
18; 7245;      92 
18; 7445;      90 
18; 7644;      93 
18; 7844;     103 
18; 8044;      87 
18; 8243;     103 
18; 8443;     110 
18; 8642;     111 
18; 8842;     123 
18; 9042;     122 
18; 9241;     108 
18; 9441;     120 
18; 9641;     124 
18; 9840;     120 
19; 0040;     141 
19; 0239;     141 
19; 0439;     122 
19; 0639;     137 
19; 0838;     137 
19; 1038;     123 
19; 1238;     124 
19; 1437;     130 
19; 1637;     140 
19; 1836;     111 
19; 2036;     107 
19; 2236;     122 
19; 2435;     128 
19; 2635;     117 
19; 2835;     103 
19; 3034;     101 
19; 3234;     107 
19; 3433;     100 
19; 3633;     114 
19; 3833;      96 
19; 4032;      84 
19; 4232;      70 
19; 4432;      79 
19; 4631;      72 
19; 4831;      81 
19; 5030;      67 
19; 5230;      79 
19; 5430;      60 
19; 5629;      60 
19; 5829;      62 
19; 6028;      59 
19; 6228;      80 
19; 6428;      51 
19; 6627;      73 
19; 6827;      51 
19; 7027;      51 
19; 7226;      63 
19; 7426;      57 
19; 7625;      54 
19; 7825;      38 
19; 8025;      47 
19; 8224;      41 
19; 8424;      49 
19; 8624;      54 
19; 8823;      63 
19; 9023;      63 
19; 9222;      63 
19; 9422;      79 
19; 9622;      63 
19; 9821;      75 
20; 0021;      99 
20; 0221;     119 
20; 0420;     111 
20; 0620;     136 
20; 0819;     120 
20; 1019;     173 
20; 1219;     137 
20; 1418;     157 
20; 1618;     158 
20; 1818;     160 
20; 2017;     175 
20; 2217;     195 
20; 2416;     169 
20; 2616;     174 
20; 2816;     141 
20; 3015;     154 
20; 3215;     131 
20; 3414;     104 
20; 3614;     112 
20; 3814;      98 
20; 4013;      70 
20; 4213;      70 
20; 4413;      62 
20; 4612;      53 
20; 4812;      50 
20; 5011;      47 
20; 5211;      34 
20; 5411;      50 
20; 5610;      45 
20; 5810;      38 
20; 6010;      36 
20; 6209;      41 
20; 6409;      44 
20; 6608;      46 
20; 6808;      37 
20; 7008;      42 
20; 7207;      34 
20; 7407;      36 
20; 7607;      42 
20; 7806;      43 
20; 8006;      48 
20; 8205;      42 
20; 8405;      39 
20; 8605;      43 
20; 8804;      50 
20; 9004;      43 
20; 9204;      49 
20; 9403;      49 
20; 9603;      63 
20; 9802;      54 
21; 0002;      43 
21; 0202;      60 
21; 0401;      56 
21; 0601;      62 
21; 0800;      51 
21; 1000;      73 
21; 1200;      57 
21; 1399;      64 
21; 1599;      71 
21; 1799;      64 
21; 1998;      68 
21; 2198;      65 
21; 2397;      62 
21; 2597;      54 
21; 2797;      68 
21; 2996;      61 
21; 3196;      52 
21; 3396;      48 
21; 3595;      55 
21; 3795;      61 
21; 3994;      60 
21; 4194;      31 
21; 4394;      50 
21; 4593;      34 
21; 4793;      37 
21; 4993;      48 
21; 5192;      40 
21; 5392;      31 
21; 5591;      33 
21; 5791;      39 
21; 5991;      57 
21; 6190;      46 
21; 6390;      50 
21; 6590;      35 
21; 6789;      37 
21; 6989;      33 
21; 7188;      48 
21; 7388;      34 
21; 7588;      33 
21; 7787;      40 
21; 7987;      40 
21; 8186;      41 
21; 8386;      39 
21; 8586;      37 
21; 8785;      37 
21; 8985;      35 
21; 9185;      33 
21; 9384;      46 
21; 9584;      29 
21; 9783;      31 
21; 9983;      34 
22; 0183;      27 
22; 0382;      27 
22; 0582;      32 
22; 0782;      30 
22; 0981;      26 
22; 1181;      30 
22; 1380;      32 
22; 1580;      36 
22; 1780;      28 
22; 1979;      20 
22; 2179;      35 
22; 2379;      30 
22; 2578;      33 
22; 2778;      33 
22; 2977;      24 
22; 3177;      30 
22; 3377;      20 
22; 3576;      22 
22; 3776;      37 
22; 3976;      33 
22; 4175;      27 
22; 4375;      32 
22; 4574;      31 
22; 4774;      30 
22; 4974;      30 
22; 5173;      30 
22; 5373;      37 
22; 5573;      33 
22; 5772;      38 
22; 5972;      37 
22; 6171;      34 
22; 6371;      41 
22; 6571;      42 
22; 6770;      43 
22; 6970;      50 
22; 7169;      42 
22; 7369;      38 
22; 7569;      46 
22; 7768;      49 
22; 7968;      49 
22; 8168;      38 
22; 8367;      31 
22; 8567;      53 
22; 8766;      23 
22; 8966;      38 
22; 9166;      37 
22; 9365;      33 
22; 9565;      31 
22; 9765;      33 
22; 9964;      27 
23; 0164;      24 
23; 0363;      27 
23; 0563;      31 
23; 0763;      28 
23; 0962;      23 
23; 1162;      23 
23; 1362;      27 
23; 1561;      24 
23; 1761;      26 
23; 1960;      22 
23; 2160;      26 
23; 2360;      30 
23; 2559;      20 
23; 2759;      17 
23; 2959;      22 
23; 3158;      28 
23; 3358;      29 
23; 3557;      15 
23; 3757;      24 
23; 3957;      26 
23; 4156;      28 
23; 4356;      25 
23; 4555;      18 
23; 4755;      20 
23; 4955;      23 
23; 5154;      25 
23; 5354;      22 
23; 5554;      25 
23; 5753;      24 
23; 5953;      21 
23; 6152;      19 
23; 6352;      24 
23; 6552;      17 
23; 6751;      18 
23; 6951;      28 
23; 7151;      22 
23; 7350;      28 
23; 7550;      31 
23; 7749;      22 
23; 7949;      24 
23; 8149;      25 
23; 8348;      17 
23; 8548;      23 
23; 8748;      23 
23; 8947;      23 
23; 9147;      27 
23; 9346;      34 
23; 9546;      27 
23; 9746;      31 
23; 9945;      22 
24; 0145;      31 
24; 0345;      38 
24; 0544;      39 
24; 0744;      28 
24; 0943;      34 
24; 1143;      29 
24; 1343;      37 
24; 1542;      40 
24; 1742;      37 
24; 1941;      29 
24; 2141;      41 
24; 2341;      39 
24; 2540;      23 
24; 2740;      28 
24; 2940;      34 
24; 3139;      36 
24; 3339;      27 
24; 3538;      26 
24; 3738;      17 
24; 3938;      30 
24; 4137;      23 
24; 4337;      21 
24; 4537;      24 
24; 4736;      18 
24; 4936;      18 
24; 5135;      17 
24; 5335;      22 
24; 5535;      16 
24; 5734;      27 
24; 5934;      17 
24; 6134;      20 
24; 6333;      21 
24; 6533;      22 
24; 6732;      26 
24; 6932;      21 
24; 7132;      27 
24; 7331;      16 
24; 7531;      27 
24; 7731;      22 
24; 7930;      36 
24; 8130;      21 
24; 8329;      28 
24; 8529;      28 
24; 8729;      25 
24; 8928;      21 
24; 9128;      33 
24; 9327;      27 
24; 9527;      28 
24; 9727;      28 
24; 9926;      20 
25; 0126;      28 
25; 0326;      28 
25; 0525;      37 
25; 0725;      34 
25; 0924;      31 
25; 1124;      24 
25; 1324;      25 
25; 1523;      28 
25; 1723;      47 
25; 1923;      32 
25; 2122;      39 
25; 2322;      27 
25; 2521;      24 
25; 2721;      32 
25; 2921;      20 
25; 3120;      20 
25; 3320;      18 
25; 3520;      26 
25; 3719;      31 
25; 3919;      22 
25; 4118;      29 
25; 4318;      14 
25; 4518;      22 
25; 4717;      14 
25; 4917;      21 
25; 5117;      19 
25; 5316;      17 
25; 5516;      22 
25; 5715;      19 
25; 5915;      16 
25; 6115;      20 
25; 6314;      21 
25; 6514;      17 
25; 6713;      16 
25; 6913;      15 
25; 7113;      17 
25; 7312;      18 
25; 7512;      13 
25; 7712;      18 
25; 7911;      16 
25; 8111;      15 
25; 8310;      15 
25; 8510;      12 
25; 8710;      17 
25; 8909;      21 
25; 9109;      21 
25; 9309;      10 
25; 9508;      13 
25; 9708;      16 
25; 9907;      15 
26; 0107;      15 
26; 0307;      17 
26; 0506;      15 
26; 0706;      11 
26; 0906;      16 
26; 1105;      16 
26; 1305;       9 
26; 1504;      19 
26; 1704;      12 
26; 1904;      10 
26; 2103;      21 
26; 2303;      12 
26; 2503;      15 
26; 2702;      12 
26; 2902;      14 
26; 3101;      13 
26; 3301;      18 
26; 3501;      11 
26; 3700;      13 
26; 3900;      19 
26; 4099;      12 
26; 4299;      12 
26; 4499;      21 
26; 4698;       8 
26; 4898;      17 
26; 5098;      23 
26; 5297;      13 
26; 5497;      15 
26; 5696;      20 
26; 5896;       8 
26; 6096;      15 
26; 6295;      12 
26; 6495;      13 
26; 6695;      11 
26; 6894;      16 
26; 7094;      23 
26; 7293;      15 
26; 7493;      16 
26; 7693;      16 
26; 7892;      19 
26; 8092;      20 
26; 8292;       9 
26; 8491;      20 
26; 8691;      11 
26; 8890;      12 
26; 9090;      14 
26; 9290;      14 
26; 9489;      13 
26; 9689;      17 
26; 9889;      12 
27; 0088;      11 
27; 0288;      15 
27; 0487;      11 
27; 0687;      12 
27; 0887;      16 
27; 1086;      18 
27; 1286;      16 
27; 1485;      18 
27; 1685;      14 
27; 1885;      25 
27; 2084;      20 
27; 2284;      10 
27; 2484;      13 
27; 2683;      13 
27; 2883;      11 
27; 3082;      15 
27; 3282;      14 
27; 3482;      15 
27; 3681;      12 
27; 3881;      17 
27; 4081;      17 
27; 4280;      16 
27; 4480;      14 
27; 4679;      19 
27; 4879;      11 
27; 5079;      11 
27; 5278;      10 
27; 5478;      14 
27; 5678;      22 
27; 5877;      10 
27; 6077;      16 
27; 6276;      14 
27; 6476;      11 
27; 6676;      14 
27; 6875;      14 
27; 7075;      12 
27; 7275;      17 
27; 7474;      14 
27; 7674;      17 
27; 7873;       3 
27; 8073;      12 
27; 8273;      13 
27; 8472;      11 
27; 8672;      20 
27; 8871;      18 
27; 9071;      10 
27; 9271;       6 
27; 9470;      16 
27; 9670;      13 
27; 9870;      16 
28; 0069;      16 
28; 0269;      12 
28; 0468;      13 
28; 0668;      18 
28; 0868;      13 
28; 1067;      11 
28; 1267;      22 
28; 1467;      12 
28; 1666;      11 
28; 1866;      22 
28; 2065;      13 
28; 2265;      20 
28; 2465;      11 
28; 2664;      27 
28; 2864;      19 
28; 3064;      14 
28; 3263;      16 
28; 3463;      13 
28; 3662;      20 
28; 3862;      21 
28; 4062;      13 
28; 4261;      12 
28; 4461;      13 
28; 4661;      17 
28; 4860;       9 
28; 5060;      14 
28; 5259;       9 
28; 5459;      16 
28; 5659;      10 
28; 5858;      18 
28; 6058;       9 
28; 6257;      13 
28; 6457;      12 
28; 6657;      14 
28; 6856;      11 
28; 7056;      13 
28; 7256;       4 
28; 7455;       9 
28; 7655;      10 
28; 7854;      12 
28; 8054;       8 
28; 8254;      11 
28; 8453;      10 
28; 8653;      10 
28; 8853;       8 
28; 9052;       9 
28; 9252;      10 
28; 9451;       9 
28; 9651;      15 
28; 9851;      14 
29; 0050;       8 
29; 0250;       8 
29; 0450;      14 
29; 0649;      13 
29; 0849;       9 
29; 1048;      12 
29; 1248;       7 
29; 1448;       6 
29; 1647;      13 
29; 1847;       6 
29; 2047;       6 
29; 2246;       9 
29; 2446;      10 
29; 2645;      10 
29; 2845;       7 
29; 3045;       9 
29; 3244;      18 
29; 3444;       7 
29; 3643;      12 
29; 3843;      14 
29; 4043;      10 
29; 4242;       5 
29; 4442;      12 
29; 4642;       9 
29; 4841;       7 
29; 5041;      11 
29; 5240;      12 
29; 5440;       5 
29; 5640;      11 
29; 5839;       8 
29; 6039;      13 
29; 6239;       8 
29; 6438;      10 
29; 6638;       7 
29; 6837;       7 
29; 7037;       8 
29; 7237;       7 
29; 7436;       9 
29; 7636;       8 
29; 7836;       7 
29; 8035;      16 
29; 8235;       9 
29; 8434;      13 
29; 8634;      11 
29; 8834;       7 
29; 9033;       6 
29; 9233;       9 
29; 9433;      15 
29; 9632;      12 
29; 9832;       7 
30; 0031;       7 
30; 0231;       8 
30; 0431;      11 
30; 0630;       8 
30; 0830;      15 
30; 1029;       6 
30; 1229;       7 
30; 1429;      12 
30; 1628;       7 
30; 1828;       8 
30; 2028;      12 
30; 2227;       5 
30; 2427;       7 
30; 2626;       4 
30; 2826;       2 
30; 3026;       9 
30; 3225;       9 
30; 3425;       9 
30; 3625;       6 
30; 3824;       3 
30; 4024;       5 
30; 4223;       6 
30; 4423;      13 
30; 4623;       5 
30; 4822;       4 
30; 5022;       5 
30; 5222;       3 
30; 5421;       2 
30; 5621;       7 
30; 5820;      10 
30; 6020;       5 
30; 6220;       8 
30; 6419;       9 
30; 6619;       9 
30; 6819;       6 
30; 7018;       7 
30; 7218;       7 
30; 7417;       4 
30; 7617;       6 
30; 7817;      10 
30; 8016;       5 
30; 8216;       7 
30; 8415;       6 
30; 8615;       8 
30; 8815;       8 
30; 9014;       9 
30; 9214;       9 
30; 9414;       5 
30; 9613;       7 
30; 9813;       3 
31; 0012;       8 
31; 0212;       3 
31; 0412;       9 
31; 0611;       7 
31; 0811;       3 
31; 1011;       5 
31; 1210;       7 
31; 1410;       7 
31; 1609;       3 
31; 1809;       8 
31; 2009;       8 
31; 2208;       9 
31; 2408;       3 
31; 2608;       4 
31; 2807;       5 
31; 3007;       6 
31; 3206;       5 
31; 3406;       2 
31; 3606;       7 
31; 3805;       3 
31; 4005;       4 
31; 4205;       7 
31; 4404;       6 
31; 4604;       8 
31; 4803;       4 
31; 5003;       9 
31; 5203;       6 
31; 5402;       5 
31; 5602;       3 
31; 5802;       7 
31; 6001;       4 
31; 6201;       7 
31; 6400;       4 
31; 6600;       9 
31; 6800;       8 
31; 6999;       2 
31; 7199;       5 
31; 7398;       4 
31; 7598;       7 
31; 7798;       7 
31; 7997;       7 
31; 8197;       8 
31; 8397;       5 
31; 8596;      11 
31; 8796;       8 
31; 8995;       5 
31; 9195;       1 
31; 9395;       5 
31; 9594;       2 
31; 9794;       7 
31; 9994;       4 
32; 0193;       9 
32; 0393;       7 
32; 0592;       7 
32; 0792;       9 
32; 0992;       5 
32; 1191;       8 
32; 1391;       5 
32; 1591;       6 
32; 1790;       1 
32; 1990;       5 
32; 2189;       5 
32; 2389;       4 
32; 2589;       6 
32; 2788;       5 
32; 2988;       3 
32; 3188;       3 
32; 3387;       4 
32; 3587;       5 
32; 3786;       4 
32; 3986;       2 
32; 4186;       4 
32; 4385;       5 
32; 4585;       4 
32; 4784;       7 
32; 4984;       5 
32; 5184;       9 
32; 5383;       5 
32; 5583;       7 
32; 5783;       4 
32; 5982;       7 
32; 6182;       5 
32; 6381;       5 
32; 6581;       1 
32; 6781;       5 
32; 6980;       5 
32; 7180;       1 
32; 7380;       3 
32; 7579;       2 
32; 7779;       4 
32; 7978;       3 
32; 8178;       5 
32; 8378;       0 
32; 8577;       3 
32; 8777;       3 
32; 8977;       6 
32; 9176;       7 
32; 9376;       5 
32; 9575;       7 
32; 9775;       5 
32; 9975;       2 
33; 0174;       5 
33; 0374;       4 
33; 0574;       1 
33; 0773;       1 
33; 0973;       6 
33; 1172;       6 
33; 1372;       3 
33; 1572;       8 
33; 1771;       3 
33; 1971;       5 
33; 2170;       8 
33; 2370;       5 
33; 2570;       4 
33; 2769;       5 
33; 2969;       1 
33; 3169;       4 
33; 3368;       2 
33; 3568;       4 
33; 3767;       0 
33; 3967;       4 
33; 4167;       5 
33; 4366;       3 
33; 4566;       3 
33; 4766;       2 
33; 4965;       2 
33; 5165;       2 
33; 5364;       6 
33; 5564;       3 
33; 5764;       3 
33; 5963;       3 
33; 6163;       7 
33; 6363;       3 
33; 6562;       3 
33; 6762;       3 
33; 6961;       8 
33; 7161;       4 
33; 7361;       2 
33; 7560;       4 
33; 7760;       1 
33; 7960;       2 
33; 8159;       5 
33; 8359;       2 
33; 8558;       0 
33; 8758;       3 
33; 8958;       2 
33; 9157;       4 
33; 9357;       1 
33; 9556;       3 
33; 9756;       4 
33; 9956;       3 
34; 0155;       4 
34; 0355;       4 
34; 0555;       0 
34; 0754;       4 
34; 0954;       0 
34; 1153;       3 
34; 1353;       5 
34; 1553;       4 
34; 1752;       2 
34; 1952;       1 
34; 2152;      10 
34; 2351;       1 
34; 2551;       1 
34; 2750;       2 
34; 2950;       1 
34; 3150;       2 
34; 3349;       1 
34; 3549;       3 
34; 3749;       4 
34; 3948;       2 
34; 4148;       1 
34; 4347;       3 
34; 4547;       2 
34; 4747;       2 
34; 4946;       2 
34; 5146;       1 
34; 5346;       5 
34; 5545;       3 
34; 5745;       2 
34; 5944;       2 
34; 6144;       1 
34; 6344;       5 
34; 6543;       1 
34; 6743;       5 
34; 6942;       2 
34; 7142;       3 
34; 7342;       4 
34; 7541;       0 
34; 7741;       8 
34; 7941;       5 
34; 8140;       3 
34; 8340;       2 
34; 8539;       0 
34; 8739;       3 
34; 8939;       3 
34; 9138;       1 
34; 9338;       0 
34; 9538;       2 
34; 9737;       1 
34; 9937;       1 
35; 0136;       3 
35; 0336;       2 
35; 0536;       2 
35; 0735;       2 
35; 0935;       1 
35; 1135;       1 
35; 1334;       3 
35; 1534;       0 
35; 1733;       2 
35; 1933;       2 
35; 2133;       0 
35; 2332;       0 
35; 2532;       1 
35; 2732;       4 
35; 2931;       1 
35; 3131;       2 
35; 3330;       0 
35; 3530;       0 
35; 3730;       1 
35; 3929;       1 
35; 4129;       1 
35; 4328;       1 
35; 4528;       0 
35; 4728;       2 
35; 4927;       2 
35; 5127;       2 
35; 5327;       3 
35; 5526;       1 
35; 5726;       1 
35; 5925;       0 
35; 6125;       2 
35; 6325;       3 
35; 6524;       0 
35; 6724;       2 
35; 6924;       1 
35; 7123;       1 
35; 7323;       2 
35; 7522;       1 
35; 7722;       1 
35; 7922;       1 
35; 8121;       0 
35; 8321;       5 
35; 8521;       2 
35; 8720;       0 
35; 8920;       1 
35; 9119;       2 
35; 9319;       0 
35; 9519;       1 
35; 9718;       1 
35; 9918;       1 
36; 0118;       1 
36; 0317;       1 
36; 0517;       1 
36; 0716;       1 
36; 0916;       1 
36; 1116;       1 
36; 1315;       5 
36; 1515;       0 
36; 1714;       1 
36; 1914;       1 
36; 2114;       2 
36; 2313;       1 
36; 2513;       1 
36; 2713;       0 
36; 2912;       1 
36; 3112;       1 
36; 3311;       1 
36; 3511;       0 
36; 3711;       1 
36; 3910;       0 
36; 4110;       1 
36; 4310;       0 
36; 4509;       1 
36; 4709;       0 
36; 4908;       0 
36; 5108;       2 
36; 5308;       0 
36; 5507;       1 
36; 5707;       1 
36; 5907;       0 
36; 6106;       1 
36; 6306;       3 
36; 6505;       1 
36; 6705;       0 
36; 6905;       2 
36; 7104;       1 
36; 7304;       0 
36; 7504;       1 
36; 7703;       0 
36; 7903;       2 
36; 8102;       0 
36; 8302;       2 
36; 8502;       1 
36; 8701;       0 
36; 8901;       0 
36; 9100;       1 
36; 9300;       2 
36; 9500;       1 
36; 9699;       2 
36; 9899;       1 
37; 0099;       1 
37; 0298;       0 
37; 0498;       0 
37; 0697;       0 
37; 0897;       2 
37; 1097;       0 
37; 1296;       1 
37; 1496;       1 
37; 1696;       1 
37; 1895;       0 
37; 2095;       2 
37; 2294;       2 
37; 2494;       0 
37; 2694;       0 
37; 2893;       1 
37; 3093;       0 
37; 3293;       1 
37; 3492;       0 
37; 3692;       0 
37; 3891;       2 
37; 4091;       0 
37; 4291;       2 
37; 4490;       1 
37; 4690;       0 
37; 4890;       0 
37; 5089;       1 
37; 5289;       1 
37; 5488;       1 
37; 5688;       1 
37; 5888;       0 
37; 6087;       0 
37; 6287;       1 
37; 6486;       0 
37; 6686;       0 
37; 6886;       1 
37; 7085;       0 
37; 7285;       1 
37; 7485;       0 
37; 7684;       0 
37; 7884;       0 
37; 8083;       0 
37; 8283;       1 
37; 8483;       1 
37; 8682;       3 
37; 8882;       0 
37; 9082;       1 
37; 9281;       0 
37; 9481;       2 
37; 9680;       2 
37; 9880;       1 
38; 0080;       0 
38; 0279;       0 
38; 0479;       1 
38; 0679;       1 
38; 0878;       1 
38; 1078;       0 
38; 1277;       0 
38; 1477;       1 
38; 1677;       0 
38; 1876;       1 
38; 2076;       1 
38; 2276;       1 
38; 2475;       0 
38; 2675;       0 
38; 2874;       0 
38; 3074;       0 
38; 3274;       1 
38; 3473;       1 
38; 3673;       0 
38; 3872;       1 
38; 4072;       1 
38; 4272;       0 
38; 4471;       0 
38; 4671;       2 
38; 4871;       0 
38; 5070;       0 
38; 5270;       1 
38; 5469;       1 
38; 5669;       0 
38; 5869;       0 
38; 6068;       0 
38; 6268;       0 
38; 6468;       0 
38; 6667;       1 
38; 6867;       0 
38; 7066;       0 
38; 7266;       0 
38; 7466;       0 
38; 7665;       2 
38; 7865;       1 
38; 8065;       0 
38; 8264;       0 
38; 8464;       0 
38; 8663;       0 
38; 8863;       0 
38; 9063;       1 
38; 9262;       0 
38; 9462;       0 
38; 9662;       1 
38; 9861;       0 
39; 0061;       0 
39; 0260;       0 
39; 0460;       0 
39; 0660;       0 
39; 0859;       1 
39; 1059;       0 
39; 1258;       1 
39; 1458;       1 
39; 1658;       0 
39; 1857;       1 
39; 2057;       0 
39; 2257;       1 
39; 2456;       0 
39; 2656;       0 
39; 2855;       0 
39; 3055;       0 
39; 3255;       0 
39; 3454;       0 
39; 3654;       0 
39; 3854;       2 
39; 4053;       1 
39; 4253;       0 
39; 4452;       0 
39; 4652;       1 
39; 4852;       0 
39; 5051;       1 
39; 5251;       1 
39; 5451;       1 
39; 5650;       1 
39; 5850;       0 
39; 6049;       0 
39; 6249;       0 
39; 6449;       0 
39; 6648;       0 
39; 6848;       0 
39; 7048;       0 
39; 7247;       0 
39; 7447;       0 
39; 7646;       0 
39; 7846;       1 
39; 8046;       0 
39; 8245;       0 
39; 8445;       0 
39; 8644;       1 
39; 8844;       1 
39; 9044;       0 
39; 9243;       0 
39; 9443;       0 
39; 9643;       0 
39; 9842;       0 
40; 0042;       0 
40; 0241;       1 
40; 0441;       1 
40; 0641;       0 
40; 0840;       0 
40; 1040;       0 
40; 1240;       0 
40; 1439;       0 
40; 1639;       0 
40; 1838;       1 
40; 2038;       0 
40; 2238;       1 
40; 2437;       0 
40; 2637;       0 
40; 2837;       0 
40; 3036;       0 
40; 3236;       0 
40; 3435;       0 
40; 3635;       0 
40; 3835;       0 
40; 4034;       1 
40; 4234;       0 
40; 4434;       0 
40; 4633;       0 
40; 4833;       0 
40; 5032;       0 
40; 5232;       0 
40; 5432;       1 
40; 5631;       0 
40; 5831;       0 
40; 6031;       0 
40; 6230;       0 
40; 6430;       0 
40; 6629;       0 
40; 6829;       0 
40; 7029;       0 
40; 7228;       1 
40; 7428;       0 
40; 7627;       0 
40; 7827;       0 
40; 8027;       0 
40; 8226;       0 
40; 8426;       1 
40; 8626;       0 
