0; 0000;     246 
0; 0200;     207 
0; 0400;     165 
0; 0600;      94 
0; 0800;      65 
0; 1000;      40 
0; 1200;       6 
0; 1400;       8 
0; 1600;       3 
0; 1800;       1 
0; 2000;       3 
0; 2201;       0 
0; 2401;       0 
0; 2601;       1 
0; 2801;       0 
0; 3001;       0 
0; 3201;       2 
0; 3401;       2 
0; 3601;       0 
0; 3801;       1 
0; 4001;       0 
0; 4201;       0 
0; 4401;       0 
0; 4601;       0 
0; 4801;       1 
0; 5001;       0 
0; 5201;       2 
0; 5401;       1 
0; 5601;       3 
0; 5801;      38 
0; 6001;      77 
0; 6202;     114 
0; 6402;     193 
0; 6602;     238 
0; 6802;     251 
0; 7002;     238 
0; 7202;     242 
0; 7402;     230 
0; 7602;     217 
0; 7802;     214 
0; 8002;     231 
0; 8202;     211 
0; 8402;     190 
0; 8602;     185 
0; 8802;     201 
0; 9002;     192 
0; 9202;     211 
0; 9402;     201 
0; 9602;     188 
0; 9802;     179 
1; 0002;     193 
1; 0203;     169 
1; 0403;     177 
1; 0603;     174 
1; 0803;     195 
1; 1003;     180 
1; 1203;     174 
1; 1403;     171 
1; 1603;     172 
1; 1803;     177 
1; 2003;     162 
1; 2203;     171 
1; 2403;     170 
1; 2603;     152 
1; 2803;     159 
1; 3003;     167 
1; 3203;     149 
1; 3403;     160 
1; 3603;     138 
1; 3803;     161 
1; 4003;     158 
1; 4204;     149 
1; 4404;     168 
1; 4604;     152 
1; 4804;     146 
1; 5004;     154 
1; 5204;     152 
1; 5404;     159 
1; 5604;     142 
1; 5804;     144 
1; 6004;     154 
1; 6204;     144 
1; 6404;     165 
1; 6604;     152 
1; 6804;     162 
1; 7004;     171 
1; 7204;     182 
1; 7404;     172 
1; 7604;     158 
1; 7804;     181 
1; 8004;     145 
1; 8204;     136 
1; 8405;     140 
1; 8605;     160 
1; 8805;     147 
1; 9005;     148 
1; 9205;     150 
1; 9405;     166 
1; 9605;     159 
1; 9805;     177 
2; 0005;     173 
2; 0205;     165 
2; 0405;     171 
2; 0605;     151 
2; 0805;     142 
2; 1005;     179 
2; 1205;     176 
2; 1405;     152 
2; 1605;     165 
2; 1805;     184 
2; 2005;     199 
2; 2205;     192 
2; 2406;     207 
2; 2606;     228 
2; 2806;     244 
2; 3006;     232 
2; 3206;     260 
2; 3406;     197 
2; 3606;     238 
2; 3806;     241 
2; 4006;     227 
2; 4206;     260 
2; 4406;     220 
2; 4606;     243 
2; 4806;     250 
2; 5006;     308 
2; 5206;     357 
2; 5406;     433 
2; 5606;     517 
2; 5806;     619 
2; 6006;     817 
2; 6206;     916 
2; 6407;     908 
2; 6607;     987 
2; 6807;    1026 
2; 7007;     934 
2; 7207;     910 
2; 7407;     850 
2; 7607;     806 
2; 7807;     809 
2; 8007;     801 
2; 8207;     789 
2; 8407;     788 
2; 8607;     758 
2; 8807;     805 
2; 9007;     777 
2; 9207;     764 
2; 9407;     745 
2; 9607;     698 
2; 9807;     631 
3; 0007;     552 
3; 0207;     522 
3; 0408;     410 
3; 0608;     355 
3; 0808;     320 
3; 1008;     311 
3; 1208;     273 
3; 1408;     290 
3; 1608;     249 
3; 1808;     269 
3; 2008;     224 
3; 2208;     264 
3; 2408;     243 
3; 2608;     249 
3; 2808;     239 
3; 3008;     253 
3; 3208;     235 
3; 3408;     268 
3; 3608;     243 
3; 3808;     228 
3; 4008;     228 
3; 4208;     253 
3; 4409;     224 
3; 4609;     223 
3; 4809;     223 
3; 5009;     248 
3; 5209;     268 
3; 5409;     240 
3; 5609;     293 
3; 5809;     313 
3; 6009;     369 
3; 6209;     349 
3; 6409;     360 
3; 6609;     409 
3; 6809;     396 
3; 7009;     382 
3; 7209;     360 
3; 7409;     348 
3; 7609;     332 
3; 7809;     298 
3; 8009;     277 
3; 8209;     307 
3; 8409;     283 
3; 8610;     266 
3; 8810;     260 
3; 9010;     250 
3; 9210;     254 
3; 9410;     264 
3; 9610;     261 
3; 9810;     266 
4; 0010;     278 
4; 0210;     282 
4; 0410;     267 
4; 0610;     280 
4; 0810;     250 
4; 1010;     257 
4; 1210;     238 
4; 1410;     246 
4; 1610;     240 
4; 1810;     263 
4; 2010;     243 
4; 2210;     237 
4; 2410;     237 
4; 2611;     244 
4; 2811;     260 
4; 3011;     236 
4; 3211;     272 
4; 3411;     256 
4; 3611;     299 
4; 3811;     299 
4; 4011;     268 
4; 4211;     308 
4; 4411;     320 
4; 4611;     358 
4; 4811;     319 
4; 5011;     369 
4; 5211;     360 
4; 5411;     355 
4; 5611;     357 
4; 5811;     379 
4; 6011;     328 
4; 6211;     342 
4; 6411;     299 
4; 6612;     305 
4; 6812;     326 
4; 7012;     295 
4; 7212;     351 
4; 7412;     325 
4; 7612;     323 
4; 7812;     326 
4; 8012;     278 
4; 8212;     325 
4; 8412;     340 
4; 8612;     326 
4; 8812;     344 
4; 9012;     315 
4; 9212;     322 
4; 9412;     331 
4; 9612;     335 
4; 9812;     341 
5; 0012;     332 
5; 0212;     287 
5; 0412;     326 
5; 0613;     314 
5; 0813;     325 
5; 1013;     336 
5; 1213;     329 
5; 1413;     343 
5; 1613;     327 
5; 1813;     346 
5; 2013;     351 
5; 2213;     382 
5; 2413;     372 
5; 2613;     362 
5; 2813;     355 
5; 3013;     385 
5; 3213;     404 
5; 3413;     395 
5; 3613;     383 
5; 3813;     437 
5; 4013;     433 
5; 4213;     427 
5; 4413;     449 
5; 4613;     395 
5; 4814;     426 
5; 5014;     435 
5; 5214;     402 
5; 5414;     466 
5; 5614;     452 
5; 5814;     455 
5; 6014;     436 
5; 6214;     475 
5; 6414;     450 
5; 6614;     436 
5; 6814;     449 
5; 7014;     448 
5; 7214;     479 
5; 7414;     444 
5; 7614;     454 
5; 7814;     458 
5; 8014;     417 
5; 8214;     453 
5; 8414;     410 
5; 8614;     435 
5; 8815;     459 
5; 9015;     473 
5; 9215;     434 
5; 9415;     454 
5; 9615;     503 
5; 9815;     460 
6; 0015;     500 
6; 0215;     471 
6; 0415;     478 
6; 0615;     465 
6; 0815;     512 
6; 1015;     524 
6; 1215;     548 
6; 1415;     549 
6; 1615;     617 
6; 1815;     744 
6; 2015;     798 
6; 2215;     960 
6; 2415;    1117 
6; 2615;    1418 
6; 2816;    1515 
6; 3016;    1885 
6; 3216;    2239 
6; 3416;    2359 
6; 3616;    2669 
6; 3816;    2817 
6; 4016;    2877 
6; 4216;    2789 
6; 4416;    2443 
6; 4616;    2217 
6; 4816;    1811 
6; 5016;    1529 
6; 5216;    1230 
6; 5416;    1015 
6; 5616;     861 
6; 5816;     758 
6; 6016;     710 
6; 6216;     622 
6; 6416;     669 
6; 6616;     654 
6; 6817;     661 
6; 7017;     642 
6; 7217;     641 
6; 7417;     681 
6; 7617;     673 
6; 7817;     692 
6; 8017;     641 
6; 8217;     655 
6; 8417;     690 
6; 8617;     697 
6; 8817;     742 
6; 9017;     713 
6; 9217;     749 
6; 9417;     807 
6; 9617;     845 
6; 9817;     918 
7; 0017;     950 
7; 0217;    1026 
7; 0417;    1029 
7; 0617;    1040 
7; 0817;    1053 
7; 1018;    1014 
7; 1218;     981 
7; 1418;     958 
7; 1618;     935 
7; 1818;     927 
7; 2018;     872 
7; 2218;     818 
7; 2418;     889 
7; 2618;     894 
7; 2818;     883 
7; 3018;     942 
7; 3218;    1023 
7; 3418;    1023 
7; 3618;    1162 
7; 3818;    1232 
7; 4018;    1346 
7; 4218;    1485 
7; 4418;    1492 
7; 4618;    1570 
7; 4818;    1534 
7; 5019;    1598 
7; 5219;    1576 
7; 5419;    1513 
7; 5619;    1437 
7; 5819;    1383 
7; 6019;    1317 
7; 6219;    1256 
7; 6419;    1310 
7; 6619;    1386 
7; 6819;    1542 
7; 7019;    1547 
7; 7219;    1796 
7; 7419;    1902 
7; 7619;    2311 
7; 7819;    2974 
7; 8019;    4382 
7; 8219;    6727 
7; 8419;   11009 
7; 8619;   17737 
7; 8819;   28715 
7; 9020;   43970 
7; 9220;   64355 
7; 9420;   89446 
7; 9620;  118532 
7; 9820;  147639 
8; 0020;  171985 
8; 0220;  190609 
8; 0420;  198301 
8; 0620;  195188 
8; 0820;  181009 
8; 1020;  158307 
8; 1220;  129804 
8; 1420;  100223 
8; 1620;   73585 
8; 1820;   51378 
8; 2020;   33582 
8; 2220;   21238 
8; 2420;   12782 
8; 2620;    7760 
8; 2820;    4636 
8; 3021;    2999 
8; 3221;    2099 
8; 3421;    1592 
8; 3621;    1281 
8; 3821;    1156 
8; 4021;    1083 
8; 4221;    1021 
8; 4421;    1021 
8; 4621;    1012 
8; 4821;    1075 
8; 5021;    1092 
8; 5221;    1179 
8; 5421;    1218 
8; 5621;    1359 
8; 5821;    1480 
8; 6021;    1574 
8; 6221;    1694 
8; 6421;    1894 
8; 6621;    2152 
8; 6821;    2454 
8; 7022;    3133 
8; 7222;    4232 
8; 7422;    5483 
8; 7622;    7776 
8; 7822;   10689 
8; 8022;   14141 
8; 8222;   18069 
8; 8422;   21990 
8; 8622;   25818 
8; 8822;   28583 
8; 9022;   30114 
8; 9222;   29301 
8; 9422;   27903 
8; 9622;   24660 
8; 9822;   20769 
9; 0022;   16489 
9; 0222;   12473 
9; 0422;    9024 
9; 0622;    6171 
9; 0822;    3975 
9; 1022;    2568 
9; 1223;    1675 
9; 1423;    1051 
9; 1623;     649 
9; 1823;     469 
9; 2023;     399 
9; 2223;     314 
9; 2423;     281 
9; 2623;     283 
9; 2823;     261 
9; 3023;     251 
9; 3223;     235 
9; 3423;     230 
9; 3623;     227 
9; 3823;     223 
9; 4023;     209 
9; 4223;     255 
9; 4423;     226 
9; 4623;     238 
9; 4823;     227 
9; 5023;     240 
9; 5224;     257 
9; 5424;     258 
9; 5624;     229 
9; 5824;     262 
9; 6024;     246 
9; 6224;     232 
9; 6424;     232 
9; 6624;     225 
9; 6824;     214 
9; 7024;     197 
9; 7224;     176 
9; 7424;     186 
9; 7624;     203 
9; 7824;     193 
9; 8024;     196 
9; 8224;     172 
9; 8424;     175 
9; 8624;     170 
9; 8824;     182 
9; 9024;     168 
9; 9225;     197 
9; 9425;     173 
9; 9625;     177 
9; 9825;     171 
10; 0025;     167 
10; 0225;     181 
10; 0425;     186 
10; 0625;     173 
10; 0825;     172 
10; 1025;     164 
10; 1225;     158 
10; 1425;     156 
10; 1625;     167 
10; 1825;     151 
10; 2025;     175 
10; 2225;     178 
10; 2425;     166 
10; 2625;     148 
10; 2825;     136 
10; 3025;     164 
10; 3226;     147 
10; 3426;     168 
10; 3626;     217 
10; 3826;     202 
10; 4026;     223 
10; 4226;     239 
10; 4426;     274 
10; 4626;     268 
10; 4826;     336 
10; 5026;     334 
10; 5226;     345 
10; 5426;     355 
10; 5626;     377 
10; 5826;     362 
10; 6026;     333 
10; 6226;     305 
10; 6426;     308 
10; 6626;     262 
10; 6826;     275 
10; 7026;     260 
10; 7226;     206 
10; 7427;     194 
10; 7627;     184 
10; 7827;     225 
10; 8027;     168 
10; 8227;     173 
10; 8427;     194 
10; 8627;     162 
10; 8827;     165 
10; 9027;     164 
10; 9227;     174 
10; 9427;     181 
10; 9627;     177 
10; 9827;     177 
11; 0027;     179 
11; 0227;     150 
11; 0427;     153 
11; 0627;     134 
11; 0827;     170 
11; 1027;     151 
11; 1227;     159 
11; 1428;     126 
11; 1628;     118 
11; 1828;     131 
11; 2028;     129 
11; 2228;     150 
11; 2428;     135 
11; 2628;     136 
11; 2828;     134 
11; 3028;     124 
11; 3228;     142 
11; 3428;     117 
11; 3628;     127 
11; 3828;     141 
11; 4028;     120 
11; 4228;     132 
11; 4428;     129 
11; 4628;     127 
11; 4828;     119 
11; 5028;     125 
11; 5228;     146 
11; 5429;     134 
11; 5629;     144 
11; 5829;     122 
11; 6029;     138 
11; 6229;     160 
11; 6429;     126 
11; 6629;     127 
11; 6829;     148 
11; 7029;     155 
11; 7229;     156 
11; 7429;     132 
11; 7629;     166 
11; 7829;     174 
11; 8029;     158 
11; 8229;     186 
11; 8429;     191 
11; 8629;     188 
11; 8829;     234 
11; 9029;     193 
11; 9229;     180 
11; 9430;     190 
11; 9630;     169 
11; 9830;     167 
12; 0030;     174 
12; 0230;     161 
12; 0430;     148 
12; 0630;     167 
12; 0830;     138 
12; 1030;     125 
12; 1230;     126 
12; 1430;     129 
12; 1630;     124 
12; 1830;     124 
12; 2030;     139 
12; 2230;     116 
12; 2430;     119 
12; 2630;     132 
12; 2830;     122 
12; 3030;     123 
12; 3230;     111 
12; 3430;     142 
12; 3631;     122 
12; 3831;     139 
12; 4031;     137 
12; 4231;     134 
12; 4431;     128 
12; 4631;     173 
12; 4831;     158 
12; 5031;     159 
12; 5231;     170 
12; 5431;     194 
12; 5631;     234 
12; 5831;     240 
12; 6031;     261 
12; 6231;     245 
12; 6431;     240 
12; 6631;     244 
12; 6831;     256 
12; 7031;     212 
12; 7231;     161 
12; 7431;     187 
12; 7632;     164 
12; 7832;     163 
12; 8032;     134 
12; 8232;     155 
12; 8432;     131 
12; 8632;     120 
12; 8832;     122 
12; 9032;     105 
12; 9232;     110 
12; 9432;      92 
12; 9632;     107 
12; 9832;     119 
13; 0032;     106 
13; 0232;     102 
13; 0432;     113 
13; 0632;      89 
13; 0832;     112 
13; 1032;     110 
13; 1232;     113 
13; 1432;     137 
13; 1633;     107 
13; 1833;     111 
13; 2033;     117 
13; 2233;     102 
13; 2433;     125 
13; 2633;     127 
13; 2833;     101 
13; 3033;     130 
13; 3233;      98 
13; 3433;     119 
13; 3633;     120 
13; 3833;      89 
13; 4033;     101 
13; 4233;     138 
13; 4433;      97 
13; 4633;      88 
13; 4833;     101 
13; 5033;     108 
13; 5233;     124 
13; 5433;     101 
13; 5634;      91 
13; 5834;      94 
13; 6034;      94 
13; 6234;     111 
13; 6434;      80 
13; 6634;      96 
13; 6834;     101 
13; 7034;      99 
13; 7234;      99 
13; 7434;      99 
13; 7634;      91 
13; 7834;      84 
13; 8034;     107 
13; 8234;      94 
13; 8434;      85 
13; 8634;      90 
13; 8834;      97 
13; 9034;     111 
13; 9234;     101 
13; 9434;     102 
13; 9634;      97 
13; 9835;      96 
14; 0035;      94 
14; 0235;      78 
14; 0435;     103 
14; 0635;     102 
14; 0835;     114 
14; 1035;     109 
14; 1235;      94 
14; 1435;      95 
14; 1635;     108 
14; 1835;     108 
14; 2035;     102 
14; 2235;     117 
14; 2435;     104 
14; 2635;     125 
14; 2835;     112 
14; 3035;     139 
14; 3235;     142 
14; 3435;     123 
14; 3635;     149 
14; 3836;     170 
14; 4036;     152 
14; 4236;     154 
14; 4436;     193 
14; 4636;     168 
14; 4836;     176 
14; 5036;     169 
14; 5236;     141 
14; 5436;     159 
14; 5636;     155 
14; 5836;     141 
14; 6036;     127 
14; 6236;     114 
14; 6436;     119 
14; 6636;     117 
14; 6836;     103 
14; 7036;     104 
14; 7236;     129 
14; 7436;     118 
14; 7636;     126 
14; 7837;     117 
14; 8037;     116 
14; 8237;     101 
14; 8437;     124 
14; 8637;     105 
14; 8837;      98 
14; 9037;     111 
14; 9237;      98 
14; 9437;     127 
14; 9637;     120 
14; 9837;      98 
15; 0037;     111 
15; 0237;     105 
15; 0437;     113 
15; 0637;     119 
15; 0837;     111 
15; 1037;     115 
15; 1237;      90 
15; 1437;     118 
15; 1637;     103 
15; 1838;     115 
15; 2038;     114 
15; 2238;      96 
15; 2438;     116 
15; 2638;     102 
15; 2838;     112 
15; 3038;     110 
15; 3238;     117 
15; 3438;     110 
15; 3638;     102 
15; 3838;     118 
15; 4038;     103 
15; 4238;     113 
15; 4438;     137 
15; 4638;     112 
15; 4838;     135 
15; 5038;     151 
15; 5238;     127 
15; 5438;     129 
15; 5638;     132 
15; 5839;     133 
15; 6039;     136 
15; 6239;     118 
15; 6439;     114 
15; 6639;     117 
15; 6839;     112 
15; 7039;     119 
15; 7239;     129 
15; 7439;     112 
15; 7639;     129 
15; 7839;     120 
15; 8039;     175 
15; 8239;     186 
15; 8439;     225 
15; 8639;     285 
15; 8839;     352 
15; 9039;     504 
15; 9239;     658 
15; 9439;     822 
15; 9639;    1109 
15; 9839;    1332 
16; 0040;    1804 
16; 0240;    2079 
16; 0440;    2400 
16; 0640;    2673 
16; 0840;    2930 
16; 1040;    3069 
16; 1240;    3082 
16; 1440;    2964 
16; 1640;    2833 
16; 1840;    2483 
16; 2040;    2096 
16; 2240;    1799 
16; 2440;    1376 
16; 2640;    1154 
16; 2840;     894 
16; 3040;     611 
16; 3240;     453 
16; 3440;     365 
16; 3640;     249 
16; 3840;     190 
16; 4041;     155 
16; 4241;     126 
16; 4441;     132 
16; 4641;     111 
16; 4841;     104 
16; 5041;      93 
16; 5241;     103 
16; 5441;     116 
16; 5641;     107 
16; 5841;     113 
16; 6041;     110 
16; 6241;     103 
16; 6441;     122 
16; 6641;     132 
16; 6841;     144 
16; 7041;     152 
16; 7241;     140 
16; 7441;     186 
16; 7641;     229 
16; 7841;     249 
16; 8042;     311 
16; 8242;     407 
16; 8442;     463 
16; 8642;     566 
16; 8842;     627 
16; 9042;     779 
16; 9242;     854 
16; 9442;     886 
16; 9642;     946 
16; 9842;     986 
17; 0042;     912 
17; 0242;     876 
17; 0442;     765 
17; 0642;     654 
17; 0842;     651 
17; 1042;     495 
17; 1242;     403 
17; 1442;     324 
17; 1642;     246 
17; 1842;     209 
17; 2043;     158 
17; 2243;     127 
17; 2443;     112 
17; 2643;      80 
17; 2843;      66 
17; 3043;      64 
17; 3243;      67 
17; 3443;      57 
17; 3643;      60 
17; 3843;      65 
17; 4043;      65 
17; 4243;      75 
17; 4443;      67 
17; 4643;      63 
17; 4843;      73 
17; 5043;      62 
17; 5243;      74 
17; 5443;      56 
17; 5643;      73 
17; 5843;      80 
17; 6043;      73 
17; 6244;      67 
17; 6444;      83 
17; 6644;      76 
17; 6844;      74 
17; 7044;      92 
17; 7244;      96 
17; 7444;      90 
17; 7644;      99 
17; 7844;     121 
17; 8044;     114 
17; 8244;     107 
17; 8444;     131 
17; 8644;     119 
17; 8844;     122 
17; 9044;     114 
17; 9244;      98 
17; 9444;     101 
17; 9644;     101 
17; 9844;      73 
18; 0044;      88 
18; 0245;      81 
18; 0445;      78 
18; 0645;      65 
18; 0845;      71 
18; 1045;      69 
18; 1245;      63 
18; 1445;      51 
18; 1645;      57 
18; 1845;      54 
18; 2045;      56 
18; 2245;      65 
18; 2445;      59 
18; 2645;      67 
18; 2845;      48 
18; 3045;      60 
18; 3245;      71 
18; 3445;      62 
18; 3645;      60 
18; 3845;      62 
18; 4045;      66 
18; 4246;      70 
18; 4446;      74 
18; 4646;      70 
18; 4846;      61 
18; 5046;      63 
18; 5246;      70 
18; 5446;      72 
18; 5646;      91 
18; 5846;      88 
18; 6046;     100 
18; 6246;      82 
18; 6446;     103 
18; 6646;      98 
18; 6846;      75 
18; 7046;      82 
18; 7246;     101 
18; 7446;     103 
18; 7646;     109 
18; 7846;     115 
18; 8046;     107 
18; 8247;     106 
18; 8447;     130 
18; 8647;     142 
18; 8847;     131 
18; 9047;     115 
18; 9247;     135 
18; 9447;     145 
18; 9647;     140 
18; 9847;     150 
19; 0047;     132 
19; 0247;     158 
19; 0447;     149 
19; 0647;     144 
19; 0847;     136 
19; 1047;     133 
19; 1247;     126 
19; 1447;     143 
19; 1647;     137 
19; 1847;     129 
19; 2047;     139 
19; 2247;     124 
19; 2448;     115 
19; 2648;     105 
19; 2848;     128 
19; 3048;     120 
19; 3248;     105 
19; 3448;     104 
19; 3648;     110 
19; 3848;      89 
19; 4048;      98 
19; 4248;      78 
19; 4448;      70 
19; 4648;      69 
19; 4848;      60 
19; 5048;      75 
19; 5248;      70 
19; 5448;      70 
19; 5648;      60 
19; 5848;      62 
19; 6048;      49 
19; 6248;      52 
19; 6449;      59 
19; 6649;      54 
19; 6849;      69 
19; 7049;      55 
19; 7249;      41 
19; 7449;      65 
19; 7649;      43 
19; 7849;      49 
19; 8049;      50 
19; 8249;      57 
19; 8449;      51 
19; 8649;      57 
19; 8849;      53 
19; 9049;      74 
19; 9249;      66 
19; 9449;      74 
19; 9649;      76 
19; 9849;      78 
20; 0049;      86 
20; 0249;     107 
20; 0450;     138 
20; 0650;     124 
20; 0850;     138 
20; 1050;     140 
20; 1250;     168 
20; 1450;     168 
20; 1650;     164 
20; 1850;     165 
20; 2050;     172 
20; 2250;     181 
20; 2450;     186 
20; 2650;     175 
20; 2850;     147 
20; 3050;     122 
20; 3250;     131 
20; 3450;     115 
20; 3650;      93 
20; 3850;      79 
20; 4050;      85 
20; 4250;      43 
20; 4451;      57 
20; 4651;      46 
20; 4851;      46 
20; 5051;      42 
20; 5251;      47 
20; 5451;      44 
20; 5651;      40 
20; 5851;      34 
20; 6051;      48 
20; 6251;      38 
20; 6451;      61 
20; 6651;      50 
20; 6851;      39 
20; 7051;      44 
20; 7251;      41 
20; 7451;      34 
20; 7651;      44 
20; 7851;      44 
20; 8051;      38 
20; 8251;      42 
20; 8452;      34 
20; 8652;      44 
20; 8852;      45 
20; 9052;      44 
20; 9252;      42 
20; 9452;      58 
20; 9652;      50 
20; 9852;      61 
21; 0052;      63 
21; 0252;      48 
21; 0452;      63 
21; 0652;      58 
21; 0852;      69 
21; 1052;      69 
21; 1252;      68 
21; 1452;      78 
21; 1652;      65 
21; 1852;      73 
21; 2052;      69 
21; 2252;      66 
21; 2452;      78 
21; 2653;      76 
21; 2853;      61 
21; 3053;      74 
21; 3253;      52 
21; 3453;      61 
21; 3653;      43 
21; 3853;      48 
21; 4053;      70 
21; 4253;      46 
21; 4453;      50 
21; 4653;      36 
21; 4853;      42 
21; 5053;      36 
21; 5253;      48 
21; 5453;      32 
21; 5653;      43 
21; 5853;      39 
21; 6053;      47 
21; 6253;      36 
21; 6453;      34 
21; 6654;      47 
21; 6854;      40 
21; 7054;      41 
21; 7254;      40 
21; 7454;      39 
21; 7654;      43 
21; 7854;      31 
21; 8054;      32 
21; 8254;      40 
21; 8454;      40 
21; 8654;      37 
21; 8854;      43 
21; 9054;      36 
21; 9254;      42 
21; 9454;      39 
21; 9654;      39 
21; 9854;      54 
22; 0054;      48 
22; 0254;      46 
22; 0454;      55 
22; 0655;      45 
22; 0855;      42 
22; 1055;      54 
22; 1255;      60 
22; 1455;      56 
22; 1655;      52 
22; 1855;      42 
22; 2055;      56 
22; 2255;      52 
22; 2455;      46 
22; 2655;      53 
22; 2855;      43 
22; 3055;      44 
22; 3255;      41 
22; 3455;      42 
22; 3655;      43 
22; 3855;      32 
22; 4055;      41 
22; 4255;      44 
22; 4455;      38 
22; 4656;      34 
22; 4856;      42 
22; 5056;      18 
22; 5256;      35 
22; 5456;      38 
22; 5656;      38 
22; 5856;      32 
22; 6056;      44 
22; 6256;      36 
22; 6456;      47 
22; 6656;      40 
22; 6856;      43 
22; 7056;      50 
22; 7256;      59 
22; 7456;      53 
22; 7656;      40 
22; 7856;      47 
22; 8056;      32 
22; 8256;      47 
22; 8456;      45 
22; 8656;      28 
22; 8857;      40 
22; 9057;      33 
22; 9257;      26 
22; 9457;      24 
22; 9657;      34 
22; 9857;      26 
23; 0057;      28 
23; 0257;      26 
23; 0457;      30 
23; 0657;      25 
23; 0857;      31 
23; 1057;      30 
23; 1257;      22 
23; 1457;      30 
23; 1657;      35 
23; 1857;      19 
23; 2057;      32 
23; 2257;      31 
23; 2457;      25 
23; 2657;      29 
23; 2858;      30 
23; 3058;      30 
23; 3258;      20 
23; 3458;      25 
23; 3658;      31 
23; 3858;      30 
23; 4058;      25 
23; 4258;      23 
23; 4458;      27 
23; 4658;      16 
23; 4858;      20 
23; 5058;      16 
23; 5258;      18 
23; 5458;      22 
23; 5658;      37 
23; 5858;      22 
23; 6058;      22 
23; 6258;      22 
23; 6458;      27 
23; 6658;      25 
23; 6859;      26 
23; 7059;      26 
23; 7259;      24 
23; 7459;      29 
23; 7659;      20 
23; 7859;      30 
23; 8059;      21 
23; 8259;      20 
23; 8459;      23 
23; 8659;      28 
23; 8859;      23 
23; 9059;      26 
23; 9259;      25 
23; 9459;      29 
23; 9659;      21 
23; 9859;      33 
24; 0059;      35 
24; 0259;      32 
24; 0459;      39 
24; 0659;      51 
24; 0860;      30 
24; 1060;      39 
24; 1260;      53 
24; 1460;      32 
24; 1660;      36 
24; 1860;      40 
24; 2060;      42 
24; 2260;      47 
24; 2460;      44 
24; 2660;      43 
24; 2860;      31 
24; 3060;      33 
24; 3260;      32 
24; 3460;      26 
24; 3660;      33 
24; 3860;      28 
24; 4060;      30 
24; 4260;      24 
24; 4460;      17 
24; 4660;      24 
24; 4860;      18 
24; 5061;      23 
24; 5261;      15 
24; 5461;      27 
24; 5661;      23 
24; 5861;      19 
24; 6061;      21 
24; 6261;      30 
24; 6461;      18 
24; 6661;      20 
24; 6861;      20 
24; 7061;      19 
24; 7261;      30 
24; 7461;      18 
24; 7661;      25 
24; 7861;      12 
24; 8061;      16 
24; 8261;      20 
24; 8461;      36 
24; 8661;      20 
24; 8861;      21 
24; 9062;      31 
24; 9262;      38 
24; 9462;      18 
24; 9662;      32 
24; 9862;      36 
25; 0062;      30 
25; 0262;      25 
25; 0462;      31 
25; 0662;      32 
25; 0862;      26 
25; 1062;      24 
25; 1262;      32 
25; 1462;      27 
25; 1662;      24 
25; 1862;      22 
25; 2062;      29 
25; 2262;      17 
25; 2462;      19 
25; 2662;      15 
25; 2862;      29 
25; 3063;      25 
25; 3263;      25 
25; 3463;      25 
25; 3663;      18 
25; 3863;      17 
25; 4063;      15 
25; 4263;      18 
25; 4463;      18 
25; 4663;      17 
25; 4863;      15 
25; 5063;      22 
25; 5263;      15 
25; 5463;      15 
25; 5663;      12 
25; 5863;      16 
25; 6063;      19 
25; 6263;      21 
25; 6463;      22 
25; 6663;      16 
25; 6863;      12 
25; 7064;      11 
25; 7264;      11 
25; 7464;      10 
25; 7664;      19 
25; 7864;      15 
25; 8064;      18 
25; 8264;      14 
25; 8464;      17 
25; 8664;      20 
25; 8864;      12 
25; 9064;      21 
25; 9264;      20 
25; 9464;      16 
25; 9664;      25 
25; 9864;      30 
26; 0064;      28 
26; 0264;      24 
26; 0464;      31 
26; 0664;      27 
26; 0864;      14 
26; 1065;      21 
26; 1265;      26 
26; 1465;      21 
26; 1665;      30 
26; 1865;      31 
26; 2065;      26 
26; 2265;      24 
26; 2465;      36 
26; 2665;      28 
26; 2865;      36 
26; 3065;      30 
26; 3265;      30 
26; 3465;      40 
26; 3665;      40 
26; 3865;      29 
26; 4065;      28 
26; 4265;      44 
26; 4465;      38 
26; 4665;      28 
26; 4865;      25 
26; 5065;      21 
26; 5266;      30 
26; 5466;      15 
26; 5666;      32 
26; 5866;      25 
26; 6066;      16 
26; 6266;      24 
26; 6466;      19 
26; 6666;      12 
26; 6866;      16 
26; 7066;      17 
26; 7266;      22 
26; 7466;      12 
26; 7666;      15 
26; 7866;      19 
26; 8066;      20 
26; 8266;      12 
26; 8466;      19 
26; 8666;      20 
26; 8866;      24 
26; 9066;      12 
26; 9267;      12 
26; 9467;      21 
26; 9667;      14 
26; 9867;      12 
27; 0067;       9 
27; 0267;      16 
27; 0467;      14 
27; 0667;      21 
27; 0867;      15 
27; 1067;      15 
27; 1267;      11 
27; 1467;      20 
27; 1667;      10 
27; 1867;      16 
27; 2067;      10 
27; 2267;      17 
27; 2467;      17 
27; 2667;      12 
27; 2867;      12 
27; 3067;      10 
27; 3268;      25 
27; 3468;      19 
27; 3668;      10 
27; 3868;      16 
27; 4068;      12 
27; 4268;      16 
27; 4468;      16 
27; 4668;      16 
27; 4868;      18 
27; 5068;      10 
27; 5268;       5 
27; 5468;      10 
27; 5668;      13 
27; 5868;      17 
27; 6068;       8 
27; 6268;      21 
27; 6468;      15 
27; 6668;      14 
27; 6868;      15 
27; 7068;      14 
27; 7269;      11 
27; 7469;      11 
27; 7669;      12 
27; 7869;       8 
27; 8069;      10 
27; 8269;       9 
27; 8469;      13 
27; 8669;      11 
27; 8869;      10 
27; 9069;      14 
27; 9269;      12 
27; 9469;      11 
27; 9669;      17 
27; 9869;      17 
28; 0069;      13 
28; 0269;      13 
28; 0469;      11 
28; 0669;      17 
28; 0869;      12 
28; 1069;      14 
28; 1269;      17 
28; 1470;      21 
28; 1670;      13 
28; 1870;       9 
28; 2070;      11 
28; 2270;      13 
28; 2470;      16 
28; 2670;      19 
28; 2870;      20 
28; 3070;       6 
28; 3270;      23 
28; 3470;      10 
28; 3670;      19 
28; 3870;      13 
28; 4070;       9 
28; 4270;      12 
28; 4470;       9 
28; 4670;      15 
28; 4870;      10 
28; 5070;      13 
28; 5270;      11 
28; 5471;       7 
28; 5671;      10 
28; 5871;      14 
28; 6071;      11 
28; 6271;       7 
28; 6471;      10 
28; 6671;       5 
28; 6871;       9 
28; 7071;      14 
28; 7271;       7 
28; 7471;      11 
28; 7671;      15 
28; 7871;      15 
28; 8071;       8 
28; 8271;      12 
28; 8471;       7 
28; 8671;       6 
28; 8871;      12 
28; 9071;      14 
28; 9271;      11 
28; 9472;       7 
28; 9672;       8 
28; 9872;      10 
29; 0072;       9 
29; 0272;      10 
29; 0472;      10 
29; 0672;       7 
29; 0872;       7 
29; 1072;      12 
29; 1272;      12 
29; 1472;       4 
29; 1672;      13 
29; 1872;      14 
29; 2072;       8 
29; 2272;      16 
29; 2472;      12 
29; 2672;       9 
29; 2872;      21 
29; 3072;      20 
29; 3272;       6 
29; 3473;       8 
29; 3673;       6 
29; 3873;       9 
29; 4073;      12 
29; 4273;       7 
29; 4473;      15 
29; 4673;       9 
29; 4873;      12 
29; 5073;      12 
29; 5273;       8 
29; 5473;       8 
29; 5673;      14 
29; 5873;       7 
29; 6073;      12 
29; 6273;      17 
29; 6473;      12 
29; 6673;      11 
29; 6873;      10 
29; 7073;      14 
29; 7273;      17 
29; 7473;      19 
29; 7674;      11 
29; 7874;      12 
29; 8074;      12 
29; 8274;      10 
29; 8474;      10 
29; 8674;      10 
29; 8874;       9 
29; 9074;       3 
29; 9274;      15 
29; 9474;      13 
29; 9674;      16 
29; 9874;      10 
30; 0074;      10 
30; 0274;       9 
30; 0474;       9 
30; 0674;       5 
30; 0874;       6 
30; 1074;       8 
30; 1274;       8 
30; 1474;       7 
30; 1675;      10 
30; 1875;       7 
30; 2075;      11 
30; 2275;      13 
30; 2475;       6 
30; 2675;      13 
30; 2875;      10 
30; 3075;      10 
30; 3275;       7 
30; 3475;       9 
30; 3675;       7 
30; 3875;       5 
30; 4075;      11 
30; 4275;      16 
30; 4475;      16 
30; 4675;      16 
30; 4875;       6 
30; 5075;       6 
30; 5275;       7 
30; 5475;       6 
30; 5676;      10 
30; 5876;      11 
30; 6076;       6 
30; 6276;       6 
30; 6476;       8 
30; 6676;       7 
30; 6876;      12 
30; 7076;       2 
30; 7276;       7 
30; 7476;       9 
30; 7676;       4 
30; 7876;       7 
30; 8076;       9 
30; 8276;      10 
30; 8476;      11 
30; 8676;      11 
30; 8876;       4 
30; 9076;       6 
30; 9276;       7 
30; 9476;       6 
30; 9677;       3 
30; 9877;       4 
31; 0077;       3 
31; 0277;      12 
31; 0477;       2 
31; 0677;       3 
31; 0877;       7 
31; 1077;       1 
31; 1277;       8 
31; 1477;       8 
31; 1677;       8 
31; 1877;       7 
31; 2077;       1 
31; 2277;      12 
31; 2477;       7 
31; 2677;       7 
31; 2877;       6 
31; 3077;       6 
31; 3277;       9 
31; 3477;      11 
31; 3677;       7 
31; 3878;       7 
31; 4078;       4 
31; 4278;       7 
31; 4478;       5 
31; 4678;      11 
31; 4878;      11 
31; 5078;       6 
31; 5278;       8 
31; 5478;       4 
31; 5678;      12 
31; 5878;       8 
31; 6078;       7 
31; 6278;       7 
31; 6478;       6 
31; 6678;       6 
31; 6878;       5 
31; 7078;       3 
31; 7278;      11 
31; 7478;       7 
31; 7678;       5 
31; 7879;       5 
31; 8079;       4 
31; 8279;       8 
31; 8479;      12 
31; 8679;       3 
31; 8879;       6 
31; 9079;       6 
31; 9279;       8 
31; 9479;       6 
31; 9679;       5 
31; 9879;       6 
32; 0079;       4 
32; 0279;       4 
32; 0479;       7 
32; 0679;       3 
32; 0879;       5 
32; 1079;       6 
32; 1279;       5 
32; 1479;       4 
32; 1679;       7 
32; 1880;       7 
32; 2080;       6 
32; 2280;       3 
32; 2480;       4 
32; 2680;       6 
32; 2880;       3 
32; 3080;       2 
32; 3280;       2 
32; 3480;       5 
32; 3680;       3 
32; 3880;       2 
32; 4080;       4 
32; 4280;       2 
32; 4480;       0 
32; 4680;       4 
32; 4880;       3 
32; 5080;       6 
32; 5280;       3 
32; 5480;       4 
32; 5680;       5 
32; 5881;       4 
32; 6081;       3 
32; 6281;       4 
32; 6481;       2 
32; 6681;       4 
32; 6881;       2 
32; 7081;       3 
32; 7281;       2 
32; 7481;       5 
32; 7681;       6 
32; 7881;       6 
32; 8081;       3 
32; 8281;       3 
32; 8481;       6 
32; 8681;       8 
32; 8881;       6 
32; 9081;       2 
32; 9281;       4 
32; 9481;       7 
32; 9681;       2 
32; 9882;       7 
33; 0082;       4 
33; 0282;       7 
33; 0482;       3 
33; 0682;       5 
33; 0882;       3 
33; 1082;       2 
33; 1282;       0 
33; 1482;       5 
33; 1682;       3 
33; 1882;       4 
33; 2082;       4 
33; 2282;       1 
33; 2482;       3 
33; 2682;       4 
33; 2882;       3 
33; 3082;       7 
33; 3282;       5 
33; 3482;       2 
33; 3682;       6 
33; 3882;       3 
33; 4083;       3 
33; 4283;       3 
33; 4483;       2 
33; 4683;       5 
33; 4883;       1 
33; 5083;       3 
33; 5283;       2 
33; 5483;       3 
33; 5683;       2 
33; 5883;       2 
33; 6083;       2 
33; 6283;       5 
33; 6483;       6 
33; 6683;       3 
33; 6883;       8 
33; 7083;       3 
33; 7283;       2 
33; 7483;       2 
33; 7683;       4 
33; 7883;       2 
33; 8084;       2 
33; 8284;       5 
33; 8484;       6 
33; 8684;       1 
33; 8884;       2 
33; 9084;       3 
33; 9284;       1 
33; 9484;       2 
33; 9684;       2 
33; 9884;       3 
34; 0084;       2 
34; 0284;       1 
34; 0484;       3 
34; 0684;       3 
34; 0884;       2 
34; 1084;       0 
34; 1284;       4 
34; 1484;       3 
34; 1684;       3 
34; 1884;       3 
34; 2085;       4 
34; 2285;       5 
34; 2485;       3 
34; 2685;       2 
34; 2885;       4 
34; 3085;       5 
34; 3285;       3 
34; 3485;       1 
34; 3685;       4 
34; 3885;       3 
34; 4085;       4 
34; 4285;       4 
34; 4485;       3 
34; 4685;       3 
34; 4885;       1 
34; 5085;       3 
34; 5285;       1 
34; 5485;       3 
34; 5685;       1 
34; 5885;       2 
34; 6086;       3 
34; 6286;       8 
34; 6486;       3 
34; 6686;       1 
34; 6886;       3 
34; 7086;       2 
34; 7286;       1 
34; 7486;       2 
34; 7686;       2 
34; 7886;       2 
34; 8086;       0 
34; 8286;       2 
34; 8486;       6 
34; 8686;       0 
34; 8886;       4 
34; 9086;       2 
34; 9286;       3 
34; 9486;       5 
34; 9686;       0 
34; 9886;       2 
35; 0086;       3 
35; 0287;       0 
35; 0487;       3 
35; 0687;       0 
35; 0887;       1 
35; 1087;       1 
35; 1287;       3 
35; 1487;       1 
35; 1687;       2 
35; 1887;       2 
35; 2087;       3 
35; 2287;       2 
35; 2487;       1 
35; 2687;       1 
35; 2887;       2 
35; 3087;       0 
35; 3287;       0 
35; 3487;       0 
35; 3687;       2 
35; 3887;       1 
35; 4087;       1 
35; 4288;       1 
35; 4488;       1 
35; 4688;       1 
35; 4888;       1 
35; 5088;       3 
35; 5288;       0 
35; 5488;       2 
35; 5688;       0 
35; 5888;       2 
35; 6088;       2 
35; 6288;       1 
35; 6488;       1 
35; 6688;       1 
35; 6888;       0 
35; 7088;       0 
35; 7288;       1 
35; 7488;       2 
35; 7688;       1 
35; 7888;       0 
35; 8088;       0 
35; 8289;       1 
35; 8489;       3 
35; 8689;       0 
35; 8889;       0 
35; 9089;       0 
35; 9289;       0 
35; 9489;       0 
35; 9689;       2 
35; 9889;       1 
36; 0089;       2 
36; 0289;       0 
36; 0489;       3 
36; 0689;       0 
36; 0889;       0 
36; 1089;       1 
36; 1289;       1 
36; 1489;       0 
36; 1689;       1 
36; 1889;       0 
36; 2089;       0 
36; 2290;       0 
36; 2490;       1 
36; 2690;       2 
36; 2890;       0 
36; 3090;       0 
36; 3290;       2 
36; 3490;       1 
36; 3690;       0 
36; 3890;       1 
36; 4090;       0 
36; 4290;       3 
36; 4490;       0 
36; 4690;       0 
36; 4890;       1 
36; 5090;       0 
36; 5290;       1 
36; 5490;       0 
36; 5690;       0 
36; 5890;       0 
36; 6090;       1 
36; 6290;       0 
36; 6491;       0 
36; 6691;       0 
36; 6891;       0 
36; 7091;       0 
36; 7291;       1 
36; 7491;       2 
36; 7691;       2 
36; 7891;       0 
36; 8091;       0 
36; 8291;       0 
36; 8491;       2 
36; 8691;       1 
36; 8891;       0 
36; 9091;       1 
36; 9291;       3 
36; 9491;       0 
36; 9691;       1 
36; 9891;       0 
37; 0091;       0 
37; 0291;       3 
37; 0492;       1 
37; 0692;       1 
37; 0892;       0 
37; 1092;       0 
37; 1292;       2 
37; 1492;       1 
37; 1692;       1 
37; 1892;       0 
37; 2092;       1 
37; 2292;       1 
37; 2492;       2 
37; 2692;       1 
37; 2892;       0 
37; 3092;       1 
37; 3292;       1 
37; 3492;       1 
37; 3692;       0 
37; 3892;       0 
37; 4092;       2 
37; 4292;       0 
37; 4493;       3 
37; 4693;       2 
37; 4893;       0 
37; 5093;       1 
37; 5293;       0 
37; 5493;       0 
37; 5693;       0 
37; 5893;       0 
37; 6093;       0 
37; 6293;       1 
37; 6493;       0 
37; 6693;       0 
37; 6893;       1 
37; 7093;       2 
37; 7293;       2 
37; 7493;       0 
37; 7693;       1 
37; 7893;       0 
37; 8093;       1 
37; 8293;       1 
37; 8494;       1 
37; 8694;       0 
37; 8894;       0 
37; 9094;       0 
37; 9294;       1 
37; 9494;       0 
37; 9694;       2 
37; 9894;       3 
38; 0094;       2 
38; 0294;       1 
38; 0494;       0 
38; 0694;       0 
38; 0894;       1 
38; 1094;       1 
38; 1294;       1 
38; 1494;       0 
38; 1694;       0 
38; 1894;       0 
38; 2094;       2 
38; 2294;       1 
38; 2495;       2 
38; 2695;       1 
38; 2895;       1 
38; 3095;       1 
38; 3295;       1 
38; 3495;       2 
38; 3695;       0 
38; 3895;       0 
38; 4095;       1 
38; 4295;       0 
38; 4495;       0 
38; 4695;       1 
38; 4895;       0 
38; 5095;       0 
38; 5295;       0 
38; 5495;       0 
38; 5695;       0 
38; 5895;       0 
38; 6095;       2 
38; 6295;       0 
38; 6495;       0 
38; 6696;       1 
38; 6896;       0 
38; 7096;       1 
38; 7296;       0 
38; 7496;       0 
38; 7696;       2 
38; 7896;       1 
38; 8096;       0 
38; 8296;       2 
38; 8496;       1 
38; 8696;       0 
38; 8896;       1 
38; 9096;       1 
38; 9296;       0 
38; 9496;       0 
38; 9696;       1 
38; 9896;       1 
39; 0096;       0 
39; 0296;       0 
39; 0496;       0 
39; 0697;       1 
39; 0897;       0 
39; 1097;       0 
39; 1297;       0 
39; 1497;       0 
39; 1697;       0 
39; 1897;       1 
39; 2097;       0 
39; 2297;       0 
39; 2497;       1 
39; 2697;       0 
39; 2897;       0 
39; 3097;       0 
39; 3297;       0 
39; 3497;       0 
39; 3697;       0 
39; 3897;       1 
39; 4097;       0 
39; 4297;       2 
39; 4497;       1 
39; 4698;       0 
39; 4898;       0 
39; 5098;       0 
39; 5298;       1 
39; 5498;       0 
39; 5698;       0 
39; 5898;       0 
39; 6098;       0 
39; 6298;       0 
39; 6498;       0 
39; 6698;       0 
39; 6898;       0 
39; 7098;       1 
39; 7298;       0 
39; 7498;       0 
39; 7698;       0 
39; 7898;       0 
39; 8098;       0 
39; 8298;       0 
39; 8498;       0 
39; 8699;       0 
39; 8899;       0 
39; 9099;       0 
39; 9299;       0 
39; 9499;       1 
39; 9699;       0 
39; 9899;       0 
40; 0099;       0 
40; 0299;       2 
40; 0499;       1 
40; 0699;       0 
40; 0899;       0 
40; 1099;       0 
40; 1299;       0 
40; 1499;       1 
40; 1699;       0 
40; 1899;       1 
40; 2099;       0 
40; 2299;       0 
40; 2499;       0 
40; 2699;       0 
40; 2900;       0 
40; 3100;       0 
40; 3300;       1 
40; 3500;       0 
40; 3700;       0 
40; 3900;       0 
40; 4100;       1 
40; 4300;       0 
40; 4500;       0 
40; 4700;       0 
40; 4900;       1 
40; 5100;       0 
40; 5300;       0 
40; 5500;       0 
40; 5700;       0 
40; 5900;       0 
40; 6100;       0 
40; 6300;       0 
40; 6500;       0 
40; 6700;       1 
40; 6901;       0 
40; 7101;       0 
40; 7301;       0 
40; 7501;       0 
40; 7701;       1 
40; 7901;       0 
40; 8101;       1 
40; 8301;       0 
40; 8501;       0 
40; 8701;       0 
40; 8901;       1 
40; 9101;       0 
40; 9301;       0 
40; 9501;       0 
