0; 0000;     253 
0; 0200;     254 
0; 0399;     169 
0; 0599;     122 
0; 0798;      66 
0; 0998;      32 
0; 1197;      14 
0; 1397;       6 
0; 1596;       1 
0; 1796;       3 
0; 1996;       0 
0; 2195;       0 
0; 2395;       1 
0; 2594;       0 
0; 2794;       0 
0; 2993;       0 
0; 3193;       1 
0; 3392;       0 
0; 3592;       0 
0; 3791;       0 
0; 3991;       1 
0; 4191;       0 
0; 4390;       0 
0; 4590;       0 
0; 4789;       0 
0; 4989;       1 
0; 5188;       1 
0; 5388;       5 
0; 5587;       5 
0; 5787;      18 
0; 5987;      48 
0; 6186;     114 
0; 6386;     172 
0; 6585;     192 
0; 6785;     210 
0; 6984;     212 
0; 7184;     207 
0; 7383;     218 
0; 7583;     194 
0; 7783;     189 
0; 7982;     202 
0; 8182;     178 
0; 8381;     207 
0; 8581;     202 
0; 8780;     198 
0; 8980;     199 
0; 9179;     192 
0; 9379;     192 
0; 9578;     193 
0; 9778;     180 
0; 9978;     183 
1; 0177;     191 
1; 0377;     185 
1; 0576;     159 
1; 0776;     158 
1; 0975;     165 
1; 1175;     157 
1; 1374;     151 
1; 1574;     161 
1; 1774;     182 
1; 1973;     172 
1; 2173;     152 
1; 2372;     142 
1; 2572;     187 
1; 2771;     168 
1; 2971;     150 
1; 3170;     152 
1; 3370;     149 
1; 3569;     154 
1; 3769;     139 
1; 3969;     165 
1; 4168;     141 
1; 4368;     138 
1; 4567;     167 
1; 4767;     156 
1; 4966;     179 
1; 5166;     153 
1; 5365;     162 
1; 5565;     142 
1; 5765;     148 
1; 5964;     153 
1; 6164;     142 
1; 6363;     168 
1; 6563;     178 
1; 6762;     173 
1; 6962;     143 
1; 7161;     165 
1; 7361;     188 
1; 7561;     180 
1; 7760;     190 
1; 7960;     180 
1; 8159;     149 
1; 8359;     175 
1; 8558;     190 
1; 8758;     180 
1; 8957;     172 
1; 9157;     189 
1; 9356;     207 
1; 9556;     199 
1; 9756;     210 
1; 9955;     232 
2; 0155;     197 
2; 0354;     211 
2; 0554;     159 
2; 0753;     190 
2; 0953;     184 
2; 1152;     187 
2; 1352;     170 
2; 1552;     192 
2; 1751;     171 
2; 1951;     182 
2; 2150;     187 
2; 2350;     176 
2; 2549;     226 
2; 2749;     224 
2; 2948;     215 
2; 3148;     242 
2; 3348;     253 
2; 3547;     218 
2; 3747;     260 
2; 3946;     252 
2; 4146;     255 
2; 4345;     228 
2; 4545;     223 
2; 4744;     223 
2; 4944;     279 
2; 5143;     265 
2; 5343;     322 
2; 5543;     400 
2; 5742;     429 
2; 5942;     580 
2; 6141;     645 
2; 6341;     757 
2; 6540;     896 
2; 6740;     897 
2; 6939;     872 
2; 7139;     879 
2; 7339;     917 
2; 7538;     826 
2; 7738;     823 
2; 7937;     740 
2; 8137;     793 
2; 8336;     755 
2; 8536;     753 
2; 8735;     782 
2; 8935;     757 
2; 9135;     780 
2; 9334;     757 
2; 9534;     741 
2; 9733;     708 
2; 9933;     574 
3; 0132;     496 
3; 0332;     479 
3; 0531;     401 
3; 0731;     316 
3; 0930;     313 
3; 1130;     290 
3; 1330;     306 
3; 1529;     269 
3; 1729;     294 
3; 1928;     295 
3; 2128;     304 
3; 2327;     357 
3; 2527;     381 
3; 2726;     400 
3; 2926;     410 
3; 3126;     403 
3; 3325;     388 
3; 3525;     398 
3; 3724;     375 
3; 3924;     398 
3; 4123;     347 
3; 4323;     317 
3; 4522;     308 
3; 4722;     330 
3; 4921;     325 
3; 5121;     407 
3; 5321;     432 
3; 5520;     584 
3; 5720;     803 
3; 5919;    1102 
3; 6119;    1470 
3; 6318;    1843 
3; 6518;    2151 
3; 6717;    2502 
3; 6917;    2505 
3; 7117;    2357 
3; 7316;    2080 
3; 7516;    1720 
3; 7715;    1369 
3; 7915;     959 
3; 8114;     696 
3; 8314;     531 
3; 8513;     439 
3; 8713;     359 
3; 8913;     385 
3; 9112;     422 
3; 9312;     510 
3; 9511;     496 
3; 9711;     581 
3; 9910;     591 
4; 0110;     588 
4; 0309;     565 
4; 0509;     579 
4; 0708;     487 
4; 0908;     437 
4; 1108;     384 
4; 1307;     358 
4; 1507;     310 
4; 1706;     304 
4; 1906;     287 
4; 2105;     249 
4; 2305;     261 
4; 2504;     238 
4; 2704;     253 
4; 2904;     280 
4; 3103;     266 
4; 3303;     277 
4; 3502;     296 
4; 3702;     321 
4; 3901;     280 
4; 4101;     339 
4; 4300;     356 
4; 4500;     394 
4; 4700;     419 
4; 4899;     463 
4; 5099;     414 
4; 5298;     465 
4; 5498;     376 
4; 5697;     407 
4; 5897;     388 
4; 6096;     389 
4; 6296;     329 
4; 6495;     358 
4; 6695;     372 
4; 6895;     344 
4; 7094;     355 
4; 7294;     389 
4; 7493;     305 
4; 7693;     297 
4; 7892;     356 
4; 8092;     319 
4; 8291;     355 
4; 8491;     361 
4; 8691;     353 
4; 8890;     414 
4; 9090;     394 
4; 9289;     366 
4; 9489;     383 
4; 9688;     376 
4; 9888;     389 
5; 0087;     360 
5; 0287;     357 
5; 0487;     332 
5; 0686;     334 
5; 0886;     340 
5; 1085;     352 
5; 1285;     377 
5; 1484;     361 
5; 1684;     348 
5; 1883;     390 
5; 2083;     367 
5; 2282;     370 
5; 2482;     374 
5; 2682;     368 
5; 2881;     364 
5; 3081;     426 
5; 3280;     384 
5; 3480;     377 
5; 3679;     376 
5; 3879;     392 
5; 4078;     398 
5; 4278;     394 
5; 4478;     437 
5; 4677;     397 
5; 4877;     410 
5; 5076;     443 
5; 5276;     434 
5; 5475;     410 
5; 5675;     420 
5; 5874;     414 
5; 6074;     416 
5; 6273;     394 
5; 6473;     420 
5; 6673;     440 
5; 6872;     419 
5; 7072;     435 
5; 7271;     469 
5; 7471;     456 
5; 7670;     475 
5; 7870;     497 
5; 8069;     501 
5; 8269;     520 
5; 8469;     505 
5; 8668;     554 
5; 8868;     598 
5; 9067;     596 
5; 9267;     569 
5; 9466;     628 
5; 9666;     569 
5; 9865;     556 
6; 0065;     515 
6; 0265;     470 
6; 0464;     529 
6; 0664;     499 
6; 0863;     513 
6; 1063;     585 
6; 1262;     664 
6; 1462;     673 
6; 1661;     756 
6; 1861;     959 
6; 2060;    1285 
6; 2260;    1640 
6; 2460;    2493 
6; 2659;    3414 
6; 2859;    4907 
6; 3058;    6731 
6; 3258;    8605 
6; 3457;   10751 
6; 3657;   12264 
6; 3856;   13324 
6; 4056;   13679 
6; 4256;   13194 
6; 4455;   11666 
6; 4655;    9924 
6; 4854;    7941 
6; 5054;    5943 
6; 5253;    4256 
6; 5453;    2967 
6; 5652;    2099 
6; 5852;    1432 
6; 6052;    1038 
6; 6251;     790 
6; 6451;     729 
6; 6650;     651 
6; 6850;     644 
6; 7049;     601 
6; 7249;     656 
6; 7448;     688 
6; 7648;     710 
6; 7847;     694 
6; 8047;     683 
6; 8247;     762 
6; 8446;     810 
6; 8646;     874 
6; 8845;    1034 
6; 9045;    1085 
6; 9244;    1246 
6; 9444;    1485 
6; 9643;    1722 
6; 9843;    1947 
7; 0043;    2179 
7; 0242;    2406 
7; 0442;    2548 
7; 0641;    2591 
7; 0841;    2526 
7; 1040;    2367 
7; 1240;    2116 
7; 1439;    1805 
7; 1639;    1522 
7; 1839;    1339 
7; 2038;    1081 
7; 2238;    1012 
7; 2437;     898 
7; 2637;     855 
7; 2836;     880 
7; 3036;     885 
7; 3235;     856 
7; 3435;     911 
7; 3634;     998 
7; 3834;    1073 
7; 4034;    1133 
7; 4233;    1117 
7; 4433;    1194 
7; 4632;    1178 
7; 4832;    1205 
7; 5031;    1212 
7; 5231;    1184 
7; 5430;    1185 
7; 5630;    1159 
7; 5830;    1058 
7; 6029;    1055 
7; 6229;    1096 
7; 6428;    1128 
7; 6628;    1139 
7; 6827;    1120 
7; 7027;    1240 
7; 7226;    1261 
7; 7426;    1439 
7; 7625;    1750 
7; 7825;    2133 
7; 8025;    3137 
7; 8224;    4616 
7; 8424;    7244 
7; 8623;   11954 
7; 8823;   18729 
7; 9022;   29069 
7; 9222;   42678 
7; 9421;   59188 
7; 9621;   77868 
7; 9821;   97056 
8; 0020;  115095 
8; 0220;  126204 
8; 0419;  132611 
8; 0619;  131339 
8; 0818;  121835 
8; 1018;  107024 
8; 1217;   89114 
8; 1417;   69159 
8; 1617;   50836 
8; 1816;   35596 
8; 2016;   23489 
8; 2215;   14843 
8; 2415;    9166 
8; 2614;    5629 
8; 2814;    3614 
8; 3013;    2519 
8; 3213;    1840 
8; 3412;    1637 
8; 3612;    1586 
8; 3812;    1725 
8; 4011;    2271 
8; 4211;    3010 
8; 4410;    4249 
8; 4610;    6587 
8; 4809;    9633 
8; 5009;   14413 
8; 5208;   20131 
8; 5408;   26858 
8; 5608;   33910 
8; 5807;   41106 
8; 6007;   47171 
8; 6206;   50906 
8; 6406;   51917 
8; 6605;   50499 
8; 6805;   46135 
8; 7004;   40948 
8; 7204;   34122 
8; 7404;   28245 
8; 7603;   23023 
8; 7803;   19480 
8; 8002;   17896 
8; 8202;   17498 
8; 8401;   18224 
8; 8601;   20187 
8; 8800;   21075 
8; 9000;   21551 
8; 9199;   21556 
8; 9399;   20326 
8; 9599;   18334 
8; 9798;   15675 
8; 9998;   12638 
9; 0197;    9609 
9; 0397;    6957 
9; 0596;    4836 
9; 0796;    3226 
9; 0995;    2219 
9; 1195;    1433 
9; 1395;    1012 
9; 1594;     776 
9; 1794;     550 
9; 1993;     518 
9; 2193;     428 
9; 2392;     404 
9; 2592;     384 
9; 2791;     447 
9; 2991;     411 
9; 3191;     487 
9; 3390;     554 
9; 3590;     668 
9; 3789;     781 
9; 3989;     991 
9; 4188;    1279 
9; 4388;    1827 
9; 4587;    2423 
9; 4787;    3144 
9; 4986;    3752 
9; 5186;    4319 
9; 5386;    4905 
9; 5585;    5387 
9; 5785;    5499 
9; 5984;    5406 
9; 6184;    5002 
9; 6383;    4409 
9; 6583;    3775 
9; 6782;    2976 
9; 6982;    2239 
9; 7182;    1722 
9; 7381;    1227 
9; 7581;     876 
9; 7780;     599 
9; 7980;     405 
9; 8179;     310 
9; 8379;     267 
9; 8578;     237 
9; 8778;     218 
9; 8977;     201 
9; 9177;     210 
9; 9377;     218 
9; 9576;     225 
9; 9776;     217 
9; 9975;     200 
10; 0175;     199 
10; 0374;     187 
10; 0574;     185 
10; 0773;     187 
10; 0973;     196 
10; 1173;     190 
10; 1372;     177 
10; 1572;     180 
10; 1771;     173 
10; 1971;     160 
10; 2170;     171 
10; 2370;     205 
10; 2569;     174 
10; 2769;     196 
10; 2969;     181 
10; 3168;     198 
10; 3368;     202 
10; 3567;     210 
10; 3767;     246 
10; 3966;     238 
10; 4166;     260 
10; 4365;     280 
10; 4565;     317 
10; 4764;     343 
10; 4964;     352 
10; 5164;     399 
10; 5363;     435 
10; 5563;     414 
10; 5762;     423 
10; 5962;     374 
10; 6161;     365 
10; 6361;     334 
10; 6560;     338 
10; 6760;     287 
10; 6960;     248 
10; 7159;     230 
10; 7359;     231 
10; 7558;     196 
10; 7758;     178 
10; 7957;     176 
10; 8157;     180 
10; 8356;     187 
10; 8556;     196 
10; 8756;     187 
10; 8955;     162 
10; 9155;     193 
10; 9354;     177 
10; 9554;     153 
10; 9753;     164 
10; 9953;     170 
11; 0152;     169 
11; 0352;     141 
11; 0551;     167 
11; 0751;     169 
11; 0951;     153 
11; 1150;     161 
11; 1350;     155 
11; 1549;     141 
11; 1749;     155 
11; 1948;     163 
11; 2148;     141 
11; 2347;     158 
11; 2547;     166 
11; 2747;     153 
11; 2946;     146 
11; 3146;     174 
11; 3345;     159 
11; 3545;     163 
11; 3744;     138 
11; 3944;     172 
11; 4143;     149 
11; 4343;     146 
11; 4543;     143 
11; 4742;     186 
11; 4942;     161 
11; 5141;     124 
11; 5341;     159 
11; 5540;     165 
11; 5740;     167 
11; 5939;     170 
11; 6139;     160 
11; 6338;     176 
11; 6538;     175 
11; 6738;     198 
11; 6937;     218 
11; 7137;     190 
11; 7336;     200 
11; 7536;     189 
11; 7735;     218 
11; 7935;     182 
11; 8134;     197 
11; 8334;     183 
11; 8534;     198 
11; 8733;     179 
11; 8933;     159 
11; 9132;     159 
11; 9332;     154 
11; 9531;     153 
11; 9731;     149 
11; 9930;     144 
12; 0130;     162 
12; 0329;     153 
12; 0529;     179 
12; 0729;     159 
12; 0928;     179 
12; 1128;     159 
12; 1327;     137 
12; 1527;     138 
12; 1726;     160 
12; 1926;     167 
12; 2125;     166 
12; 2325;     156 
12; 2525;     146 
12; 2724;     174 
12; 2924;     156 
12; 3123;     178 
12; 3323;     161 
12; 3522;     146 
12; 3722;     159 
12; 3921;     186 
12; 4121;     151 
12; 4321;     169 
12; 4520;     181 
12; 4720;     178 
12; 4919;     193 
12; 5119;     220 
12; 5318;     247 
12; 5518;     235 
12; 5717;     275 
12; 5917;     280 
12; 6116;     311 
12; 6316;     298 
12; 6516;     298 
12; 6715;     295 
12; 6915;     272 
12; 7114;     224 
12; 7314;     236 
12; 7513;     235 
12; 7713;     195 
12; 7912;     188 
12; 8112;     172 
12; 8312;     172 
12; 8511;     165 
12; 8711;     170 
12; 8910;     158 
12; 9110;     137 
12; 9309;     142 
12; 9509;     140 
12; 9708;     141 
12; 9908;     116 
13; 0108;     139 
13; 0307;     136 
13; 0507;     132 
13; 0706;     136 
13; 0906;     132 
13; 1105;     130 
13; 1305;     129 
13; 1504;     143 
13; 1704;     116 
13; 1903;     129 
13; 2103;     120 
13; 2303;     137 
13; 2502;     119 
13; 2702;     128 
13; 2901;      98 
13; 3101;     141 
13; 3300;     125 
13; 3500;     116 
13; 3699;     125 
13; 3899;     130 
13; 4099;     114 
13; 4298;     112 
13; 4498;     140 
13; 4697;     123 
13; 4897;     125 
13; 5096;     129 
13; 5296;     130 
13; 5495;     121 
13; 5695;     124 
13; 5895;     136 
13; 6094;     134 
13; 6294;     108 
13; 6493;     122 
13; 6693;     121 
13; 6892;     116 
13; 7092;     113 
13; 7291;     107 
13; 7491;     126 
13; 7690;     118 
13; 7890;     138 
13; 8090;     100 
13; 8289;      97 
13; 8489;     121 
13; 8688;     118 
13; 8888;     104 
13; 9087;     103 
13; 9287;     127 
13; 9486;     138 
13; 9686;     155 
13; 9886;     127 
14; 0085;     126 
14; 0285;     132 
14; 0484;     145 
14; 0684;     157 
14; 0883;     138 
14; 1083;     143 
14; 1282;     147 
14; 1482;     161 
14; 1681;     155 
14; 1881;     161 
14; 2081;     136 
14; 2280;     183 
14; 2480;     142 
14; 2679;     151 
14; 2879;     163 
14; 3078;     199 
14; 3278;     220 
14; 3477;     212 
14; 3677;     251 
14; 3877;     267 
14; 4076;     316 
14; 4276;     332 
14; 4475;     356 
14; 4675;     352 
14; 4874;     394 
14; 5074;     343 
14; 5273;     330 
14; 5473;     318 
14; 5673;     294 
14; 5872;     242 
14; 6072;     246 
14; 6271;     196 
14; 6471;     181 
14; 6670;     161 
14; 6870;     142 
14; 7069;     128 
14; 7269;     131 
14; 7468;     135 
14; 7668;     137 
14; 7868;     127 
14; 8067;     135 
14; 8267;     127 
14; 8466;     149 
14; 8666;     140 
14; 8865;     137 
14; 9065;     153 
14; 9264;     163 
14; 9464;     185 
14; 9664;     178 
14; 9863;     201 
15; 0063;     202 
15; 0262;     251 
15; 0462;     216 
15; 0661;     244 
15; 0861;     232 
15; 1060;     259 
15; 1260;     218 
15; 1460;     216 
15; 1659;     214 
15; 1859;     189 
15; 2058;     195 
15; 2258;     153 
15; 2457;     163 
15; 2657;     181 
15; 2856;     155 
15; 3056;     153 
15; 3255;     133 
15; 3455;     156 
15; 3655;     142 
15; 3854;     142 
15; 4054;     129 
15; 4253;     151 
15; 4453;     146 
15; 4652;     140 
15; 4852;     106 
15; 5051;     109 
15; 5251;     120 
15; 5451;     120 
15; 5650;     118 
15; 5850;     115 
15; 6049;     119 
15; 6249;     124 
15; 6448;     147 
15; 6648;     114 
15; 6847;     126 
15; 7047;     142 
15; 7247;     121 
15; 7446;     114 
15; 7646;     147 
15; 7845;     124 
15; 8045;     134 
15; 8244;     159 
15; 8444;     186 
15; 8643;     210 
15; 8843;     205 
15; 9042;     251 
15; 9242;     343 
15; 9442;     425 
15; 9641;     489 
15; 9841;     646 
16; 0040;     812 
16; 0240;     895 
16; 0439;    1014 
16; 0639;    1180 
16; 0838;    1301 
16; 1038;    1313 
16; 1238;    1317 
16; 1437;    1310 
16; 1637;    1244 
16; 1836;    1091 
16; 2036;     888 
16; 2235;     777 
16; 2435;     736 
16; 2634;     536 
16; 2834;     445 
16; 3033;     336 
16; 3233;     290 
16; 3433;     212 
16; 3632;     181 
16; 3832;     161 
16; 4031;     146 
16; 4231;     128 
16; 4430;     166 
16; 4630;     152 
16; 4829;     185 
16; 5029;     247 
16; 5229;     278 
16; 5428;     374 
16; 5628;     425 
16; 5827;     534 
16; 6027;     671 
16; 6226;     741 
16; 6426;     851 
16; 6625;     935 
16; 6825;    1029 
16; 7025;    1110 
16; 7224;    1012 
16; 7424;     961 
16; 7623;     968 
16; 7823;     866 
16; 8022;     787 
16; 8222;     708 
16; 8421;     689 
16; 8621;     664 
16; 8820;     554 
16; 9020;     553 
16; 9220;     524 
16; 9419;     502 
16; 9619;     555 
16; 9818;     462 
17; 0018;     473 
17; 0217;     463 
17; 0417;     376 
17; 0616;     380 
17; 0816;     341 
17; 1016;     300 
17; 1215;     296 
17; 1415;     281 
17; 1614;     244 
17; 1814;     236 
17; 2013;     251 
17; 2213;     239 
17; 2412;     241 
17; 2612;     266 
17; 2812;     282 
17; 3011;     273 
17; 3211;     261 
17; 3410;     257 
17; 3610;     233 
17; 3809;     246 
17; 4009;     248 
17; 4208;     201 
17; 4408;     252 
17; 4607;     206 
17; 4807;     224 
17; 5007;     235 
17; 5206;     274 
17; 5406;     268 
17; 5605;     297 
17; 5805;     349 
17; 6004;     296 
17; 6204;     321 
17; 6403;     292 
17; 6603;     281 
17; 6803;     271 
17; 7002;     251 
17; 7202;     199 
17; 7401;     213 
17; 7601;     166 
17; 7800;     155 
17; 8000;     149 
17; 8199;     124 
17; 8399;     113 
17; 8599;     120 
17; 8798;      99 
17; 8998;     110 
17; 9197;     107 
17; 9397;      76 
17; 9596;      98 
17; 9796;      95 
17; 9995;      89 
18; 0195;      77 
18; 0394;      76 
18; 0594;      85 
18; 0794;      77 
18; 0993;      83 
18; 1193;      85 
18; 1392;      92 
18; 1592;     100 
18; 1791;     112 
18; 1991;     110 
18; 2190;     112 
18; 2390;     114 
18; 2590;     126 
18; 2789;     115 
18; 2989;     116 
18; 3188;     136 
18; 3388;     114 
18; 3587;     106 
18; 3787;      94 
18; 3986;     103 
18; 4186;      93 
18; 4385;     104 
18; 4585;      95 
18; 4785;      90 
18; 4984;      93 
18; 5184;     102 
18; 5383;     107 
18; 5583;     107 
18; 5782;     113 
18; 5982;     125 
18; 6181;     111 
18; 6381;     108 
18; 6581;     118 
18; 6780;     117 
18; 6980;     114 
18; 7179;     118 
18; 7379;     122 
18; 7578;     112 
18; 7778;     123 
18; 7977;     106 
18; 8177;     151 
18; 8377;     151 
18; 8576;     132 
18; 8776;     142 
18; 8975;     113 
18; 9175;     154 
18; 9374;     152 
18; 9574;     167 
18; 9773;     177 
18; 9973;     194 
19; 0172;     169 
19; 0372;     174 
19; 0572;     169 
19; 0771;     167 
19; 0971;     156 
19; 1170;     198 
19; 1370;     213 
19; 1569;     156 
19; 1769;     166 
19; 1968;     146 
19; 2168;     149 
19; 2368;     164 
19; 2567;     162 
19; 2767;     150 
19; 2966;     138 
19; 3166;     151 
19; 3365;     116 
19; 3565;     114 
19; 3764;     112 
19; 3964;     118 
19; 4164;     124 
19; 4363;     115 
19; 4563;     125 
19; 4762;     100 
19; 4962;      85 
19; 5161;      86 
19; 5361;      94 
19; 5560;      82 
19; 5760;      74 
19; 5959;      73 
19; 6159;      63 
19; 6359;      73 
19; 6558;      79 
19; 6758;      70 
19; 6957;      67 
19; 7157;      76 
19; 7356;      69 
19; 7556;      66 
19; 7755;      58 
19; 7955;      64 
19; 8155;      63 
19; 8354;      54 
19; 8554;      67 
19; 8753;      69 
19; 8953;      55 
19; 9152;      78 
19; 9352;      78 
19; 9551;      76 
19; 9751;      89 
19; 9951;     107 
20; 0150;     118 
20; 0350;     130 
20; 0549;     139 
20; 0749;     151 
20; 0948;     153 
20; 1148;     195 
20; 1347;     181 
20; 1547;     191 
20; 1746;     201 
20; 1946;     201 
20; 2146;     199 
20; 2345;     191 
20; 2545;     181 
20; 2744;     166 
20; 2944;     190 
20; 3143;     134 
20; 3343;     136 
20; 3542;      93 
20; 3742;     119 
20; 3942;      93 
20; 4141;      68 
20; 4341;      64 
20; 4540;      57 
20; 4740;      47 
20; 4939;      50 
20; 5139;      46 
20; 5338;      57 
20; 5538;      36 
20; 5737;      35 
20; 5937;      52 
20; 6137;      41 
20; 6336;      46 
20; 6536;      41 
20; 6735;      63 
20; 6935;      34 
20; 7134;      47 
20; 7334;      47 
20; 7533;      60 
20; 7733;      45 
20; 7933;      48 
20; 8132;      62 
20; 8332;      46 
20; 8531;      59 
20; 8731;      64 
20; 8930;      54 
20; 9130;      68 
20; 9329;      55 
20; 9529;      47 
20; 9729;      61 
20; 9928;      67 
21; 0128;      62 
21; 0327;      56 
21; 0527;      76 
21; 0726;      78 
21; 0926;      69 
21; 1125;      75 
21; 1325;      75 
21; 1524;      80 
21; 1724;      72 
21; 1924;      91 
21; 2123;      72 
21; 2323;      90 
21; 2522;      71 
21; 2722;      76 
21; 2921;      69 
21; 3121;      72 
21; 3320;      45 
21; 3520;      54 
21; 3720;      68 
21; 3919;      59 
21; 4119;      57 
21; 4318;      58 
21; 4518;      51 
21; 4717;      55 
21; 4917;      46 
21; 5116;      59 
21; 5316;      60 
21; 5516;      56 
21; 5715;      44 
21; 5915;      60 
21; 6114;      55 
21; 6314;      52 
21; 6513;      63 
21; 6713;      45 
21; 6912;      41 
21; 7112;      33 
21; 7311;      51 
21; 7511;      30 
21; 7711;      41 
21; 7910;      45 
21; 8110;      33 
21; 8309;      33 
21; 8509;      40 
21; 8708;      46 
21; 8908;      44 
21; 9107;      32 
21; 9307;      33 
21; 9507;      47 
21; 9706;      35 
21; 9906;      46 
22; 0105;      36 
22; 0305;      44 
22; 0504;      35 
22; 0704;      49 
22; 0903;      36 
22; 1103;      42 
22; 1303;      56 
22; 1502;      44 
22; 1702;      37 
22; 1901;      34 
22; 2101;      43 
22; 2300;      30 
22; 2500;      35 
22; 2699;      30 
22; 2899;      47 
22; 3098;      37 
22; 3298;      26 
22; 3498;      24 
22; 3697;      27 
22; 3897;      41 
22; 4096;      39 
22; 4296;      34 
22; 4495;      32 
22; 4695;      33 
22; 4894;      37 
22; 5094;      43 
22; 5294;      33 
22; 5493;      38 
22; 5693;      38 
22; 5892;      37 
22; 6092;      46 
22; 6291;      58 
22; 6491;      41 
22; 6690;      52 
22; 6890;      44 
22; 7089;      53 
22; 7289;      56 
22; 7489;      56 
22; 7688;      59 
22; 7888;      60 
22; 8087;      47 
22; 8287;      60 
22; 8486;      44 
22; 8686;      45 
22; 8885;      57 
22; 9085;      37 
22; 9285;      30 
22; 9484;      36 
22; 9684;      31 
22; 9883;      34 
23; 0083;      22 
23; 0282;      25 
23; 0482;      25 
23; 0681;      34 
23; 0881;      35 
23; 1081;      40 
23; 1280;      32 
23; 1480;      29 
23; 1679;      42 
23; 1879;      32 
23; 2078;      32 
23; 2278;      36 
23; 2477;      25 
23; 2677;      26 
23; 2876;      37 
23; 3076;      38 
23; 3276;      22 
23; 3475;      28 
23; 3675;      34 
23; 3874;      28 
23; 4074;      24 
23; 4273;      21 
23; 4473;      17 
23; 4672;      27 
23; 4872;      28 
23; 5072;      25 
23; 5271;      28 
23; 5471;      20 
23; 5670;      27 
23; 5870;      32 
23; 6069;      23 
23; 6269;      24 
23; 6468;      28 
23; 6668;      33 
23; 6868;      26 
23; 7067;      24 
23; 7267;      23 
23; 7466;      37 
23; 7666;      28 
23; 7865;      27 
23; 8065;      35 
23; 8264;      34 
23; 8464;      29 
23; 8663;      29 
23; 8863;      33 
23; 9063;      21 
23; 9262;      25 
23; 9462;      31 
23; 9661;      36 
23; 9861;      22 
24; 0060;      30 
24; 0260;      27 
24; 0459;      25 
24; 0659;      32 
24; 0859;      29 
24; 1058;      21 
24; 1258;      24 
24; 1457;      26 
24; 1657;      33 
24; 1856;      28 
24; 2056;      23 
24; 2255;      32 
24; 2455;      28 
24; 2655;      37 
24; 2854;      30 
24; 3054;      25 
24; 3253;      23 
24; 3453;      24 
24; 3652;      31 
24; 3852;      20 
24; 4051;      24 
24; 4251;      23 
24; 4450;      24 
24; 4650;      23 
24; 4850;      19 
24; 5049;      24 
24; 5249;      17 
24; 5448;      27 
24; 5648;      29 
24; 5847;      16 
24; 6047;      25 
24; 6246;      26 
24; 6446;      38 
24; 6646;      30 
24; 6845;      27 
24; 7045;      27 
24; 7244;      25 
24; 7444;      35 
24; 7643;      42 
24; 7843;      25 
24; 8042;      28 
24; 8242;      27 
24; 8441;      27 
24; 8641;      30 
24; 8841;      38 
24; 9040;      21 
24; 9240;      34 
24; 9439;      36 
24; 9639;      45 
24; 9838;      36 
25; 0038;      35 
25; 0237;      33 
25; 0437;      45 
25; 0637;      42 
25; 0836;      40 
25; 1036;      49 
25; 1235;      45 
25; 1435;      42 
25; 1634;      49 
25; 1834;      40 
25; 2033;      42 
25; 2233;      54 
25; 2433;      34 
25; 2632;      56 
25; 2832;      42 
25; 3031;      61 
25; 3231;      46 
25; 3430;      37 
25; 3630;      46 
25; 3829;      42 
25; 4029;      39 
25; 4228;      32 
25; 4428;      43 
25; 4628;      28 
25; 4827;      36 
25; 5027;      21 
25; 5226;      19 
25; 5426;      27 
25; 5625;      24 
25; 5825;      24 
25; 6024;      16 
25; 6224;      19 
25; 6424;      34 
25; 6623;      25 
25; 6823;      24 
25; 7022;      27 
25; 7222;      21 
25; 7421;      24 
25; 7621;      25 
25; 7820;      24 
25; 8020;      28 
25; 8220;      13 
25; 8419;      23 
25; 8619;      16 
25; 8818;      21 
25; 9018;      20 
25; 9217;      21 
25; 9417;      20 
25; 9616;      12 
25; 9816;      18 
26; 0015;      16 
26; 0215;      23 
26; 0415;      14 
26; 0614;      17 
26; 0814;      31 
26; 1013;      18 
26; 1213;      17 
26; 1412;      13 
26; 1612;      15 
26; 1811;      21 
26; 2011;      19 
26; 2211;      23 
26; 2410;      20 
26; 2610;      20 
26; 2809;      23 
26; 3009;      25 
26; 3208;      16 
26; 3408;      14 
26; 3607;      26 
26; 3807;      21 
26; 4007;      19 
26; 4206;      17 
26; 4406;      22 
26; 4605;      21 
26; 4805;      23 
26; 5004;      16 
26; 5204;      13 
26; 5403;      13 
26; 5603;      17 
26; 5802;      12 
26; 6002;      24 
26; 6202;      24 
26; 6401;      14 
26; 6601;       9 
26; 6800;      20 
26; 7000;      22 
26; 7199;      13 
26; 7399;      15 
26; 7598;      13 
26; 7798;      24 
26; 7998;      17 
26; 8197;      24 
26; 8397;      18 
26; 8596;      21 
26; 8796;      16 
26; 8995;      14 
26; 9195;      22 
26; 9394;      19 
26; 9594;      18 
26; 9793;      22 
26; 9993;      19 
27; 0193;      23 
27; 0392;      11 
27; 0592;      18 
27; 0791;      14 
27; 0991;      16 
27; 1190;      19 
27; 1390;      14 
27; 1589;      21 
27; 1789;      10 
27; 1989;      14 
27; 2188;      17 
27; 2388;      13 
27; 2587;      12 
27; 2787;      15 
27; 2986;      16 
27; 3186;      23 
27; 3385;      10 
27; 3585;      21 
27; 3785;      15 
27; 3984;      14 
27; 4184;      14 
27; 4383;      13 
27; 4583;      23 
27; 4782;      12 
27; 4982;      16 
27; 5181;       7 
27; 5381;      11 
27; 5580;      23 
27; 5780;      13 
27; 5980;      14 
27; 6179;      20 
27; 6379;      16 
27; 6578;       9 
27; 6778;      22 
27; 6977;      15 
27; 7177;      13 
27; 7376;      15 
27; 7576;      12 
27; 7776;      20 
27; 7975;      17 
27; 8175;      14 
27; 8374;      24 
27; 8574;      16 
27; 8773;      18 
27; 8973;       9 
27; 9172;      15 
27; 9372;      18 
27; 9572;      16 
27; 9771;      18 
27; 9971;      15 
28; 0170;      11 
28; 0370;       8 
28; 0569;      17 
28; 0769;      14 
28; 0968;      18 
28; 1168;      18 
28; 1367;      19 
28; 1567;      12 
28; 1767;      11 
28; 1966;       9 
28; 2166;      18 
28; 2365;      18 
28; 2565;      15 
28; 2764;      19 
28; 2964;      15 
28; 3163;      20 
28; 3363;      22 
28; 3563;      16 
28; 3762;      22 
28; 3962;      15 
28; 4161;      24 
28; 4361;      18 
28; 4560;      20 
28; 4760;      15 
28; 4959;      10 
28; 5159;      16 
28; 5359;      16 
28; 5558;      26 
28; 5758;      21 
28; 5957;      13 
28; 6157;      16 
28; 6356;      15 
28; 6556;      16 
28; 6755;      14 
28; 6955;      11 
28; 7154;      15 
28; 7354;      17 
28; 7554;      15 
28; 7753;      11 
28; 7953;      11 
28; 8152;      21 
28; 8352;      16 
28; 8551;      15 
28; 8751;      11 
28; 8950;      12 
28; 9150;      15 
28; 9350;      19 
28; 9549;      11 
28; 9749;      18 
28; 9948;      16 
29; 0148;       7 
29; 0347;      13 
29; 0547;      11 
29; 0746;      13 
29; 0946;      15 
29; 1145;      16 
29; 1345;      11 
29; 1545;      12 
29; 1744;      11 
29; 1944;      16 
29; 2143;      13 
29; 2343;      14 
29; 2542;      19 
29; 2742;      11 
29; 2941;      10 
29; 3141;      12 
29; 3341;      10 
29; 3540;      21 
29; 3740;       6 
29; 3939;       9 
29; 4139;       9 
29; 4338;      10 
29; 4538;      16 
29; 4737;      10 
29; 4937;      12 
29; 5137;      15 
29; 5336;      15 
29; 5536;       9 
29; 5735;      13 
29; 5935;       9 
29; 6134;      17 
29; 6334;       3 
29; 6533;       6 
29; 6733;      14 
29; 6932;      15 
29; 7132;       8 
29; 7332;       7 
29; 7531;      10 
29; 7731;      11 
29; 7930;       7 
29; 8130;      11 
29; 8329;       8 
29; 8529;      10 
29; 8728;      10 
29; 8928;       9 
29; 9128;       9 
29; 9327;      12 
29; 9527;      12 
29; 9726;      10 
29; 9926;      12 
30; 0125;       7 
30; 0325;       7 
30; 0524;      10 
30; 0724;      12 
30; 0924;       8 
30; 1123;       9 
30; 1323;       7 
30; 1522;       5 
30; 1722;       9 
30; 1921;      12 
30; 2121;       6 
30; 2320;      17 
30; 2520;      12 
30; 2719;       3 
30; 2919;      11 
30; 3119;       5 
30; 3318;      12 
30; 3518;       5 
30; 3717;      11 
30; 3917;      15 
30; 4116;      14 
30; 4316;       1 
30; 4515;      10 
30; 4715;      10 
30; 4915;       1 
30; 5114;       5 
30; 5314;      15 
30; 5513;      10 
30; 5713;       6 
30; 5912;       1 
30; 6112;       4 
30; 6311;      10 
30; 6511;       4 
30; 6711;       8 
30; 6910;       9 
30; 7110;       7 
30; 7309;      11 
30; 7509;       5 
30; 7708;       6 
30; 7908;       8 
30; 8107;       5 
30; 8307;      11 
30; 8506;      10 
30; 8706;       6 
30; 8906;      11 
30; 9105;       4 
30; 9305;       6 
30; 9504;       8 
30; 9704;       5 
30; 9903;       9 
31; 0103;       4 
31; 0302;       6 
31; 0502;       4 
31; 0702;      11 
31; 0901;       5 
31; 1101;       8 
31; 1300;       5 
31; 1500;       4 
31; 1699;       2 
31; 1899;      10 
31; 2098;       4 
31; 2298;      10 
31; 2497;       4 
31; 2697;       6 
31; 2897;       5 
31; 3096;       9 
31; 3296;       8 
31; 3495;      12 
31; 3695;       4 
31; 3894;       7 
31; 4094;       3 
31; 4293;       6 
31; 4493;       8 
31; 4693;       4 
31; 4892;       9 
31; 5092;       8 
31; 5291;       7 
31; 5491;       7 
31; 5690;       7 
31; 5890;       5 
31; 6089;       4 
31; 6289;       3 
31; 6489;       4 
31; 6688;       4 
31; 6888;       7 
31; 7087;       5 
31; 7287;       5 
31; 7486;       6 
31; 7686;       7 
31; 7885;       9 
31; 8085;       7 
31; 8284;       9 
31; 8484;       9 
31; 8684;       6 
31; 8883;       3 
31; 9083;       9 
31; 9282;       2 
31; 9482;       8 
31; 9681;       5 
31; 9881;       2 
32; 0080;       6 
32; 0280;       9 
32; 0480;       6 
32; 0679;      11 
32; 0879;       5 
32; 1078;       6 
32; 1278;       9 
32; 1477;       3 
32; 1677;       4 
32; 1876;       5 
32; 2076;       6 
32; 2276;       8 
32; 2475;       3 
32; 2675;       7 
32; 2874;       8 
32; 3074;       6 
32; 3273;       6 
32; 3473;       7 
32; 3672;       5 
32; 3872;       3 
32; 4071;       3 
32; 4271;       7 
32; 4471;       3 
32; 4670;       2 
32; 4870;       1 
32; 5069;       4 
32; 5269;       5 
32; 5468;       8 
32; 5668;       6 
32; 5867;       4 
32; 6067;       8 
32; 6267;       5 
32; 6466;       6 
32; 6666;       5 
32; 6865;       1 
32; 7065;       2 
32; 7264;       5 
32; 7464;       6 
32; 7663;       4 
32; 7863;       5 
32; 8063;       7 
32; 8262;       5 
32; 8462;       5 
32; 8661;      11 
32; 8861;       2 
32; 9060;       5 
32; 9260;       4 
32; 9459;       2 
32; 9659;       5 
32; 9858;       1 
33; 0058;       6 
33; 0258;       9 
33; 0457;       3 
33; 0657;       3 
33; 0856;       6 
33; 1056;       7 
33; 1255;       3 
33; 1455;       2 
33; 1654;       4 
33; 1854;       4 
33; 2054;       6 
33; 2253;       6 
33; 2453;       7 
33; 2652;       4 
33; 2852;       6 
33; 3051;       3 
33; 3251;       6 
33; 3450;       8 
33; 3650;       6 
33; 3849;       4 
33; 4049;       5 
33; 4249;       1 
33; 4448;       4 
33; 4648;       0 
33; 4847;       2 
33; 5047;       4 
33; 5246;       5 
33; 5446;       2 
33; 5645;       3 
33; 5845;       3 
33; 6045;       2 
33; 6244;       4 
33; 6444;       3 
33; 6643;       7 
33; 6843;       1 
33; 7042;       4 
33; 7242;       4 
33; 7441;       8 
33; 7641;       1 
33; 7841;       8 
33; 8040;       4 
33; 8240;       3 
33; 8439;       6 
33; 8639;       2 
33; 8838;       2 
33; 9038;       2 
33; 9237;       1 
33; 9437;       3 
33; 9636;       1 
33; 9836;       0 
34; 0036;       5 
34; 0235;       1 
34; 0435;       4 
34; 0634;       3 
34; 0834;       3 
34; 1033;       2 
34; 1233;       2 
34; 1432;       5 
34; 1632;       5 
34; 1832;       0 
34; 2031;       4 
34; 2231;       4 
34; 2430;       1 
34; 2630;       1 
34; 2829;       3 
34; 3029;       3 
34; 3228;       1 
34; 3428;       5 
34; 3628;       2 
34; 3827;       4 
34; 4027;       3 
34; 4226;       4 
34; 4426;       3 
34; 4625;       0 
34; 4825;       1 
34; 5024;       1 
34; 5224;       2 
34; 5423;       1 
34; 5623;       0 
34; 5823;       1 
34; 6022;       2 
34; 6222;       2 
34; 6421;       6 
34; 6621;       1 
34; 6820;       1 
34; 7020;       2 
34; 7219;       1 
34; 7419;       3 
34; 7619;       4 
34; 7818;       2 
34; 8018;       1 
34; 8217;       1 
34; 8417;       0 
34; 8616;       6 
34; 8816;       0 
34; 9015;       3 
34; 9215;       0 
34; 9414;       3 
34; 9614;       4 
34; 9814;       1 
35; 0013;       1 
35; 0213;       2 
35; 0412;       1 
35; 0612;       0 
35; 0811;       1 
35; 1011;       0 
35; 1210;       2 
35; 1410;       2 
35; 1610;       1 
35; 1809;       2 
35; 2009;       2 
35; 2208;       1 
35; 2408;       0 
35; 2607;       1 
35; 2807;       2 
35; 3006;       2 
35; 3206;       0 
35; 3406;       4 
35; 3605;       1 
35; 3805;       1 
35; 4004;       1 
35; 4204;       1 
35; 4403;       3 
35; 4603;       1 
35; 4802;       2 
35; 5002;       5 
35; 5201;       2 
35; 5401;       1 
35; 5601;       1 
35; 5800;       5 
35; 6000;       0 
35; 6199;       2 
35; 6399;       2 
35; 6598;       0 
35; 6798;       2 
35; 6997;       3 
35; 7197;       2 
35; 7397;       5 
35; 7596;       1 
35; 7796;       0 
35; 7995;       1 
35; 8195;       5 
35; 8394;       1 
35; 8594;       2 
35; 8793;       1 
35; 8993;       2 
35; 9193;       2 
35; 9392;       0 
35; 9592;       0 
35; 9791;       1 
35; 9991;       0 
36; 0190;       1 
36; 0390;       0 
36; 0589;       2 
36; 0789;       2 
36; 0988;       1 
36; 1188;       0 
36; 1388;       0 
36; 1587;       1 
36; 1787;       0 
36; 1986;       1 
36; 2186;       1 
36; 2385;       0 
36; 2585;       0 
36; 2784;       1 
36; 2984;       1 
36; 3184;       1 
36; 3383;       0 
36; 3583;       1 
36; 3782;       2 
36; 3982;       1 
36; 4181;       0 
36; 4381;       1 
36; 4580;       1 
36; 4780;       0 
36; 4980;       0 
36; 5179;       0 
36; 5379;       0 
36; 5578;       0 
36; 5778;       2 
36; 5977;       0 
36; 6177;       1 
36; 6376;       2 
36; 6576;       0 
36; 6775;       0 
36; 6975;       2 
36; 7175;       2 
36; 7374;       2 
36; 7574;       1 
36; 7773;       1 
36; 7973;       1 
36; 8172;       0 
36; 8372;       1 
36; 8571;       0 
36; 8771;       2 
36; 8971;       0 
36; 9170;       0 
36; 9370;       0 
36; 9569;       1 
36; 9769;       2 
36; 9968;       1 
37; 0168;       0 
37; 0367;       1 
37; 0567;       2 
37; 0766;       1 
37; 0966;       0 
37; 1166;       3 
37; 1365;       2 
37; 1565;       1 
37; 1764;       1 
37; 1964;       0 
37; 2163;       1 
37; 2363;       0 
37; 2562;       1 
37; 2762;       1 
37; 2962;       0 
37; 3161;       1 
37; 3361;       2 
37; 3560;       1 
37; 3760;       0 
37; 3959;       1 
37; 4159;       1 
37; 4358;       1 
37; 4558;       1 
37; 4758;       0 
37; 4957;       1 
37; 5157;       4 
37; 5356;       0 
37; 5556;       0 
37; 5755;       1 
37; 5955;       0 
37; 6154;       0 
37; 6354;       1 
37; 6553;       0 
37; 6753;       1 
37; 6953;       2 
37; 7152;       0 
37; 7352;       1 
37; 7551;       0 
37; 7751;       0 
37; 7950;       1 
37; 8150;       0 
37; 8349;       1 
37; 8549;       1 
37; 8749;       0 
37; 8948;       1 
37; 9148;       0 
37; 9347;       0 
37; 9547;       1 
37; 9746;       0 
37; 9946;       0 
38; 0145;       0 
38; 0345;       0 
38; 0545;       0 
38; 0744;       0 
38; 0944;       0 
38; 1143;       0 
38; 1343;       1 
38; 1542;       0 
38; 1742;       1 
38; 1941;       0 
38; 2141;       0 
38; 2340;       0 
38; 2540;       0 
38; 2740;       0 
38; 2939;       0 
38; 3139;       2 
38; 3338;       0 
38; 3538;       0 
38; 3737;       0 
38; 3937;       0 
38; 4136;       1 
38; 4336;       0 
38; 4536;       0 
38; 4735;       0 
38; 4935;       0 
38; 5134;       0 
38; 5334;       0 
38; 5533;       0 
38; 5733;       0 
38; 5932;       0 
38; 6132;       0 
38; 6332;       2 
38; 6531;       1 
38; 6731;       0 
38; 6930;       0 
38; 7130;       0 
38; 7329;       0 
38; 7529;       0 
38; 7728;       0 
38; 7928;       0 
38; 8127;       0 
38; 8327;       0 
38; 8527;       0 
38; 8726;       0 
38; 8926;       0 
38; 9125;       1 
38; 9325;       0 
38; 9524;       0 
38; 9724;       1 
38; 9923;       0 
39; 0123;       0 
39; 0323;       0 
39; 0522;       0 
39; 0722;       0 
39; 0921;       0 
39; 1121;       0 
39; 1320;       0 
39; 1520;       1 
39; 1719;       0 
39; 1919;       0 
39; 2118;       0 
39; 2318;       0 
39; 2518;       0 
39; 2717;       0 
39; 2917;       0 
39; 3116;       0 
39; 3316;       1 
39; 3515;       0 
39; 3715;       0 
39; 3914;       0 
39; 4114;       0 
39; 4314;       0 
39; 4513;       1 
39; 4713;       0 
39; 4912;       1 
39; 5112;       0 
39; 5311;       2 
39; 5511;       0 
39; 5710;       0 
39; 5910;       0 
39; 6110;       0 
39; 6309;       0 
39; 6509;       0 
39; 6708;       0 
39; 6908;       0 
39; 7107;       0 
39; 7307;       1 
39; 7506;       0 
39; 7706;       0 
39; 7905;       0 
39; 8105;       0 
39; 8305;       0 
39; 8504;       0 
39; 8704;       0 
39; 8903;       0 
39; 9103;       0 
39; 9302;       0 
39; 9502;       1 
39; 9701;       0 
39; 9901;       0 
40; 0101;       0 
40; 0300;       0 
40; 0500;       0 
40; 0699;       0 
40; 0899;       0 
40; 1098;       0 
40; 1298;       0 
40; 1497;       0 
40; 1697;       0 
40; 1897;       0 
40; 2096;       0 
40; 2296;       0 
40; 2495;       0 
40; 2695;       0 
40; 2894;       0 
40; 3094;       0 
40; 3293;       0 
40; 3493;       0 
40; 3692;       0 
40; 3892;       0 
40; 4092;       1 
40; 4291;       2 
40; 4491;       0 
40; 4690;       0 
40; 4890;       0 
40; 5089;       0 
40; 5289;       0 
40; 5488;       0 
40; 5688;       0 
40; 5888;       0 
40; 6087;       0 
40; 6287;       0 
40; 6486;       0 
40; 6686;       0 
40; 6885;       0 
40; 7085;       2 
40; 7284;       0 
40; 7484;       0 
40; 7684;       0 
40; 7883;       0 
40; 8083;       2 
40; 8282;       0 
40; 8482;       0 
