0; 0000;     260 
0; 0200;     213 
0; 0400;     177 
0; 0599;     105 
0; 0799;      49 
0; 0999;      27 
0; 1199;      15 
0; 1399;       7 
0; 1598;       6 
0; 1798;       1 
0; 1998;       0 
0; 2198;       1 
0; 2397;       1 
0; 2597;       1 
0; 2797;       0 
0; 2997;       0 
0; 3197;       0 
0; 3396;       1 
0; 3596;       0 
0; 3796;       0 
0; 3996;       0 
0; 4196;       0 
0; 4395;       0 
0; 4595;       0 
0; 4795;       0 
0; 4995;       0 
0; 5195;       0 
0; 5394;       1 
0; 5594;       3 
0; 5794;      23 
0; 5994;      53 
0; 6193;     112 
0; 6393;     176 
0; 6593;     214 
0; 6793;     215 
0; 6993;     237 
0; 7192;     218 
0; 7392;     259 
0; 7592;     226 
0; 7792;     242 
0; 7992;     245 
0; 8191;     220 
0; 8391;     216 
0; 8591;     227 
0; 8791;     211 
0; 8990;     196 
0; 9190;     199 
0; 9390;     197 
0; 9590;     175 
0; 9790;     197 
0; 9989;     165 
1; 0189;     196 
1; 0389;     208 
1; 0589;     183 
1; 0789;     169 
1; 0988;     184 
1; 1188;     198 
1; 1388;     175 
1; 1588;     190 
1; 1788;     167 
1; 1987;     194 
1; 2187;     157 
1; 2387;     156 
1; 2587;     191 
1; 2786;     168 
1; 2986;     160 
1; 3186;     138 
1; 3386;     159 
1; 3586;     174 
1; 3785;     162 
1; 3985;     166 
1; 4185;     166 
1; 4385;     145 
1; 4585;     156 
1; 4784;     157 
1; 4984;     162 
1; 5184;     152 
1; 5384;     151 
1; 5584;     146 
1; 5783;     135 
1; 5983;     139 
1; 6183;     141 
1; 6383;     149 
1; 6582;     152 
1; 6782;     174 
1; 6982;     184 
1; 7182;     144 
1; 7382;     177 
1; 7581;     163 
1; 7781;     175 
1; 7981;     180 
1; 8181;     143 
1; 8381;     147 
1; 8580;     147 
1; 8780;     163 
1; 8980;     167 
1; 9180;     170 
1; 9380;     153 
1; 9579;     172 
1; 9779;     152 
1; 9979;     191 
2; 0179;     206 
2; 0378;     169 
2; 0578;     176 
2; 0778;     166 
2; 0978;     163 
2; 1178;     184 
2; 1377;     158 
2; 1577;     214 
2; 1777;     173 
2; 1977;     207 
2; 2177;     252 
2; 2376;     213 
2; 2576;     233 
2; 2776;     255 
2; 2976;     280 
2; 3176;     344 
2; 3375;     299 
2; 3575;     299 
2; 3775;     313 
2; 3975;     290 
2; 4174;     267 
2; 4374;     272 
2; 4574;     266 
2; 4774;     263 
2; 4974;     295 
2; 5173;     298 
2; 5373;     343 
2; 5573;     423 
2; 5773;     483 
2; 5973;     560 
2; 6172;     710 
2; 6372;     817 
2; 6572;     854 
2; 6772;     972 
2; 6971;     934 
2; 7171;     851 
2; 7371;     842 
2; 7571;     831 
2; 7771;     797 
2; 7970;     813 
2; 8170;     762 
2; 8370;     784 
2; 8570;     797 
2; 8770;     816 
2; 8969;     787 
2; 9169;     893 
2; 9369;     795 
2; 9569;     697 
2; 9769;     694 
2; 9968;     607 
3; 0168;     587 
3; 0368;     491 
3; 0568;     397 
3; 0767;     366 
3; 0967;     335 
3; 1167;     297 
3; 1367;     297 
3; 1567;     312 
3; 1766;     294 
3; 1966;     339 
3; 2166;     345 
3; 2366;     319 
3; 2566;     366 
3; 2765;     354 
3; 2965;     366 
3; 3165;     394 
3; 3365;     439 
3; 3565;     433 
3; 3764;     501 
3; 3964;     598 
3; 4164;     633 
3; 4364;     601 
3; 4563;     615 
3; 4763;     584 
3; 4963;     536 
3; 5163;     525 
3; 5363;     484 
3; 5562;     471 
3; 5762;     504 
3; 5962;     621 
3; 6162;     700 
3; 6362;     832 
3; 6561;     868 
3; 6761;     865 
3; 6961;     954 
3; 7161;     865 
3; 7361;     845 
3; 7560;     681 
3; 7760;     598 
3; 7960;     523 
3; 8160;     456 
3; 8359;     380 
3; 8559;     371 
3; 8759;     388 
3; 8959;     392 
3; 9159;     384 
3; 9358;     401 
3; 9558;     409 
3; 9758;     375 
3; 9958;     346 
4; 0158;     336 
4; 0357;     347 
4; 0557;     315 
4; 0757;     337 
4; 0957;     321 
4; 1156;     301 
4; 1356;     314 
4; 1556;     302 
4; 1756;     290 
4; 1956;     260 
4; 2155;     271 
4; 2355;     294 
4; 2555;     247 
4; 2755;     255 
4; 2955;     281 
4; 3154;     293 
4; 3354;     287 
4; 3554;     291 
4; 3754;     300 
4; 3954;     320 
4; 4153;     345 
4; 4353;     346 
4; 4553;     341 
4; 4753;     335 
4; 4952;     404 
4; 5152;     353 
4; 5352;     356 
4; 5552;     361 
4; 5752;     340 
4; 5951;     328 
4; 6151;     331 
4; 6351;     308 
4; 6551;     298 
4; 6751;     272 
4; 6950;     276 
4; 7150;     277 
4; 7350;     277 
4; 7550;     286 
4; 7750;     304 
4; 7949;     294 
4; 8149;     308 
4; 8349;     266 
4; 8549;     317 
4; 8748;     305 
4; 8948;     280 
4; 9148;     310 
4; 9348;     325 
4; 9548;     296 
4; 9747;     305 
4; 9947;     303 
5; 0147;     318 
5; 0347;     341 
5; 0547;     344 
5; 0746;     315 
5; 0946;     343 
5; 1146;     340 
5; 1346;     349 
5; 1546;     312 
5; 1745;     341 
5; 1945;     350 
5; 2145;     351 
5; 2345;     375 
5; 2544;     354 
5; 2744;     386 
5; 2944;     359 
5; 3144;     382 
5; 3344;     377 
5; 3543;     371 
5; 3743;     397 
5; 3943;     408 
5; 4143;     415 
5; 4343;     415 
5; 4542;     380 
5; 4742;     406 
5; 4942;     406 
5; 5142;     449 
5; 5341;     431 
5; 5541;     432 
5; 5741;     420 
5; 5941;     436 
5; 6141;     434 
5; 6340;     447 
5; 6540;     437 
5; 6740;     462 
5; 6940;     412 
5; 7140;     411 
5; 7339;     461 
5; 7539;     419 
5; 7739;     428 
5; 7939;     419 
5; 8139;     449 
5; 8338;     420 
5; 8538;     426 
5; 8738;     456 
5; 8938;     409 
5; 9137;     509 
5; 9337;     469 
5; 9537;     473 
5; 9737;     507 
5; 9937;     489 
6; 0136;     492 
6; 0336;     478 
6; 0536;     488 
6; 0736;     504 
6; 0936;     538 
6; 1135;     569 
6; 1335;     595 
6; 1535;     683 
6; 1735;     690 
6; 1935;     735 
6; 2134;     827 
6; 2334;     974 
6; 2534;    1175 
6; 2734;    1280 
6; 2933;    1567 
6; 3133;    1798 
6; 3333;    1985 
6; 3533;    2250 
6; 3733;    2283 
6; 3932;    2307 
6; 4132;    2309 
6; 4332;    2209 
6; 4532;    1929 
6; 4732;    1661 
6; 4931;    1325 
6; 5131;    1204 
6; 5331;    1050 
6; 5531;     855 
6; 5731;     728 
6; 5930;     680 
6; 6130;     659 
6; 6330;     653 
6; 6530;     642 
6; 6729;     641 
6; 6929;     702 
6; 7129;     624 
6; 7329;     608 
6; 7529;     673 
6; 7728;     671 
6; 7928;     646 
6; 8128;     674 
6; 8328;     697 
6; 8528;     719 
6; 8727;     743 
6; 8927;     756 
6; 9127;     774 
6; 9327;     833 
6; 9527;     823 
6; 9726;     874 
6; 9926;     852 
7; 0126;     934 
7; 0326;     918 
7; 0525;     896 
7; 0725;     846 
7; 0925;     867 
7; 1125;     876 
7; 1325;     841 
7; 1524;     856 
7; 1724;     800 
7; 1924;     814 
7; 2124;     785 
7; 2324;     805 
7; 2523;     827 
7; 2723;     870 
7; 2923;     916 
7; 3123;     888 
7; 3322;     950 
7; 3522;    1052 
7; 3722;    1167 
7; 3922;    1243 
7; 4122;    1381 
7; 4321;    1433 
7; 4521;    1618 
7; 4721;    1595 
7; 4921;    1532 
7; 5121;    1634 
7; 5320;    1515 
7; 5520;    1473 
7; 5720;    1360 
7; 5920;    1251 
7; 6120;    1244 
7; 6319;    1264 
7; 6519;    1236 
7; 6719;    1293 
7; 6919;    1401 
7; 7118;    1394 
7; 7318;    1615 
7; 7518;    1917 
7; 7718;    2452 
7; 7918;    3272 
7; 8117;    4795 
7; 8317;    7571 
7; 8517;   12527 
7; 8717;   20324 
7; 8917;   31887 
7; 9116;   47878 
7; 9316;   68639 
7; 9516;   92072 
7; 9716;  118290 
7; 9916;  142996 
8; 0115;  163412 
8; 0315;  174915 
8; 0515;  177783 
8; 0715;  169676 
8; 0914;  153062 
8; 1114;  129264 
8; 1314;  103786 
8; 1514;   78409 
8; 1714;   55788 
8; 1913;   37496 
8; 2113;   24126 
8; 2313;   15029 
8; 2513;    8974 
8; 2713;    5502 
8; 2912;    3432 
8; 3112;    2435 
8; 3312;    1764 
8; 3512;    1490 
8; 3712;    1336 
8; 3911;    1402 
8; 4111;    1502 
8; 4311;    1823 
8; 4511;    2375 
8; 4710;    3098 
8; 4910;    4310 
8; 5110;    6065 
8; 5310;    7869 
8; 5510;   10317 
8; 5709;   12233 
8; 5909;   14323 
8; 6109;   15915 
8; 6309;   16363 
8; 6509;   16377 
8; 6708;   15768 
8; 6908;   14665 
8; 7108;   13193 
8; 7308;   12133 
8; 7507;   11977 
8; 7707;   12292 
8; 7907;   13539 
8; 8107;   16310 
8; 8307;   18835 
8; 8506;   22141 
8; 8706;   24718 
8; 8906;   26319 
8; 9106;   27244 
8; 9306;   26458 
8; 9505;   24213 
8; 9705;   20934 
8; 9905;   17200 
9; 0105;   13537 
9; 0305;    9907 
9; 0504;    6925 
9; 0704;    4786 
9; 0904;    3071 
9; 1104;    1894 
9; 1303;    1355 
9; 1503;     843 
9; 1703;     579 
9; 1903;     486 
9; 2103;     361 
9; 2302;     396 
9; 2502;     380 
9; 2702;     326 
9; 2902;     295 
9; 3102;     333 
9; 3301;     325 
9; 3501;     307 
9; 3701;     314 
9; 3901;     337 
9; 4101;     385 
9; 4300;     452 
9; 4500;     570 
9; 4700;     658 
9; 4900;     822 
9; 5099;     909 
9; 5299;    1055 
9; 5499;    1163 
9; 5699;    1214 
9; 5899;    1205 
9; 6098;    1069 
9; 6298;     974 
9; 6498;     848 
9; 6698;     756 
9; 6898;     615 
9; 7097;     521 
9; 7297;     343 
9; 7497;     357 
9; 7697;     290 
9; 7897;     249 
9; 8096;     236 
9; 8296;     229 
9; 8496;     224 
9; 8696;     204 
9; 8895;     206 
9; 9095;     191 
9; 9295;     222 
9; 9495;     199 
9; 9695;     194 
9; 9894;     209 
10; 0094;     207 
10; 0294;     211 
10; 0494;     195 
10; 0694;     175 
10; 0893;     206 
10; 1093;     171 
10; 1293;     181 
10; 1493;     178 
10; 1693;     183 
10; 1892;     183 
10; 2092;     197 
10; 2292;     175 
10; 2492;     218 
10; 2691;     209 
10; 2891;     219 
10; 3091;     245 
10; 3291;     322 
10; 3491;     411 
10; 3690;     463 
10; 3890;     630 
10; 4090;     816 
10; 4290;    1058 
10; 4490;    1203 
10; 4689;    1502 
10; 4889;    1757 
10; 5089;    1924 
10; 5289;    2102 
10; 5488;    2098 
10; 5688;    2053 
10; 5888;    2044 
10; 6088;    1774 
10; 6288;    1560 
10; 6487;    1254 
10; 6687;    1014 
10; 6887;     766 
10; 7087;     641 
10; 7287;     505 
10; 7486;     368 
10; 7686;     279 
10; 7886;     244 
10; 8086;     211 
10; 8286;     207 
10; 8485;     210 
10; 8685;     178 
10; 8885;     170 
10; 9085;     203 
10; 9284;     166 
10; 9484;     191 
10; 9684;     177 
10; 9884;     197 
11; 0084;     177 
11; 0283;     195 
11; 0483;     172 
11; 0683;     146 
11; 0883;     154 
11; 1083;     143 
11; 1282;     158 
11; 1482;     155 
11; 1682;     165 
11; 1882;     155 
11; 2082;     152 
11; 2281;     162 
11; 2481;     129 
11; 2681;     166 
11; 2881;     165 
11; 3080;     175 
11; 3280;     155 
11; 3480;     177 
11; 3680;     182 
11; 3880;     168 
11; 4079;     192 
11; 4279;     155 
11; 4479;     176 
11; 4679;     150 
11; 4879;     163 
11; 5078;     188 
11; 5278;     175 
11; 5478;     163 
11; 5678;     161 
11; 5878;     182 
11; 6077;     201 
11; 6277;     232 
11; 6477;     240 
11; 6677;     249 
11; 6876;     260 
11; 7076;     268 
11; 7276;     263 
11; 7476;     285 
11; 7676;     248 
11; 7875;     268 
11; 8075;     231 
11; 8275;     231 
11; 8475;     215 
11; 8675;     220 
11; 8874;     226 
11; 9074;     178 
11; 9274;     165 
11; 9474;     178 
11; 9673;     155 
11; 9873;     149 
12; 0073;     168 
12; 0273;     135 
12; 0473;     163 
12; 0672;     163 
12; 0872;     178 
12; 1072;     158 
12; 1272;     178 
12; 1472;     153 
12; 1671;     179 
12; 1871;     172 
12; 2071;     205 
12; 2271;     164 
12; 2471;     205 
12; 2670;     209 
12; 2870;     225 
12; 3070;     185 
12; 3270;     172 
12; 3469;     236 
12; 3669;     235 
12; 3869;     236 
12; 4069;     250 
12; 4269;     300 
12; 4468;     352 
12; 4668;     412 
12; 4868;     445 
12; 5068;     616 
12; 5268;     769 
12; 5467;     805 
12; 5667;     925 
12; 5867;    1130 
12; 6067;    1094 
12; 6267;    1126 
12; 6466;    1157 
12; 6666;    1113 
12; 6866;     992 
12; 7066;     875 
12; 7265;     743 
12; 7465;     700 
12; 7665;     518 
12; 7865;     430 
12; 8065;     357 
12; 8264;     282 
12; 8464;     252 
12; 8664;     242 
12; 8864;     200 
12; 9064;     213 
12; 9263;     198 
12; 9463;     178 
12; 9663;     160 
12; 9863;     157 
13; 0063;     169 
13; 0262;     179 
13; 0462;     180 
13; 0662;     154 
13; 0862;     160 
13; 1061;     131 
13; 1261;     139 
13; 1461;     134 
13; 1661;     128 
13; 1861;     111 
13; 2060;     124 
13; 2260;     120 
13; 2460;     114 
13; 2660;     126 
13; 2860;      98 
13; 3059;     126 
13; 3259;      99 
13; 3459;      94 
13; 3659;     103 
13; 3858;     112 
13; 4058;     120 
13; 4258;     117 
13; 4458;      93 
13; 4658;     119 
13; 4857;     104 
13; 5057;     115 
13; 5257;     109 
13; 5457;     114 
13; 5657;     106 
13; 5856;     103 
13; 6056;     101 
13; 6256;     117 
13; 6456;      91 
13; 6656;      97 
13; 6855;      93 
13; 7055;     120 
13; 7255;     117 
13; 7455;     107 
13; 7654;     108 
13; 7854;     107 
13; 8054;     116 
13; 8254;     102 
13; 8454;     130 
13; 8653;     114 
13; 8853;     111 
13; 9053;      99 
13; 9253;     103 
13; 9453;     104 
13; 9652;     119 
13; 9852;     112 
14; 0052;     114 
14; 0252;      99 
14; 0452;     110 
14; 0651;     121 
14; 0851;      95 
14; 1051;     107 
14; 1251;     105 
14; 1450;     131 
14; 1650;      99 
14; 1850;      95 
14; 2050;      97 
14; 2250;     112 
14; 2449;     115 
14; 2649;     122 
14; 2849;     141 
14; 3049;     120 
14; 3249;     122 
14; 3448;     119 
14; 3648;     155 
14; 3848;     163 
14; 4048;     153 
14; 4248;     156 
14; 4447;     149 
14; 4647;     152 
14; 4847;     143 
14; 5047;     152 
14; 5246;     132 
14; 5446;     138 
14; 5646;     129 
14; 5846;     157 
14; 6046;     144 
14; 6245;     152 
14; 6445;     174 
14; 6645;     207 
14; 6845;     191 
14; 7045;     235 
14; 7244;     232 
14; 7444;     272 
14; 7644;     271 
14; 7844;     229 
14; 8044;     254 
14; 8243;     222 
14; 8443;     208 
14; 8643;     214 
14; 8843;     206 
14; 9042;     193 
14; 9242;     169 
14; 9442;     153 
14; 9642;     146 
14; 9842;     130 
15; 0041;     140 
15; 0241;     139 
15; 0441;     133 
15; 0641;     123 
15; 0841;     128 
15; 1040;     166 
15; 1240;     172 
15; 1440;     166 
15; 1640;     133 
15; 1839;     149 
15; 2039;     184 
15; 2239;     171 
15; 2439;     154 
15; 2639;     151 
15; 2838;     146 
15; 3038;     119 
15; 3238;     129 
15; 3438;     120 
15; 3638;     118 
15; 3837;     124 
15; 4037;     117 
15; 4237;     101 
15; 4437;     115 
15; 4637;     122 
15; 4836;     122 
15; 5036;     122 
15; 5236;     147 
15; 5436;     110 
15; 5635;     119 
15; 5835;     116 
15; 6035;     115 
15; 6235;     114 
15; 6435;     120 
15; 6634;     113 
15; 6834;     119 
15; 7034;     103 
15; 7234;     147 
15; 7434;     124 
15; 7633;     135 
15; 7833;     131 
15; 8033;     148 
15; 8233;     159 
15; 8433;     198 
15; 8632;     244 
15; 8832;     299 
15; 9032;     358 
15; 9232;     468 
15; 9431;     609 
15; 9631;     851 
15; 9831;    1064 
16; 0031;    1358 
16; 0231;    1501 
16; 0430;    1759 
16; 0630;    1969 
16; 0830;    2171 
16; 1030;    2234 
16; 1230;    2228 
16; 1429;    2182 
16; 1629;    2019 
16; 1829;    1862 
16; 2029;    1613 
16; 2229;    1428 
16; 2428;    1125 
16; 2628;     854 
16; 2828;     641 
16; 3028;     489 
16; 3227;     396 
16; 3427;     270 
16; 3627;     226 
16; 3827;     178 
16; 4027;     143 
16; 4226;     137 
16; 4426;     121 
16; 4626;     158 
16; 4826;     146 
16; 5026;     189 
16; 5225;     177 
16; 5425;     193 
16; 5625;     227 
16; 5825;     274 
16; 6024;     316 
16; 6224;     396 
16; 6424;     406 
16; 6624;     409 
16; 6824;     473 
16; 7023;     518 
16; 7223;     516 
16; 7423;     500 
16; 7623;     496 
16; 7823;     473 
16; 8022;     535 
16; 8222;     526 
16; 8422;     520 
16; 8622;     531 
16; 8822;     607 
16; 9021;     662 
16; 9221;     688 
16; 9421;     680 
16; 9621;     742 
16; 9820;     707 
17; 0020;     770 
17; 0220;     665 
17; 0420;     614 
17; 0620;     538 
17; 0819;     467 
17; 1019;     398 
17; 1219;     359 
17; 1419;     296 
17; 1619;     230 
17; 1818;     174 
17; 2018;     159 
17; 2218;     115 
17; 2418;     108 
17; 2618;     107 
17; 2817;      88 
17; 3017;     106 
17; 3217;      83 
17; 3417;     101 
17; 3616;     100 
17; 3816;      83 
17; 4016;      82 
17; 4216;     110 
17; 4416;     121 
17; 4615;      99 
17; 4815;     132 
17; 5015;     124 
17; 5215;     146 
17; 5415;     146 
17; 5614;     131 
17; 5814;     133 
17; 6014;     140 
17; 6214;     158 
17; 6414;     142 
17; 6613;     124 
17; 6813;     138 
17; 7013;     147 
17; 7213;     134 
17; 7412;     123 
17; 7612;     128 
17; 7812;     120 
17; 8012;     140 
17; 8212;     113 
17; 8411;     127 
17; 8611;     109 
17; 8811;      90 
17; 9011;     103 
17; 9211;     111 
17; 9410;      93 
17; 9610;      85 
17; 9810;      79 
18; 0010;      99 
18; 0210;      93 
18; 0409;      61 
18; 0609;      71 
18; 0809;      68 
18; 1009;      75 
18; 1208;      65 
18; 1408;      71 
18; 1608;      70 
18; 1808;      72 
18; 2008;      67 
18; 2207;      50 
18; 2407;      72 
18; 2607;      60 
18; 2807;      65 
18; 3007;      58 
18; 3206;      88 
18; 3406;      63 
18; 3606;      63 
18; 3806;      74 
18; 4005;      81 
18; 4205;      81 
18; 4405;      92 
18; 4605;      99 
18; 4805;      94 
18; 5004;     112 
18; 5204;     137 
18; 5404;     115 
18; 5604;     112 
18; 5804;     117 
18; 6003;     147 
18; 6203;     141 
18; 6403;     135 
18; 6603;     125 
18; 6803;     126 
18; 7002;     118 
18; 7202;     115 
18; 7402;     137 
18; 7602;     130 
18; 7801;     139 
18; 8001;     119 
18; 8201;     132 
18; 8401;     137 
18; 8601;     118 
18; 8800;     123 
18; 9000;     128 
18; 9200;     131 
18; 9400;     136 
18; 9600;     139 
18; 9799;     139 
18; 9999;     135 
19; 0199;     156 
19; 0399;     143 
19; 0599;     159 
19; 0798;     153 
19; 0998;     143 
19; 1198;     153 
19; 1398;     126 
19; 1597;     138 
19; 1797;     149 
19; 1997;     154 
19; 2197;     133 
19; 2397;     147 
19; 2596;     133 
19; 2796;     130 
19; 2996;     124 
19; 3196;     116 
19; 3396;     109 
19; 3595;     128 
19; 3795;     106 
19; 3995;      94 
19; 4195;     100 
19; 4395;     114 
19; 4594;      82 
19; 4794;      82 
19; 4994;      82 
19; 5194;      77 
19; 5393;      79 
19; 5593;      85 
19; 5793;      74 
19; 5993;      71 
19; 6193;      72 
19; 6392;      80 
19; 6592;      77 
19; 6792;      51 
19; 6992;      55 
19; 7192;      58 
19; 7391;      58 
19; 7591;      58 
19; 7791;      72 
19; 7991;      78 
19; 8190;      58 
19; 8390;      60 
19; 8590;      75 
19; 8790;      57 
19; 8990;      63 
19; 9189;      74 
19; 9389;      86 
19; 9589;      77 
19; 9789;      96 
19; 9989;     104 
20; 0188;     136 
20; 0388;     127 
20; 0588;     161 
20; 0788;     165 
20; 0988;     181 
20; 1187;     192 
20; 1387;     169 
20; 1587;     190 
20; 1787;     235 
20; 1986;     189 
20; 2186;     214 
20; 2386;     188 
20; 2586;     198 
20; 2786;     171 
20; 2985;     164 
20; 3185;     140 
20; 3385;     114 
20; 3585;     107 
20; 3785;      90 
20; 3984;      89 
20; 4184;      78 
20; 4384;      72 
20; 4584;      66 
20; 4784;      63 
20; 4983;      68 
20; 5183;      58 
20; 5383;      46 
20; 5583;      61 
20; 5782;      65 
20; 5982;      50 
20; 6182;      58 
20; 6382;      59 
20; 6582;      60 
20; 6781;      74 
20; 6981;      67 
20; 7181;      76 
20; 7381;      66 
20; 7581;      57 
20; 7780;      64 
20; 7980;      63 
20; 8180;      57 
20; 8380;      65 
20; 8580;      64 
20; 8779;      65 
20; 8979;      63 
20; 9179;      54 
20; 9379;      65 
20; 9578;      75 
20; 9778;      68 
20; 9978;      87 
21; 0178;      79 
21; 0378;      97 
21; 0577;      79 
21; 0777;      83 
21; 0977;     109 
21; 1177;      92 
21; 1377;     112 
21; 1576;     105 
21; 1776;      88 
21; 1976;      93 
21; 2176;     103 
21; 2375;      92 
21; 2575;     101 
21; 2775;      89 
21; 2975;      80 
21; 3175;      85 
21; 3374;      69 
21; 3574;      79 
21; 3774;      52 
21; 3974;      46 
21; 4174;      66 
21; 4373;      62 
21; 4573;      68 
21; 4773;      58 
21; 4973;      47 
21; 5173;      54 
21; 5372;      46 
21; 5572;      55 
21; 5772;      49 
21; 5972;      40 
21; 6171;      39 
21; 6371;      36 
21; 6571;      49 
21; 6771;      49 
21; 6971;      48 
21; 7170;      44 
21; 7370;      45 
21; 7570;      39 
21; 7770;      46 
21; 7970;      47 
21; 8169;      55 
21; 8369;      36 
21; 8569;      42 
21; 8769;      54 
21; 8969;      51 
21; 9168;      40 
21; 9368;      58 
21; 9568;      48 
21; 9768;      65 
21; 9967;      63 
22; 0167;      57 
22; 0367;      62 
22; 0567;      66 
22; 0767;      57 
22; 0966;      66 
22; 1166;      61 
22; 1366;      68 
22; 1566;      76 
22; 1766;      67 
22; 1965;      64 
22; 2165;      68 
22; 2365;      64 
22; 2565;      69 
22; 2765;      53 
22; 2964;      36 
22; 3164;      35 
22; 3364;      46 
22; 3564;      40 
22; 3763;      40 
22; 3963;      44 
22; 4163;      32 
22; 4363;      35 
22; 4563;      33 
22; 4762;      29 
22; 4962;      26 
22; 5162;      34 
22; 5362;      30 
22; 5562;      43 
22; 5761;      37 
22; 5961;      42 
22; 6161;      62 
22; 6361;      47 
22; 6561;      50 
22; 6760;      45 
22; 6960;      63 
22; 7160;      49 
22; 7360;      55 
22; 7559;      55 
22; 7759;      44 
22; 7959;      61 
22; 8159;      45 
22; 8359;      38 
22; 8558;      46 
22; 8758;      48 
22; 8958;      44 
22; 9158;      53 
22; 9358;      33 
22; 9557;      37 
22; 9757;      30 
22; 9957;      26 
23; 0157;      26 
23; 0356;      38 
23; 0556;      38 
23; 0756;      41 
23; 0956;      34 
23; 1156;      49 
23; 1355;      34 
23; 1555;      20 
23; 1755;      32 
23; 1955;      26 
23; 2155;      41 
23; 2354;      32 
23; 2554;      36 
23; 2754;      32 
23; 2954;      25 
23; 3154;      33 
23; 3353;      26 
23; 3553;      23 
23; 3753;      28 
23; 3953;      26 
23; 4152;      28 
23; 4352;      22 
23; 4552;      31 
23; 4752;      16 
23; 4952;      22 
23; 5151;      25 
23; 5351;      21 
23; 5551;      28 
23; 5751;      24 
23; 5951;      23 
23; 6150;      26 
23; 6350;      37 
23; 6550;      34 
23; 6750;      29 
23; 6950;      26 
23; 7149;      30 
23; 7349;      27 
23; 7549;      28 
23; 7749;      41 
23; 7948;      48 
23; 8148;      30 
23; 8348;      36 
23; 8548;      38 
23; 8748;      33 
23; 8947;      23 
23; 9147;      29 
23; 9347;      31 
23; 9547;      18 
23; 9747;      30 
23; 9946;      36 
24; 0146;      32 
24; 0346;      27 
24; 0546;      30 
24; 0746;      38 
24; 0945;      35 
24; 1145;      51 
24; 1345;      34 
24; 1545;      44 
24; 1744;      35 
24; 1944;      51 
24; 2144;      36 
24; 2344;      43 
24; 2544;      48 
24; 2743;      26 
24; 2943;      34 
24; 3143;      23 
24; 3343;      38 
24; 3543;      23 
24; 3742;      24 
24; 3942;      23 
24; 4142;      13 
24; 4342;      19 
24; 4541;      28 
24; 4741;      12 
24; 4941;      24 
24; 5141;      26 
24; 5341;      25 
24; 5540;      26 
24; 5740;      25 
24; 5940;      24 
24; 6140;      24 
24; 6340;      29 
24; 6539;      31 
24; 6739;      29 
24; 6939;      26 
24; 7139;      18 
24; 7339;      33 
24; 7538;      30 
24; 7738;      34 
24; 7938;      48 
24; 8138;      55 
24; 8337;      46 
24; 8537;      58 
24; 8737;      81 
24; 8937;      95 
24; 9137;     132 
24; 9336;     125 
24; 9536;     139 
24; 9736;     159 
24; 9936;     198 
25; 0136;     196 
25; 0335;     253 
25; 0535;     240 
25; 0735;     271 
25; 0935;     269 
25; 1135;     318 
25; 1334;     296 
25; 1534;     326 
25; 1734;     357 
25; 1934;     365 
25; 2133;     345 
25; 2333;     389 
25; 2533;     410 
25; 2733;     371 
25; 2933;     416 
25; 3132;     372 
25; 3332;     410 
25; 3532;     352 
25; 3732;     313 
25; 3932;     279 
25; 4131;     257 
25; 4331;     195 
25; 4531;     175 
25; 4731;     141 
25; 4931;     111 
25; 5130;      85 
25; 5330;      81 
25; 5530;      62 
25; 5730;      45 
25; 5929;      41 
25; 6129;      34 
25; 6329;      26 
25; 6529;      29 
25; 6729;      31 
25; 6928;      27 
25; 7128;      29 
25; 7328;      24 
25; 7528;      16 
25; 7728;      26 
25; 7927;      22 
25; 8127;      27 
25; 8327;      22 
25; 8527;      26 
25; 8727;      22 
25; 8926;      27 
25; 9126;      24 
25; 9326;      14 
25; 9526;      18 
25; 9725;      25 
25; 9925;      28 
26; 0125;      23 
26; 0325;      30 
26; 0525;      16 
26; 0724;      30 
26; 0924;      29 
26; 1124;      28 
26; 1324;      30 
26; 1524;      26 
26; 1723;      25 
26; 1923;      44 
26; 2123;      34 
26; 2323;      37 
26; 2522;      34 
26; 2722;      34 
26; 2922;      44 
26; 3122;      34 
26; 3322;      38 
26; 3521;      29 
26; 3721;      34 
26; 3921;      38 
26; 4121;      40 
26; 4321;      35 
26; 4520;      30 
26; 4720;      28 
26; 4920;      27 
26; 5120;      27 
26; 5320;      28 
26; 5519;      32 
26; 5719;      24 
26; 5919;      21 
26; 6119;      35 
26; 6318;      20 
26; 6518;      16 
26; 6718;      22 
26; 6918;      12 
26; 7118;      16 
26; 7317;      28 
26; 7517;      10 
26; 7717;      15 
26; 7917;      30 
26; 8117;      18 
26; 8316;      17 
26; 8516;       9 
26; 8716;      20 
26; 8916;      16 
26; 9116;      14 
26; 9315;      21 
26; 9515;      15 
26; 9715;      21 
26; 9915;      15 
27; 0114;      15 
27; 0314;      17 
27; 0514;      16 
27; 0714;      19 
27; 0914;      20 
27; 1113;      15 
27; 1313;      11 
27; 1513;      12 
27; 1713;      13 
27; 1913;      16 
27; 2112;      15 
27; 2312;      16 
27; 2512;      16 
27; 2712;      20 
27; 2912;       8 
27; 3111;      15 
27; 3311;      19 
27; 3511;      18 
27; 3711;      17 
27; 3910;      11 
27; 4110;       6 
27; 4310;      13 
27; 4510;      13 
27; 4710;      11 
27; 4909;      14 
27; 5109;      20 
27; 5309;       8 
27; 5509;      21 
27; 5709;      15 
27; 5908;      19 
27; 6108;       8 
27; 6308;      16 
27; 6508;      11 
27; 6707;      17 
27; 6907;      16 
27; 7107;      11 
27; 7307;      12 
27; 7507;      16 
27; 7706;      12 
27; 7906;      15 
27; 8106;      10 
27; 8306;      13 
27; 8506;      11 
27; 8705;       8 
27; 8905;      13 
27; 9105;      13 
27; 9305;      12 
27; 9505;      19 
27; 9704;      13 
27; 9904;      16 
28; 0104;      18 
28; 0304;      15 
28; 0503;      13 
28; 0703;      10 
28; 0903;      15 
28; 1103;       9 
28; 1303;      20 
28; 1502;      17 
28; 1702;      15 
28; 1902;      22 
28; 2102;      23 
28; 2302;      27 
28; 2501;      21 
28; 2701;      31 
28; 2901;      23 
28; 3101;      42 
28; 3301;      45 
28; 3500;      65 
28; 3700;      64 
28; 3900;      68 
28; 4100;      61 
28; 4299;      73 
28; 4499;      81 
28; 4699;      68 
28; 4899;     103 
28; 5099;     103 
28; 5298;      78 
28; 5498;      96 
28; 5698;      85 
28; 5898;      62 
28; 6098;      48 
28; 6297;      61 
28; 6497;      53 
28; 6697;      53 
28; 6897;      38 
28; 7097;      33 
28; 7296;      37 
28; 7496;      19 
28; 7696;      25 
28; 7896;      11 
28; 8095;      19 
28; 8295;      19 
28; 8495;      22 
28; 8695;      15 
28; 8895;      16 
28; 9094;      16 
28; 9294;      14 
28; 9494;      23 
28; 9694;      18 
28; 9894;      17 
29; 0093;      22 
29; 0293;      23 
29; 0493;      33 
29; 0693;      24 
29; 0892;      27 
29; 1092;      20 
29; 1292;      34 
29; 1492;      34 
29; 1692;      29 
29; 1891;      22 
29; 2091;      29 
29; 2291;      25 
29; 2491;      27 
29; 2691;      25 
29; 2890;      19 
29; 3090;      23 
29; 3290;      17 
29; 3490;      13 
29; 3690;      17 
29; 3889;      11 
29; 4089;      17 
29; 4289;       9 
29; 4489;      11 
29; 4688;      15 
29; 4888;       9 
29; 5088;       7 
29; 5288;      10 
29; 5488;      10 
29; 5687;       3 
29; 5887;       8 
29; 6087;      12 
29; 6287;      10 
29; 6487;      10 
29; 6686;      12 
29; 6886;      10 
29; 7086;      12 
29; 7286;      11 
29; 7486;       9 
29; 7685;      13 
29; 7885;      10 
29; 8085;       9 
29; 8285;      12 
29; 8484;       7 
29; 8684;       5 
29; 8884;      11 
29; 9084;      15 
29; 9284;       9 
29; 9483;      13 
29; 9683;      13 
29; 9883;      13 
30; 0083;       7 
30; 0283;       7 
30; 0482;       6 
30; 0682;       8 
30; 0882;       6 
30; 1082;      10 
30; 1282;       8 
30; 1481;       7 
30; 1681;       8 
30; 1881;       9 
30; 2081;       8 
30; 2280;       5 
30; 2480;      12 
30; 2680;       4 
30; 2880;       9 
30; 3080;       8 
30; 3279;       3 
30; 3479;       6 
30; 3679;      13 
30; 3879;      12 
30; 4079;       5 
30; 4278;       8 
30; 4478;       4 
30; 4678;       6 
30; 4878;      10 
30; 5078;       7 
30; 5277;      10 
30; 5477;      14 
30; 5677;       8 
30; 5877;       6 
30; 6076;       8 
30; 6276;       6 
30; 6476;      11 
30; 6676;      11 
30; 6876;      11 
30; 7075;       3 
30; 7275;       9 
30; 7475;      10 
30; 7675;       8 
30; 7875;       6 
30; 8074;       7 
30; 8274;       8 
30; 8474;       9 
30; 8674;       8 
30; 8873;       5 
30; 9073;       9 
30; 9273;       5 
30; 9473;       5 
30; 9673;       7 
30; 9872;       3 
31; 0072;       6 
31; 0272;       6 
31; 0472;       9 
31; 0672;       7 
31; 0871;       6 
31; 1071;       7 
31; 1271;       7 
31; 1471;       9 
31; 1671;       2 
31; 1870;       6 
31; 2070;       4 
31; 2270;       9 
31; 2470;       5 
31; 2669;       8 
31; 2869;       1 
31; 3069;       3 
31; 3269;       6 
31; 3469;      11 
31; 3668;       5 
31; 3868;       3 
31; 4068;      10 
31; 4268;       5 
31; 4468;       4 
31; 4667;       6 
31; 4867;       9 
31; 5067;       6 
31; 5267;       8 
31; 5467;       6 
31; 5666;       6 
31; 5866;       7 
31; 6066;       9 
31; 6266;       7 
31; 6465;       3 
31; 6665;       9 
31; 6865;       7 
31; 7065;       9 
31; 7265;       8 
31; 7464;       6 
31; 7664;       7 
31; 7864;       5 
31; 8064;       3 
31; 8264;       7 
31; 8463;       5 
31; 8663;       4 
31; 8863;       2 
31; 9063;       3 
31; 9263;       6 
31; 9462;       4 
31; 9662;       7 
31; 9862;       7 
32; 0062;       2 
32; 0261;       4 
32; 0461;       4 
32; 0661;       7 
32; 0861;       2 
32; 1061;       8 
32; 1260;       4 
32; 1460;       2 
32; 1660;       3 
32; 1860;       3 
32; 2060;       8 
32; 2259;       5 
32; 2459;       3 
32; 2659;       6 
32; 2859;       1 
32; 3058;       7 
32; 3258;       2 
32; 3458;       6 
32; 3658;       2 
32; 3858;       4 
32; 4057;       6 
32; 4257;       4 
32; 4457;       3 
32; 4657;       3 
32; 4857;       4 
32; 5056;       5 
32; 5256;       4 
32; 5456;       6 
32; 5656;       5 
32; 5856;       1 
32; 6055;       4 
32; 6255;       2 
32; 6455;       2 
32; 6655;       4 
32; 6854;       3 
32; 7054;       5 
32; 7254;       2 
32; 7454;       0 
32; 7654;       8 
32; 7853;       5 
32; 8053;       3 
32; 8253;       6 
32; 8453;       6 
32; 8653;       6 
32; 8852;       5 
32; 9052;       6 
32; 9252;       5 
32; 9452;       4 
32; 9652;       3 
32; 9851;       7 
33; 0051;       5 
33; 0251;       5 
33; 0451;       9 
33; 0650;      10 
33; 0850;       7 
33; 1050;       8 
33; 1250;      14 
33; 1450;       7 
33; 1649;       7 
33; 1849;       7 
33; 2049;      13 
33; 2249;      22 
33; 2449;      12 
33; 2648;      11 
33; 2848;      12 
33; 3048;      14 
33; 3248;      11 
33; 3448;      10 
33; 3647;      15 
33; 3847;      10 
33; 4047;      14 
33; 4247;      13 
33; 4446;       8 
33; 4646;       7 
33; 4846;       8 
33; 5046;       6 
33; 5246;       9 
33; 5445;       7 
33; 5645;       7 
33; 5845;       4 
33; 6045;       1 
33; 6245;       6 
33; 6444;       9 
33; 6644;       6 
33; 6844;       3 
33; 7044;       5 
33; 7244;       4 
33; 7443;       9 
33; 7643;       5 
33; 7843;       4 
33; 8043;       5 
33; 8242;       3 
33; 8442;       2 
33; 8642;       2 
33; 8842;       3 
33; 9042;       9 
33; 9241;       4 
33; 9441;       3 
33; 9641;       7 
33; 9841;       5 
34; 0041;       0 
34; 0240;       6 
34; 0440;       5 
34; 0640;       6 
34; 0840;       6 
34; 1039;       0 
34; 1239;       6 
34; 1439;       5 
34; 1639;       5 
34; 1839;       3 
34; 2038;       3 
34; 2238;       4 
34; 2438;       5 
34; 2638;       2 
34; 2838;       0 
34; 3037;       2 
34; 3237;       2 
34; 3437;       6 
34; 3637;       2 
34; 3837;       5 
34; 4036;       2 
34; 4236;       1 
34; 4436;       4 
34; 4636;       8 
34; 4835;       5 
34; 5035;       3 
34; 5235;       2 
34; 5435;       1 
34; 5635;       0 
34; 5834;       2 
34; 6034;       1 
34; 6234;       1 
34; 6434;       4 
34; 6634;       2 
34; 6833;       3 
34; 7033;       5 
34; 7233;       3 
34; 7433;       3 
34; 7633;       1 
34; 7832;       1 
34; 8032;       1 
34; 8232;       0 
34; 8432;       3 
34; 8631;       1 
34; 8831;       0 
34; 9031;       3 
34; 9231;       0 
34; 9431;       2 
34; 9630;       3 
34; 9830;       2 
35; 0030;       3 
35; 0230;       1 
35; 0430;       3 
35; 0629;       0 
35; 0829;       1 
35; 1029;       2 
35; 1229;       3 
35; 1429;       0 
35; 1628;       2 
35; 1828;       1 
35; 2028;       1 
35; 2228;       0 
35; 2427;       2 
35; 2627;       5 
35; 2827;       1 
35; 3027;       4 
35; 3227;       2 
35; 3426;       2 
35; 3626;       1 
35; 3826;       0 
35; 4026;       2 
35; 4226;       1 
35; 4425;       2 
35; 4625;       1 
35; 4825;       0 
35; 5025;       2 
35; 5224;       2 
35; 5424;       4 
35; 5624;       2 
35; 5824;       0 
35; 6024;       1 
35; 6223;       1 
35; 6423;       1 
35; 6623;       0 
35; 6823;       3 
35; 7023;       1 
35; 7222;       2 
35; 7422;       0 
35; 7622;       1 
35; 7822;       0 
35; 8022;       1 
35; 8221;       0 
35; 8421;       2 
35; 8621;       1 
35; 8821;       0 
35; 9020;       2 
35; 9220;       1 
35; 9420;       2 
35; 9620;       0 
35; 9820;       2 
36; 0019;       0 
36; 0219;       2 
36; 0419;       6 
36; 0619;       3 
36; 0819;       2 
36; 1018;       3 
36; 1218;       1 
36; 1418;       0 
36; 1618;       1 
36; 1818;       1 
36; 2017;       0 
36; 2217;       0 
36; 2417;       2 
36; 2617;       1 
36; 2816;       1 
36; 3016;       1 
36; 3216;       0 
36; 3416;       0 
36; 3616;       0 
36; 3815;       2 
36; 4015;       4 
36; 4215;       1 
36; 4415;       2 
36; 4615;       0 
36; 4814;       0 
36; 5014;       1 
36; 5214;       1 
36; 5414;       2 
36; 5614;       0 
36; 5813;       2 
36; 6013;       0 
36; 6213;       4 
36; 6413;       3 
36; 6612;       1 
36; 6812;       2 
36; 7012;       3 
36; 7212;       2 
36; 7412;       0 
36; 7611;       1 
36; 7811;       2 
36; 8011;       0 
36; 8211;       0 
36; 8411;       2 
36; 8610;       1 
36; 8810;       0 
36; 9010;       2 
36; 9210;       1 
36; 9409;       3 
36; 9609;       1 
36; 9809;       0 
37; 0009;       0 
37; 0209;       2 
37; 0408;       2 
37; 0608;       1 
37; 0808;       3 
37; 1008;       0 
37; 1208;       2 
37; 1407;       0 
37; 1607;       1 
37; 1807;       1 
37; 2007;       1 
37; 2207;       1 
37; 2406;       3 
37; 2606;       1 
37; 2806;       1 
37; 3006;       3 
37; 3205;       1 
37; 3405;       1 
37; 3605;       1 
37; 3805;       0 
37; 4005;       2 
37; 4204;       1 
37; 4404;       0 
37; 4604;       0 
37; 4804;       1 
37; 5004;       0 
37; 5203;       1 
37; 5403;       1 
37; 5603;       1 
37; 5803;       2 
37; 6003;       4 
37; 6202;       1 
37; 6402;       1 
37; 6602;       0 
37; 6802;       1 
37; 7001;       0 
37; 7201;       0 
37; 7401;       0 
37; 7601;       0 
37; 7801;       0 
37; 8000;       0 
37; 8200;       0 
37; 8400;       1 
37; 8600;       1 
37; 8800;       0 
37; 8999;       0 
37; 9199;       0 
37; 9399;       0 
37; 9599;       0 
37; 9799;       3 
37; 9998;       1 
38; 0198;       1 
38; 0398;       1 
38; 0598;       0 
38; 0797;       1 
38; 0997;       2 
38; 1197;       1 
38; 1397;       1 
38; 1597;       1 
38; 1796;       1 
38; 1996;       0 
38; 2196;       0 
38; 2396;       0 
38; 2596;       0 
38; 2795;       3 
38; 2995;       0 
38; 3195;       0 
38; 3395;       0 
38; 3595;       0 
38; 3794;       1 
38; 3994;       1 
38; 4194;       0 
38; 4394;       0 
38; 4593;       0 
38; 4793;       2 
38; 4993;       0 
38; 5193;       0 
38; 5393;       0 
38; 5592;       2 
38; 5792;       0 
38; 5992;       0 
38; 6192;       0 
38; 6392;       0 
38; 6591;       0 
38; 6791;       1 
38; 6991;       1 
38; 7191;       0 
38; 7390;       0 
38; 7590;       1 
38; 7790;       0 
38; 7990;       0 
38; 8190;       0 
38; 8389;       0 
38; 8589;       0 
38; 8789;       0 
38; 8989;       1 
38; 9189;       0 
38; 9388;       1 
38; 9588;       1 
38; 9788;       0 
38; 9988;       1 
39; 0188;       1 
39; 0387;       0 
39; 0587;       0 
39; 0787;       0 
39; 0987;       1 
39; 1186;       4 
39; 1386;       0 
39; 1586;       0 
39; 1786;       1 
39; 1986;       0 
39; 2185;       0 
39; 2385;       2 
39; 2585;       1 
39; 2785;       0 
39; 2985;       0 
39; 3184;       1 
39; 3384;       0 
39; 3584;       0 
39; 3784;       0 
39; 3984;       1 
39; 4183;       1 
39; 4383;       0 
39; 4583;       0 
39; 4783;       0 
39; 4982;       0 
39; 5182;       0 
39; 5382;       0 
39; 5582;       0 
39; 5782;       0 
39; 5981;       0 
39; 6181;       0 
39; 6381;       0 
39; 6581;       0 
39; 6781;       1 
39; 6980;       0 
39; 7180;       0 
39; 7380;       1 
39; 7580;       0 
39; 7780;       0 
39; 7979;       0 
39; 8179;       0 
39; 8379;       0 
39; 8579;       0 
39; 8778;       0 
39; 8978;       1 
39; 9178;       0 
39; 9378;       0 
39; 9578;       0 
39; 9777;       0 
39; 9977;       1 
40; 0177;       0 
40; 0377;       0 
40; 0577;       1 
40; 0776;       0 
40; 0976;       0 
40; 1176;       0 
40; 1376;       0 
40; 1575;       0 
40; 1775;       0 
40; 1975;       0 
40; 2175;       0 
40; 2375;       0 
40; 2574;       0 
40; 2774;       0 
40; 2974;       0 
40; 3174;       0 
40; 3374;       0 
40; 3573;       0 
40; 3773;       0 
40; 3973;       0 
40; 4173;       0 
40; 4373;       0 
40; 4572;       0 
40; 4772;       0 
40; 4972;       0 
40; 5172;       1 
40; 5371;       0 
40; 5571;       0 
40; 5771;       0 
40; 5971;       1 
40; 6171;       0 
40; 6370;       0 
40; 6570;       1 
40; 6770;       0 
40; 6970;       0 
40; 7170;       0 
40; 7369;       0 
40; 7569;       0 
40; 7769;       0 
40; 7969;       0 
40; 8169;       0 
40; 8368;       0 
40; 8568;       0 
40; 8768;       0 
40; 8968;       0 
