0; 0000;     267 
0; 0200;     238 
0; 0400;     175 
0; 0600;     100 
0; 0800;      66 
0; 1000;      29 
0; 1200;      15 
0; 1399;       5 
0; 1599;       2 
0; 1799;       2 
0; 1999;       0 
0; 2199;       0 
0; 2399;       1 
0; 2599;       0 
0; 2799;       0 
0; 2999;       0 
0; 3199;       0 
0; 3399;       0 
0; 3599;       2 
0; 3798;       0 
0; 3998;       0 
0; 4198;       0 
0; 4398;       0 
0; 4598;       0 
0; 4798;       0 
0; 4998;       0 
0; 5198;       0 
0; 5398;       3 
0; 5598;       6 
0; 5798;      23 
0; 5998;      63 
0; 6197;     116 
0; 6397;     161 
0; 6597;     242 
0; 6797;     216 
0; 6997;     212 
0; 7197;     212 
0; 7397;     209 
0; 7597;     215 
0; 7797;     224 
0; 7997;     208 
0; 8197;     191 
0; 8397;     204 
0; 8596;     214 
0; 8796;     203 
0; 8996;     210 
0; 9196;     197 
0; 9396;     191 
0; 9596;     200 
0; 9796;     209 
0; 9996;     191 
1; 0196;     176 
1; 0396;     181 
1; 0596;     182 
1; 0796;     195 
1; 0995;     173 
1; 1195;     182 
1; 1395;     174 
1; 1595;     171 
1; 1795;     173 
1; 1995;     198 
1; 2195;     166 
1; 2395;     179 
1; 2595;     163 
1; 2795;     166 
1; 2995;     151 
1; 3195;     151 
1; 3394;     139 
1; 3594;     167 
1; 3794;     174 
1; 3994;     163 
1; 4194;     154 
1; 4394;     164 
1; 4594;     159 
1; 4794;     164 
1; 4994;     159 
1; 5194;     157 
1; 5394;     163 
1; 5594;     144 
1; 5794;     150 
1; 5993;     161 
1; 6193;     160 
1; 6393;     149 
1; 6593;     184 
1; 6793;     170 
1; 6993;     200 
1; 7193;     193 
1; 7393;     192 
1; 7593;     162 
1; 7793;     182 
1; 7993;     175 
1; 8193;     156 
1; 8392;     186 
1; 8592;     182 
1; 8792;     182 
1; 8992;     208 
1; 9192;     211 
1; 9392;     241 
1; 9592;     223 
1; 9792;     220 
1; 9992;     227 
2; 0192;     211 
2; 0392;     208 
2; 0592;     177 
2; 0791;     222 
2; 0991;     172 
2; 1191;     169 
2; 1391;     183 
2; 1591;     169 
2; 1791;     216 
2; 1991;     214 
2; 2191;     255 
2; 2391;     292 
2; 2591;     292 
2; 2791;     300 
2; 2991;     332 
2; 3190;     331 
2; 3390;     343 
2; 3590;     336 
2; 3790;     300 
2; 3990;     308 
2; 4190;     237 
2; 4390;     236 
2; 4590;     227 
2; 4790;     263 
2; 4990;     252 
2; 5190;     300 
2; 5390;     346 
2; 5589;     369 
2; 5789;     442 
2; 5989;     609 
2; 6189;     688 
2; 6389;     746 
2; 6589;     868 
2; 6789;     930 
2; 6989;     974 
2; 7189;     928 
2; 7389;     863 
2; 7589;     842 
2; 7789;     783 
2; 7988;     769 
2; 8188;     803 
2; 8388;     824 
2; 8588;     870 
2; 8788;     790 
2; 8988;     781 
2; 9188;     793 
2; 9388;     818 
2; 9588;     751 
2; 9788;     680 
2; 9988;     674 
3; 0188;     579 
3; 0388;     517 
3; 0587;     426 
3; 0787;     325 
3; 0987;     305 
3; 1187;     291 
3; 1387;     343 
3; 1587;     346 
3; 1787;     368 
3; 1987;     412 
3; 2187;     465 
3; 2387;     561 
3; 2587;     639 
3; 2787;     732 
3; 2986;     784 
3; 3186;     788 
3; 3386;     768 
3; 3586;     632 
3; 3786;     610 
3; 3986;     478 
3; 4186;     420 
3; 4386;     373 
3; 4586;     378 
3; 4786;     422 
3; 4986;     440 
3; 5186;     604 
3; 5385;     835 
3; 5585;    1271 
3; 5785;    1876 
3; 5985;    2729 
3; 6185;    3679 
3; 6385;    4575 
3; 6585;    5283 
3; 6785;    5761 
3; 6985;    5812 
3; 7185;    5607 
3; 7385;    4698 
3; 7585;    3710 
3; 7784;    2684 
3; 7984;    1923 
3; 8184;    1273 
3; 8384;     878 
3; 8584;     657 
3; 8784;     561 
3; 8984;     556 
3; 9184;     675 
3; 9384;     841 
3; 9584;     951 
3; 9784;    1048 
3; 9984;    1110 
4; 0183;    1162 
4; 0383;    1145 
4; 0583;     994 
4; 0783;     828 
4; 0983;     689 
4; 1183;     526 
4; 1383;     451 
4; 1583;     339 
4; 1783;     321 
4; 1983;     286 
4; 2183;     269 
4; 2383;     257 
4; 2582;     257 
4; 2782;     270 
4; 2982;     241 
4; 3182;     274 
4; 3382;     293 
4; 3582;     244 
4; 3782;     293 
4; 3982;     327 
4; 4182;     311 
4; 4382;     339 
4; 4582;     349 
4; 4782;     402 
4; 4982;     363 
4; 5181;     370 
4; 5381;     383 
4; 5581;     358 
4; 5781;     404 
4; 5981;     288 
4; 6181;     337 
4; 6381;     321 
4; 6581;     323 
4; 6781;     310 
4; 6981;     309 
4; 7181;     345 
4; 7381;     312 
4; 7580;     310 
4; 7780;     279 
4; 7980;     302 
4; 8180;     355 
4; 8380;     339 
4; 8580;     318 
4; 8780;     383 
4; 8980;     353 
4; 9180;     382 
4; 9380;     388 
4; 9580;     370 
4; 9780;     416 
4; 9979;     415 
5; 0179;     378 
5; 0379;     357 
5; 0579;     354 
5; 0779;     351 
5; 0979;     351 
5; 1179;     347 
5; 1379;     398 
5; 1579;     350 
5; 1779;     370 
5; 1979;     356 
5; 2179;     398 
5; 2378;     389 
5; 2578;     389 
5; 2778;     383 
5; 2978;     386 
5; 3178;     400 
5; 3378;     346 
5; 3578;     369 
5; 3778;     390 
5; 3978;     425 
5; 4178;     424 
5; 4378;     394 
5; 4578;     414 
5; 4777;     386 
5; 4977;     375 
5; 5177;     408 
5; 5377;     413 
5; 5577;     372 
5; 5777;     410 
5; 5977;     372 
5; 6177;     402 
5; 6377;     434 
5; 6577;     404 
5; 6777;     426 
5; 6977;     405 
5; 7176;     431 
5; 7376;     417 
5; 7576;     439 
5; 7776;     395 
5; 7976;     462 
5; 8176;     432 
5; 8376;     493 
5; 8576;     482 
5; 8776;     515 
5; 8976;     515 
5; 9176;     528 
5; 9376;     491 
5; 9576;     448 
5; 9775;     496 
5; 9975;     506 
6; 0175;     451 
6; 0375;     497 
6; 0575;     493 
6; 0775;     505 
6; 0975;     540 
6; 1175;     569 
6; 1375;     570 
6; 1575;     637 
6; 1775;     688 
6; 1975;     849 
6; 2174;     908 
6; 2374;    1194 
6; 2574;    1480 
6; 2774;    1861 
6; 2974;    2309 
6; 3174;    2800 
6; 3374;    3288 
6; 3574;    3751 
6; 3774;    4038 
6; 3974;    4229 
6; 4174;    4108 
6; 4374;    3809 
6; 4573;    3307 
6; 4773;    2800 
6; 4973;    2214 
6; 5173;    1717 
6; 5373;    1270 
6; 5573;    1083 
6; 5773;     833 
6; 5973;     688 
6; 6173;     697 
6; 6373;     587 
6; 6573;     623 
6; 6773;     622 
6; 6972;     606 
6; 7172;     603 
6; 7372;     637 
6; 7572;     617 
6; 7772;     641 
6; 7972;     658 
6; 8172;     667 
6; 8372;     639 
6; 8572;     670 
6; 8772;     728 
6; 8972;     785 
6; 9172;     808 
6; 9371;     881 
6; 9571;     987 
6; 9771;    1047 
6; 9971;    1098 
7; 0171;    1231 
7; 0371;    1246 
7; 0571;    1240 
7; 0771;    1207 
7; 0971;    1213 
7; 1171;    1142 
7; 1371;    1035 
7; 1571;    1022 
7; 1770;     971 
7; 1970;     891 
7; 2170;     892 
7; 2370;     876 
7; 2570;     929 
7; 2770;     896 
7; 2970;     909 
7; 3170;     982 
7; 3370;    1031 
7; 3570;    1199 
7; 3770;    1178 
7; 3970;    1371 
7; 4170;    1474 
7; 4369;    1515 
7; 4569;    1544 
7; 4769;    1645 
7; 4969;    1661 
7; 5169;    1645 
7; 5369;    1544 
7; 5569;    1431 
7; 5769;    1412 
7; 5969;    1351 
7; 6169;    1318 
7; 6369;    1327 
7; 6569;    1359 
7; 6768;    1404 
7; 6968;    1441 
7; 7168;    1620 
7; 7368;    1793 
7; 7568;    2178 
7; 7768;    2770 
7; 7968;    3686 
7; 8168;    5768 
7; 8368;    9041 
7; 8568;   14866 
7; 8768;   24233 
7; 8968;   37691 
7; 9167;   55628 
7; 9367;   79295 
7; 9567;  105785 
7; 9767;  134051 
7; 9967;  158652 
8; 0167;  178439 
8; 0367;  189190 
8; 0567;  188238 
8; 0767;  176668 
8; 0967;  157547 
8; 1167;  131672 
8; 1367;  104219 
8; 1566;   76428 
8; 1766;   53854 
8; 1966;   35535 
8; 2166;   22766 
8; 2366;   13972 
8; 2566;    8266 
8; 2766;    4890 
8; 2966;    3156 
8; 3166;    2066 
8; 3366;    1654 
8; 3566;    1257 
8; 3766;    1127 
8; 3965;    1068 
8; 4165;    1021 
8; 4365;     987 
8; 4565;    1024 
8; 4765;    1004 
8; 4965;    1028 
8; 5165;    1096 
8; 5365;    1199 
8; 5565;    1308 
8; 5765;    1448 
8; 5965;    1517 
8; 6165;    1601 
8; 6365;    1831 
8; 6564;    2065 
8; 6764;    2392 
8; 6964;    2914 
8; 7164;    3848 
8; 7364;    4962 
8; 7564;    6960 
8; 7764;    9546 
8; 7964;   12920 
8; 8164;   16749 
8; 8364;   20695 
8; 8564;   24624 
8; 8764;   27465 
8; 8963;   29378 
8; 9163;   29538 
8; 9363;   28236 
8; 9563;   25657 
8; 9763;   21711 
8; 9963;   17556 
9; 0163;   13355 
9; 0363;    9771 
9; 0563;    6853 
9; 0763;    4506 
9; 0963;    3039 
9; 1163;    1817 
9; 1362;    1130 
9; 1562;     715 
9; 1762;     505 
9; 1962;     374 
9; 2162;     319 
9; 2362;     282 
9; 2562;     292 
9; 2762;     255 
9; 2962;     253 
9; 3162;     231 
9; 3362;     252 
9; 3562;     272 
9; 3761;     257 
9; 3961;     192 
9; 4161;     253 
9; 4361;     243 
9; 4561;     253 
9; 4761;     236 
9; 4961;     290 
9; 5161;     282 
9; 5361;     254 
9; 5561;     271 
9; 5761;     272 
9; 5961;     260 
9; 6160;     245 
9; 6360;     241 
9; 6560;     273 
9; 6760;     243 
9; 6960;     209 
9; 7160;     221 
9; 7360;     219 
9; 7560;     213 
9; 7760;     217 
9; 7960;     235 
9; 8160;     199 
9; 8360;     201 
9; 8559;     197 
9; 8759;     197 
9; 8959;     226 
9; 9159;     225 
9; 9359;     237 
9; 9559;     245 
9; 9759;     233 
9; 9959;     216 
10; 0159;     247 
10; 0359;     234 
10; 0559;     226 
10; 0759;     221 
10; 0959;     174 
10; 1158;     214 
10; 1358;     197 
10; 1558;     186 
10; 1758;     197 
10; 1958;     191 
10; 2158;     174 
10; 2358;     187 
10; 2558;     191 
10; 2758;     172 
10; 2958;     179 
10; 3158;     186 
10; 3358;     142 
10; 3557;     180 
10; 3757;     208 
10; 3957;     191 
10; 4157;     222 
10; 4357;     208 
10; 4557;     205 
10; 4757;     218 
10; 4957;     240 
10; 5157;     234 
10; 5357;     226 
10; 5557;     234 
10; 5757;     233 
10; 5956;     246 
10; 6156;     223 
10; 6356;     227 
10; 6556;     239 
10; 6756;     211 
10; 6956;     196 
10; 7156;     206 
10; 7356;     203 
10; 7556;     198 
10; 7756;     189 
10; 7956;     190 
10; 8156;     206 
10; 8355;     195 
10; 8555;     181 
10; 8755;     217 
10; 8955;     176 
10; 9155;     160 
10; 9355;     189 
10; 9555;     181 
10; 9755;     185 
10; 9955;     170 
11; 0155;     178 
11; 0355;     164 
11; 0555;     178 
11; 0754;     184 
11; 0954;     188 
11; 1154;     175 
11; 1354;     151 
11; 1554;     172 
11; 1754;     167 
11; 1954;     145 
11; 2154;     160 
11; 2354;     174 
11; 2554;     155 
11; 2754;     178 
11; 2954;     173 
11; 3153;     165 
11; 3353;     174 
11; 3553;     167 
11; 3753;     172 
11; 3953;     165 
11; 4153;     181 
11; 4353;     145 
11; 4553;     158 
11; 4753;     155 
11; 4953;     162 
11; 5153;     179 
11; 5353;     170 
11; 5553;     161 
11; 5752;     184 
11; 5952;     196 
11; 6152;     204 
11; 6352;     233 
11; 6552;     262 
11; 6752;     276 
11; 6952;     308 
11; 7152;     327 
11; 7352;     335 
11; 7552;     334 
11; 7752;     335 
11; 7952;     339 
11; 8151;     301 
11; 8351;     276 
11; 8551;     291 
11; 8751;     243 
11; 8951;     231 
11; 9151;     221 
11; 9351;     210 
11; 9551;     205 
11; 9751;     173 
11; 9951;     143 
12; 0151;     175 
12; 0351;     187 
12; 0550;     162 
12; 0750;     184 
12; 0950;     170 
12; 1150;     146 
12; 1350;     167 
12; 1550;     157 
12; 1750;     166 
12; 1950;     151 
12; 2150;     137 
12; 2350;     131 
12; 2550;     117 
12; 2750;     150 
12; 2949;     167 
12; 3149;     147 
12; 3349;     146 
12; 3549;     139 
12; 3749;     129 
12; 3949;     155 
12; 4149;     135 
12; 4349;     114 
12; 4549;     141 
12; 4749;     159 
12; 4949;     168 
12; 5149;     168 
12; 5348;     167 
12; 5548;     174 
12; 5748;     183 
12; 5948;     215 
12; 6148;     185 
12; 6348;     185 
12; 6548;     205 
12; 6748;     192 
12; 6948;     167 
12; 7148;     190 
12; 7348;     158 
12; 7548;     135 
12; 7747;     164 
12; 7947;     144 
12; 8147;     127 
12; 8347;     121 
12; 8547;     123 
12; 8747;     126 
12; 8947;     134 
12; 9147;     131 
12; 9347;     127 
12; 9547;     147 
12; 9747;     120 
12; 9947;     123 
13; 0147;     115 
13; 0346;     127 
13; 0546;     129 
13; 0746;     136 
13; 0946;     126 
13; 1146;     121 
13; 1346;     133 
13; 1546;     122 
13; 1746;     135 
13; 1946;     142 
13; 2146;     135 
13; 2346;     108 
13; 2546;     102 
13; 2745;     123 
13; 2945;     125 
13; 3145;     122 
13; 3345;     115 
13; 3545;     111 
13; 3745;     105 
13; 3945;     102 
13; 4145;     129 
13; 4345;     104 
13; 4545;     120 
13; 4745;     136 
13; 4945;     133 
13; 5144;     126 
13; 5344;     124 
13; 5544;     119 
13; 5744;     108 
13; 5944;     122 
13; 6144;     119 
13; 6344;     115 
13; 6544;     133 
13; 6744;     103 
13; 6944;     112 
13; 7144;     116 
13; 7344;     113 
13; 7543;     126 
13; 7743;     127 
13; 7943;     127 
13; 8143;     113 
13; 8343;     127 
13; 8543;     113 
13; 8743;     116 
13; 8943;     107 
13; 9143;     101 
13; 9343;      99 
13; 9543;     123 
13; 9743;     131 
13; 9942;     137 
14; 0142;     109 
14; 0342;     130 
14; 0542;     130 
14; 0742;     158 
14; 0942;     105 
14; 1142;     123 
14; 1342;     150 
14; 1542;     127 
14; 1742;     120 
14; 1942;     119 
14; 2142;     120 
14; 2341;     138 
14; 2541;     127 
14; 2741;     133 
14; 2941;     130 
14; 3141;     145 
14; 3341;     149 
14; 3541;     170 
14; 3741;     160 
14; 3941;     188 
14; 4141;     194 
14; 4341;     189 
14; 4541;     177 
14; 4741;     198 
14; 4940;     190 
14; 5140;     195 
14; 5340;     171 
14; 5540;     163 
14; 5740;     161 
14; 5940;     174 
14; 6140;     155 
14; 6340;     130 
14; 6540;     116 
14; 6740;     110 
14; 6940;     120 
14; 7140;     123 
14; 7339;     110 
14; 7539;     124 
14; 7739;     127 
14; 7939;     129 
14; 8139;     127 
14; 8339;     105 
14; 8539;     120 
14; 8739;     131 
14; 8939;     131 
14; 9139;     109 
14; 9339;     110 
14; 9539;     129 
14; 9738;     116 
14; 9938;     121 
15; 0138;     134 
15; 0338;     116 
15; 0538;     114 
15; 0738;     107 
15; 0938;     115 
15; 1138;     122 
15; 1338;     132 
15; 1538;     128 
15; 1738;     135 
15; 1938;     140 
15; 2137;     113 
15; 2337;     135 
15; 2537;     127 
15; 2737;     115 
15; 2937;     145 
15; 3137;     139 
15; 3337;     117 
15; 3537;     119 
15; 3737;     110 
15; 3937;     143 
15; 4137;     144 
15; 4337;     116 
15; 4536;     116 
15; 4736;     133 
15; 4936;     138 
15; 5136;     131 
15; 5336;     134 
15; 5536;     125 
15; 5736;     141 
15; 5936;     117 
15; 6136;     141 
15; 6336;     111 
15; 6536;     121 
15; 6736;     137 
15; 6935;     133 
15; 7135;     124 
15; 7335;     147 
15; 7535;     131 
15; 7735;     139 
15; 7935;     155 
15; 8135;     176 
15; 8335;     195 
15; 8535;     213 
15; 8735;     298 
15; 8935;     370 
15; 9135;     500 
15; 9335;     626 
15; 9534;     831 
15; 9734;    1071 
15; 9934;    1358 
16; 0134;    1699 
16; 0334;    1957 
16; 0534;    2080 
16; 0734;    2368 
16; 0934;    2447 
16; 1134;    2503 
16; 1334;    2633 
16; 1534;    2475 
16; 1734;    2301 
16; 1933;    1928 
16; 2133;    1727 
16; 2333;    1339 
16; 2533;    1051 
16; 2733;     920 
16; 2933;     634 
16; 3133;     512 
16; 3333;     354 
16; 3533;     267 
16; 3733;     213 
16; 3933;     148 
16; 4133;     134 
16; 4332;     138 
16; 4532;     107 
16; 4732;     137 
16; 4932;      99 
16; 5132;     113 
16; 5332;     106 
16; 5532;     106 
16; 5732;     104 
16; 5932;      98 
16; 6132;     103 
16; 6332;     114 
16; 6532;     129 
16; 6731;     151 
16; 6931;     153 
16; 7131;     145 
16; 7331;     162 
16; 7531;     206 
16; 7731;     229 
16; 7931;     269 
16; 8131;     308 
16; 8331;     393 
16; 8531;     429 
16; 8731;     547 
16; 8931;     619 
16; 9130;     695 
16; 9330;     744 
16; 9530;     821 
16; 9730;     806 
16; 9930;     849 
17; 0130;     799 
17; 0330;     766 
17; 0530;     658 
17; 0730;     548 
17; 0930;     519 
17; 1130;     430 
17; 1330;     324 
17; 1529;     256 
17; 1729;     211 
17; 1929;     167 
17; 2129;     119 
17; 2329;      96 
17; 2529;      94 
17; 2729;     107 
17; 2929;      81 
17; 3129;      72 
17; 3329;      60 
17; 3529;      75 
17; 3729;      66 
17; 3929;      60 
17; 4128;      73 
17; 4328;      61 
17; 4528;      85 
17; 4728;      67 
17; 4928;      66 
17; 5128;      55 
17; 5328;      59 
17; 5528;      82 
17; 5728;      74 
17; 5928;      72 
17; 6128;      75 
17; 6328;      84 
17; 6527;      83 
17; 6727;     101 
17; 6927;      87 
17; 7127;     104 
17; 7327;     114 
17; 7527;     105 
17; 7727;      92 
17; 7927;     124 
17; 8127;     125 
17; 8327;     134 
17; 8527;     113 
17; 8727;     120 
17; 8926;     115 
17; 9126;     118 
17; 9326;     111 
17; 9526;     107 
17; 9726;      97 
17; 9926;      99 
18; 0126;      79 
18; 0326;      66 
18; 0526;      89 
18; 0726;      85 
18; 0926;      80 
18; 1126;      72 
18; 1325;      70 
18; 1525;      56 
18; 1725;      84 
18; 1925;      72 
18; 2125;      56 
18; 2325;      65 
18; 2525;      65 
18; 2725;      77 
18; 2925;      83 
18; 3125;      60 
18; 3325;      74 
18; 3525;      82 
18; 3724;      74 
18; 3924;      75 
18; 4124;      91 
18; 4324;      79 
18; 4524;      96 
18; 4724;      87 
18; 4924;      84 
18; 5124;      95 
18; 5324;      85 
18; 5524;      76 
18; 5724;      92 
18; 5924;      91 
18; 6123;      98 
18; 6323;     104 
18; 6523;     121 
18; 6723;     112 
18; 6923;     120 
18; 7123;      97 
18; 7323;     115 
18; 7523;     116 
18; 7723;     121 
18; 7923;     121 
18; 8123;     147 
18; 8323;     123 
18; 8523;     126 
18; 8722;     143 
18; 8922;     139 
18; 9122;     158 
18; 9322;     161 
18; 9522;     161 
18; 9722;     158 
18; 9922;     155 
19; 0122;     156 
19; 0322;     163 
19; 0522;     149 
19; 0722;     175 
19; 0922;     157 
19; 1121;     145 
19; 1321;     168 
19; 1521;     154 
19; 1721;     161 
19; 1921;     150 
19; 2121;     160 
19; 2321;     134 
19; 2521;     145 
19; 2721;     126 
19; 2921;     135 
19; 3121;     117 
19; 3321;     127 
19; 3520;     115 
19; 3720;     114 
19; 3920;     110 
19; 4120;     112 
19; 4320;     113 
19; 4520;      89 
19; 4720;      95 
19; 4920;      85 
19; 5120;      79 
19; 5320;      89 
19; 5520;      76 
19; 5720;      78 
19; 5919;      74 
19; 6119;      71 
19; 6319;      67 
19; 6519;      78 
19; 6719;      66 
19; 6919;      72 
19; 7119;      70 
19; 7319;      88 
19; 7519;      72 
19; 7719;      60 
19; 7919;      63 
19; 8119;      75 
19; 8318;      55 
19; 8518;      59 
19; 8718;      62 
19; 8918;      58 
19; 9118;      79 
19; 9318;      74 
19; 9518;      88 
19; 9718;      98 
19; 9918;     110 
20; 0118;     130 
20; 0318;     164 
20; 0518;     130 
20; 0717;     162 
20; 0917;     165 
20; 1117;     162 
20; 1317;     192 
20; 1517;     195 
20; 1717;     203 
20; 1917;     216 
20; 2117;     211 
20; 2317;     183 
20; 2517;     212 
20; 2717;     154 
20; 2917;     160 
20; 3117;     159 
20; 3316;     145 
20; 3516;     128 
20; 3716;     116 
20; 3916;      95 
20; 4116;      73 
20; 4316;      69 
20; 4516;      58 
20; 4716;      56 
20; 4916;      45 
20; 5116;      49 
20; 5316;      51 
20; 5516;      46 
20; 5715;      48 
20; 5915;      37 
20; 6115;      45 
20; 6315;      38 
20; 6515;      32 
20; 6715;      47 
20; 6915;      42 
20; 7115;      38 
20; 7315;      41 
20; 7515;      48 
20; 7715;      39 
20; 7915;      35 
20; 8114;      52 
20; 8314;      53 
20; 8514;      44 
20; 8714;      55 
20; 8914;      58 
20; 9114;      52 
20; 9314;      55 
20; 9514;      60 
20; 9714;      61 
20; 9914;      52 
21; 0114;      70 
21; 0314;      74 
21; 0513;      62 
21; 0713;      77 
21; 0913;      66 
21; 1113;      78 
21; 1313;      85 
21; 1513;      67 
21; 1713;      71 
21; 1913;      80 
21; 2113;      67 
21; 2313;      78 
21; 2513;      79 
21; 2713;      64 
21; 2912;      76 
21; 3112;      65 
21; 3312;      54 
21; 3512;      64 
21; 3712;      57 
21; 3912;      51 
21; 4112;      52 
21; 4312;      58 
21; 4512;      51 
21; 4712;      52 
21; 4912;      49 
21; 5112;      51 
21; 5311;      57 
21; 5511;      56 
21; 5711;      40 
21; 5911;      55 
21; 6111;      48 
21; 6311;      39 
21; 6511;      46 
21; 6711;      42 
21; 6911;      33 
21; 7111;      50 
21; 7311;      45 
21; 7511;      40 
21; 7711;      47 
21; 7910;      58 
21; 8110;      41 
21; 8310;      46 
21; 8510;      51 
21; 8710;      45 
21; 8910;      43 
21; 9110;      45 
21; 9310;      40 
21; 9510;      45 
21; 9710;      37 
21; 9910;      70 
22; 0110;      44 
22; 0309;      54 
22; 0509;      58 
22; 0709;      52 
22; 0909;      57 
22; 1109;      55 
22; 1309;      59 
22; 1509;      59 
22; 1709;      54 
22; 1909;      58 
22; 2109;      37 
22; 2309;      48 
22; 2509;      44 
22; 2708;      46 
22; 2908;      58 
22; 3108;      47 
22; 3308;      37 
22; 3508;      34 
22; 3708;      37 
22; 3908;      40 
22; 4108;      36 
22; 4308;      45 
22; 4508;      39 
22; 4708;      34 
22; 4908;      33 
22; 5107;      30 
22; 5307;      37 
22; 5507;      36 
22; 5707;      41 
22; 5907;      52 
22; 6107;      48 
22; 6307;      52 
22; 6507;      50 
22; 6707;      50 
22; 6907;      52 
22; 7107;      57 
22; 7307;      49 
22; 7506;      65 
22; 7706;      48 
22; 7906;      56 
22; 8106;      57 
22; 8306;      57 
22; 8506;      50 
22; 8706;      44 
22; 8906;      31 
22; 9106;      30 
22; 9306;      39 
22; 9506;      44 
22; 9706;      32 
22; 9906;      25 
23; 0105;      32 
23; 0305;      30 
23; 0505;      29 
23; 0705;      32 
23; 0905;      40 
23; 1105;      30 
23; 1305;      17 
23; 1505;      28 
23; 1705;      35 
23; 1905;      36 
23; 2105;      35 
23; 2305;      31 
23; 2504;      31 
23; 2704;      28 
23; 2904;      18 
23; 3104;      33 
23; 3304;      32 
23; 3504;      34 
23; 3704;      31 
23; 3904;      31 
23; 4104;      22 
23; 4304;      31 
23; 4504;      29 
23; 4704;      27 
23; 4903;      26 
23; 5103;      25 
23; 5303;      23 
23; 5503;      22 
23; 5703;      28 
23; 5903;      30 
23; 6103;      25 
23; 6303;      22 
23; 6503;      32 
23; 6703;      26 
23; 6903;      21 
23; 7103;      35 
23; 7302;      33 
23; 7502;      21 
23; 7702;      26 
23; 7902;      29 
23; 8102;      24 
23; 8302;      31 
23; 8502;      28 
23; 8702;      27 
23; 8902;      28 
23; 9102;      37 
23; 9302;      28 
23; 9502;      32 
23; 9701;      25 
23; 9901;      29 
24; 0101;      25 
24; 0301;      36 
24; 0501;      41 
24; 0701;      38 
24; 0901;      35 
24; 1101;      31 
24; 1301;      49 
24; 1501;      41 
24; 1701;      43 
24; 1901;      49 
24; 2100;      31 
24; 2300;      39 
24; 2500;      33 
24; 2700;      41 
24; 2900;      38 
24; 3100;      23 
24; 3300;      21 
24; 3500;      33 
24; 3700;      34 
24; 3900;      20 
24; 4100;      32 
24; 4300;      18 
24; 4500;      23 
24; 4699;      24 
24; 4899;      27 
24; 5099;      16 
24; 5299;      27 
24; 5499;      29 
24; 5699;      28 
24; 5899;      19 
24; 6099;      19 
24; 6299;      27 
24; 6499;      26 
24; 6699;      14 
24; 6899;      26 
24; 7098;      18 
24; 7298;      21 
24; 7498;      13 
24; 7698;      17 
24; 7898;      28 
24; 8098;      24 
24; 8298;      33 
24; 8498;      30 
24; 8698;      36 
24; 8898;      25 
24; 9098;      28 
24; 9298;      36 
24; 9497;      35 
24; 9697;      26 
24; 9897;      30 
25; 0097;      32 
25; 0297;      30 
25; 0497;      27 
25; 0697;      28 
25; 0897;      23 
25; 1097;      27 
25; 1297;      37 
25; 1497;      34 
25; 1697;      16 
25; 1896;      19 
25; 2096;      21 
25; 2296;      27 
25; 2496;      26 
25; 2696;      32 
25; 2896;      15 
25; 3096;      21 
25; 3296;      22 
25; 3496;      24 
25; 3696;      16 
25; 3896;      17 
25; 4096;      16 
25; 4295;      26 
25; 4495;      18 
25; 4695;      14 
25; 4895;      20 
25; 5095;      14 
25; 5295;      18 
25; 5495;      20 
25; 5695;      21 
25; 5895;      18 
25; 6095;      24 
25; 6295;      24 
25; 6495;      23 
25; 6694;      17 
25; 6894;      24 
25; 7094;      22 
25; 7294;      14 
25; 7494;      16 
25; 7694;      25 
25; 7894;      21 
25; 8094;       8 
25; 8294;      15 
25; 8494;      20 
25; 8694;      25 
25; 8894;      20 
25; 9094;      25 
25; 9293;      24 
25; 9493;      16 
25; 9693;      17 
25; 9893;      26 
26; 0093;      33 
26; 0293;      27 
26; 0493;      33 
26; 0693;      36 
26; 0893;      43 
26; 1093;      32 
26; 1293;      36 
26; 1493;      50 
26; 1692;      36 
26; 1892;      30 
26; 2092;      41 
26; 2292;      54 
26; 2492;      46 
26; 2692;      44 
26; 2892;      55 
26; 3092;      53 
26; 3292;      36 
26; 3492;      36 
26; 3692;      49 
26; 3892;      37 
26; 4091;      41 
26; 4291;      42 
26; 4491;      32 
26; 4691;      32 
26; 4891;      27 
26; 5091;      26 
26; 5291;      30 
26; 5491;      31 
26; 5691;      15 
26; 5891;      23 
26; 6091;      21 
26; 6291;      18 
26; 6490;      23 
26; 6690;      16 
26; 6890;      20 
26; 7090;      19 
26; 7290;      20 
26; 7490;      16 
26; 7690;      13 
26; 7890;      22 
26; 8090;      28 
26; 8290;      22 
26; 8490;      21 
26; 8690;      17 
26; 8889;      13 
26; 9089;      10 
26; 9289;      15 
26; 9489;      21 
26; 9689;      25 
26; 9889;      17 
27; 0089;      16 
27; 0289;       8 
27; 0489;      21 
27; 0689;      15 
27; 0889;      12 
27; 1089;      16 
27; 1288;      17 
27; 1488;       9 
27; 1688;      22 
27; 1888;      24 
27; 2088;      18 
27; 2288;      18 
27; 2488;      26 
27; 2688;      10 
27; 2888;      22 
27; 3088;      22 
27; 3288;      12 
27; 3488;      19 
27; 3688;      19 
27; 3887;      15 
27; 4087;      13 
27; 4287;      17 
27; 4487;      19 
27; 4687;      21 
27; 4887;      16 
27; 5087;      26 
27; 5287;      15 
27; 5487;      22 
27; 5687;      16 
27; 5887;      10 
27; 6087;      17 
27; 6286;      22 
27; 6486;      15 
27; 6686;      13 
27; 6886;      13 
27; 7086;      20 
27; 7286;      20 
27; 7486;      13 
27; 7686;      12 
27; 7886;      16 
27; 8086;      19 
27; 8286;      18 
27; 8486;      12 
27; 8685;      12 
27; 8885;      21 
27; 9085;      12 
27; 9285;      16 
27; 9485;      11 
27; 9685;      14 
27; 9885;      15 
28; 0085;       9 
28; 0285;      17 
28; 0485;      16 
28; 0685;      18 
28; 0885;      11 
28; 1084;       9 
28; 1284;      12 
28; 1484;      13 
28; 1684;      15 
28; 1884;      22 
28; 2084;      16 
28; 2284;      18 
28; 2484;      17 
28; 2684;      20 
28; 2884;      14 
28; 3084;      11 
28; 3284;      13 
28; 3483;      20 
28; 3683;      15 
28; 3883;      19 
28; 4083;      20 
28; 4283;      15 
28; 4483;      17 
28; 4683;      17 
28; 4883;      17 
28; 5083;      12 
28; 5283;       8 
28; 5483;      15 
28; 5683;       8 
28; 5882;       8 
28; 6082;       8 
28; 6282;      14 
28; 6482;       8 
28; 6682;      17 
28; 6882;      15 
28; 7082;      11 
28; 7282;      11 
28; 7482;       9 
28; 7682;      14 
28; 7882;      13 
28; 8082;       9 
28; 8282;       8 
28; 8481;      13 
28; 8681;      10 
28; 8881;      12 
28; 9081;      14 
28; 9281;      19 
28; 9481;      15 
28; 9681;      14 
28; 9881;       9 
29; 0081;      14 
29; 0281;      13 
29; 0481;      12 
29; 0681;      14 
29; 0880;      12 
29; 1080;       6 
29; 1280;       8 
29; 1480;      16 
29; 1680;      10 
29; 1880;      10 
29; 2080;      11 
29; 2280;      12 
29; 2480;      20 
29; 2680;      14 
29; 2880;      10 
29; 3080;      12 
29; 3279;      15 
29; 3479;      11 
29; 3679;      15 
29; 3879;      13 
29; 4079;      10 
29; 4279;      16 
29; 4479;       5 
29; 4679;      10 
29; 4879;       6 
29; 5079;      14 
29; 5279;       8 
29; 5479;      13 
29; 5678;      11 
29; 5878;      10 
29; 6078;      18 
29; 6278;      11 
29; 6478;      14 
29; 6678;      20 
29; 6878;      26 
29; 7078;       6 
29; 7278;      14 
29; 7478;      12 
29; 7678;      24 
29; 7878;      14 
29; 8077;      10 
29; 8277;      12 
29; 8477;       9 
29; 8677;      13 
29; 8877;       8 
29; 9077;      17 
29; 9277;      17 
29; 9477;      14 
29; 9677;      16 
29; 9877;      12 
30; 0077;       7 
30; 0277;       9 
30; 0476;      11 
30; 0676;       8 
30; 0876;       7 
30; 1076;       8 
30; 1276;       8 
30; 1476;       3 
30; 1676;      13 
30; 1876;      10 
30; 2076;      13 
30; 2276;       9 
30; 2476;       4 
30; 2676;       9 
30; 2876;      10 
30; 3075;      10 
30; 3275;      10 
30; 3475;      12 
30; 3675;      10 
30; 3875;       4 
30; 4075;      13 
30; 4275;      13 
30; 4475;       8 
30; 4675;      18 
30; 4875;      12 
30; 5075;       9 
30; 5275;       9 
30; 5474;       7 
30; 5674;       7 
30; 5874;       4 
30; 6074;       7 
30; 6274;       9 
30; 6474;      12 
30; 6674;      10 
30; 6874;      11 
30; 7074;      11 
30; 7274;      11 
30; 7474;       3 
30; 7674;       8 
30; 7873;      14 
30; 8073;      10 
30; 8273;       8 
30; 8473;       7 
30; 8673;       6 
30; 8873;       4 
30; 9073;       7 
30; 9273;      13 
30; 9473;      11 
30; 9673;      12 
30; 9873;       6 
31; 0073;       3 
31; 0272;       8 
31; 0472;      10 
31; 0672;       9 
31; 0872;      12 
31; 1072;       8 
31; 1272;       9 
31; 1472;       8 
31; 1672;       9 
31; 1872;       7 
31; 2072;       7 
31; 2272;       5 
31; 2472;       6 
31; 2671;       6 
31; 2871;       6 
31; 3071;       4 
31; 3271;       4 
31; 3471;       6 
31; 3671;       9 
31; 3871;       5 
31; 4071;       4 
31; 4271;       7 
31; 4471;       6 
31; 4671;       6 
31; 4871;       4 
31; 5070;       6 
31; 5270;       4 
31; 5470;       6 
31; 5670;       5 
31; 5870;       5 
31; 6070;       6 
31; 6270;       9 
31; 6470;       5 
31; 6670;       3 
31; 6870;       6 
31; 7070;       8 
31; 7270;       7 
31; 7470;       9 
31; 7669;       9 
31; 7869;       6 
31; 8069;       9 
31; 8269;       5 
31; 8469;       7 
31; 8669;       1 
31; 8869;       6 
31; 9069;       9 
31; 9269;       7 
31; 9469;       7 
31; 9669;       4 
31; 9869;       5 
32; 0068;       2 
32; 0268;       6 
32; 0468;       9 
32; 0668;       8 
32; 0868;       8 
32; 1068;       5 
32; 1268;       7 
32; 1468;       5 
32; 1668;       9 
32; 1868;       5 
32; 2068;       9 
32; 2268;       5 
32; 2467;       7 
32; 2667;       3 
32; 2867;       3 
32; 3067;       5 
32; 3267;       4 
32; 3467;       3 
32; 3667;       5 
32; 3867;       3 
32; 4067;       2 
32; 4267;       4 
32; 4467;       6 
32; 4667;       3 
32; 4866;       6 
32; 5066;       7 
32; 5266;       7 
32; 5466;       6 
32; 5666;       6 
32; 5866;       4 
32; 6066;       8 
32; 6266;       2 
32; 6466;      10 
32; 6666;       7 
32; 6866;       4 
32; 7066;       3 
32; 7265;       2 
32; 7465;       2 
32; 7665;       3 
32; 7865;       7 
32; 8065;       8 
32; 8265;       5 
32; 8465;       6 
32; 8665;       0 
32; 8865;       3 
32; 9065;       3 
32; 9265;       1 
32; 9465;       3 
32; 9664;       3 
32; 9864;       5 
33; 0064;       5 
33; 0264;       4 
33; 0464;       4 
33; 0664;       7 
33; 0864;       6 
33; 1064;       3 
33; 1264;       3 
33; 1464;       8 
33; 1664;       4 
33; 1864;       3 
33; 2064;       5 
33; 2263;       9 
33; 2463;       0 
33; 2663;       7 
33; 2863;       3 
33; 3063;       3 
33; 3263;       5 
33; 3463;       9 
33; 3663;       5 
33; 3863;       4 
33; 4063;       5 
33; 4263;       7 
33; 4463;       4 
33; 4662;       7 
33; 4862;       4 
33; 5062;       4 
33; 5262;       3 
33; 5462;       3 
33; 5662;       2 
33; 5862;       4 
33; 6062;       6 
33; 6262;       1 
33; 6462;       4 
33; 6662;       8 
33; 6862;       3 
33; 7061;       4 
33; 7261;       3 
33; 7461;       3 
33; 7661;       7 
33; 7861;       3 
33; 8061;       4 
33; 8261;       3 
33; 8461;       1 
33; 8661;       3 
33; 8861;       3 
33; 9061;       4 
33; 9261;       3 
33; 9460;       3 
33; 9660;       1 
33; 9860;       2 
34; 0060;       3 
34; 0260;       4 
34; 0460;       2 
34; 0660;       3 
34; 0860;       2 
34; 1060;       3 
34; 1260;       3 
34; 1460;       3 
34; 1660;       4 
34; 1859;       3 
34; 2059;       5 
34; 2259;       1 
34; 2459;       5 
34; 2659;       5 
34; 2859;       4 
34; 3059;       1 
34; 3259;       3 
34; 3459;       2 
34; 3659;       4 
34; 3859;       7 
34; 4059;       3 
34; 4258;       2 
34; 4458;       4 
34; 4658;       4 
34; 4858;       3 
34; 5058;       0 
34; 5258;       4 
34; 5458;       1 
34; 5658;       2 
34; 5858;       3 
34; 6058;       2 
34; 6258;       1 
34; 6458;       0 
34; 6658;       1 
34; 6857;       2 
34; 7057;       5 
34; 7257;       2 
34; 7457;       3 
34; 7657;       3 
34; 7857;       3 
34; 8057;       3 
34; 8257;       1 
34; 8457;       2 
34; 8657;       0 
34; 8857;       4 
34; 9057;       2 
34; 9256;       4 
34; 9456;       4 
34; 9656;       1 
34; 9856;       0 
35; 0056;       3 
35; 0256;       3 
35; 0456;       3 
35; 0656;       0 
35; 0856;       2 
35; 1056;       3 
35; 1256;       1 
35; 1456;       6 
35; 1655;       2 
35; 1855;       1 
35; 2055;       2 
35; 2255;       1 
35; 2455;       3 
35; 2655;       2 
35; 2855;       3 
35; 3055;       2 
35; 3255;       2 
35; 3455;       3 
35; 3655;       1 
35; 3855;       1 
35; 4054;       0 
35; 4254;       1 
35; 4454;       1 
35; 4654;       2 
35; 4854;       1 
35; 5054;       5 
35; 5254;       2 
35; 5454;       1 
35; 5654;       1 
35; 5854;       1 
35; 6054;       2 
35; 6254;       2 
35; 6453;       5 
35; 6653;       1 
35; 6853;       3 
35; 7053;       1 
35; 7253;       3 
35; 7453;       0 
35; 7653;       2 
35; 7853;       0 
35; 8053;       0 
35; 8253;       0 
35; 8453;       1 
35; 8653;       2 
35; 8852;       2 
35; 9052;       3 
35; 9252;       3 
35; 9452;       1 
35; 9652;       0 
35; 9852;       1 
36; 0052;       1 
36; 0252;       2 
36; 0452;       1 
36; 0652;       3 
36; 0852;       2 
36; 1052;       2 
36; 1252;       2 
36; 1451;       2 
36; 1651;       0 
36; 1851;       0 
36; 2051;       0 
36; 2251;       1 
36; 2451;       0 
36; 2651;       1 
36; 2851;       2 
36; 3051;       0 
36; 3251;       0 
36; 3451;       0 
36; 3651;       0 
36; 3850;       3 
36; 4050;       0 
36; 4250;       1 
36; 4450;       2 
36; 4650;       1 
36; 4850;       1 
36; 5050;       1 
36; 5250;       0 
36; 5450;       1 
36; 5650;       2 
36; 5850;       2 
36; 6050;       2 
36; 6249;       3 
36; 6449;       0 
36; 6649;       2 
36; 6849;       1 
36; 7049;       1 
36; 7249;       0 
36; 7449;       0 
36; 7649;       0 
36; 7849;       0 
36; 8049;       2 
36; 8249;       1 
36; 8449;       1 
36; 8648;       1 
36; 8848;       1 
36; 9048;       0 
36; 9248;       1 
36; 9448;       0 
36; 9648;       0 
36; 9848;       2 
37; 0048;       0 
37; 0248;       0 
37; 0448;       1 
37; 0648;       1 
37; 0848;       1 
37; 1047;       1 
37; 1247;       1 
37; 1447;       0 
37; 1647;       0 
37; 1847;       2 
37; 2047;       2 
37; 2247;       0 
37; 2447;       3 
37; 2647;       0 
37; 2847;       0 
37; 3047;       0 
37; 3247;       0 
37; 3446;       0 
37; 3646;       0 
37; 3846;       0 
37; 4046;       0 
37; 4246;       0 
37; 4446;       1 
37; 4646;       0 
37; 4846;       2 
37; 5046;       0 
37; 5246;       0 
37; 5446;       0 
37; 5646;       0 
37; 5846;       1 
37; 6045;       1 
37; 6245;       0 
37; 6445;       0 
37; 6645;       0 
37; 6845;       1 
37; 7045;       1 
37; 7245;       2 
37; 7445;       0 
37; 7645;       1 
37; 7845;       0 
37; 8045;       3 
37; 8245;       1 
37; 8444;       0 
37; 8644;       0 
37; 8844;       0 
37; 9044;       0 
37; 9244;       2 
37; 9444;       0 
37; 9644;       1 
37; 9844;       1 
38; 0044;       1 
38; 0244;       2 
38; 0444;       0 
38; 0644;       1 
38; 0843;       0 
38; 1043;       0 
38; 1243;       1 
38; 1443;       1 
38; 1643;       3 
38; 1843;       0 
38; 2043;       0 
38; 2243;       1 
38; 2443;       1 
38; 2643;       1 
38; 2843;       0 
38; 3043;       0 
38; 3242;       0 
38; 3442;       2 
38; 3642;       2 
38; 3842;       0 
38; 4042;       1 
38; 4242;       0 
38; 4442;       0 
38; 4642;       0 
38; 4842;       2 
38; 5042;       2 
38; 5242;       0 
38; 5442;       1 
38; 5641;       0 
38; 5841;       1 
38; 6041;       0 
38; 6241;       0 
38; 6441;       1 
38; 6641;       0 
38; 6841;       0 
38; 7041;       0 
38; 7241;       0 
38; 7441;       1 
38; 7641;       0 
38; 7841;       0 
38; 8041;       0 
38; 8240;       0 
38; 8440;       0 
38; 8640;       0 
38; 8840;       0 
38; 9040;       0 
38; 9240;       0 
38; 9440;       0 
38; 9640;       1 
38; 9840;       0 
39; 0040;       1 
39; 0240;       0 
39; 0440;       0 
39; 0639;       0 
39; 0839;       0 
39; 1039;       0 
39; 1239;       0 
39; 1439;       0 
39; 1639;       1 
39; 1839;       0 
39; 2039;       1 
39; 2239;       0 
39; 2439;       0 
39; 2639;       1 
39; 2839;       2 
39; 3038;       0 
39; 3238;       0 
39; 3438;       0 
39; 3638;       1 
39; 3838;       0 
39; 4038;       0 
39; 4238;       0 
39; 4438;       0 
39; 4638;       0 
39; 4838;       0 
39; 5038;       0 
39; 5238;       0 
39; 5437;       1 
39; 5637;       0 
39; 5837;       0 
39; 6037;       0 
39; 6237;       0 
39; 6437;       0 
39; 6637;       0 
39; 6837;       0 
39; 7037;       0 
39; 7237;       1 
39; 7437;       1 
39; 7637;       0 
39; 7836;       0 
39; 8036;       0 
39; 8236;       0 
39; 8436;       0 
39; 8636;       0 
39; 8836;       0 
39; 9036;       0 
39; 9236;       1 
39; 9436;       0 
39; 9636;       0 
39; 9836;       1 
40; 0036;       0 
40; 0235;       0 
40; 0435;       0 
40; 0635;       0 
40; 0835;       0 
40; 1035;       0 
40; 1235;       0 
40; 1435;       0 
40; 1635;       0 
40; 1835;       1 
40; 2035;       0 
40; 2235;       0 
40; 2435;       1 
40; 2635;       0 
40; 2834;       1 
40; 3034;       0 
40; 3234;       1 
40; 3434;       0 
40; 3634;       0 
40; 3834;       1 
40; 4034;       0 
40; 4234;       0 
40; 4434;       0 
40; 4634;       0 
40; 4834;       0 
40; 5034;       0 
40; 5233;       0 
40; 5433;       0 
40; 5633;       0 
40; 5833;       0 
40; 6033;       0 
40; 6233;       1 
40; 6433;       0 
40; 6633;       0 
40; 6833;       1 
40; 7033;       0 
40; 7233;       0 
40; 7433;       0 
40; 7632;       0 
40; 7832;       0 
40; 8032;       0 
40; 8232;       0 
40; 8432;       0 
40; 8632;       0 
40; 8832;       0 
40; 9032;       0 
40; 9232;       0 
